##1240724847338143744##
1240724871379910656
##1240728437754560514##
1240835264269991939
##1240684514898132992##
1240749969897926657
1265628283862949888
##1240773293659095047##
1240773780785545219
1240773893784297474
1240774052471607299
1240774285171580930
1240774388514840576
1240774408635113478
1240774648142401541
1240774796222312450
1240776015548493825
1240783924407697410
1240786836332699648
1240788017704558598
1240788138030661633
1240788176769294341
1240788837049208834
1240788961641074688
1240793042132631554
1240794413951000577
1240795293278494721
1240798590504747008
1240802149891805187
1240816005510836224
1240819288472260609
1240821816769130497
1240827833104109568
1240847618160427008
1240979939593240578
1241027781569458176
1241321698005331968
##1240649757275631620##
1240694072089513987
##1240656512588091392##
1240668917930098690
1240671415466184712
##1240663397915557888##
1240664922499022848
1240710264137207808
1240851873697009667
##1240672017050767361##
1240672530601566208
1240672931363065856
##1240674869563490305##
1240782358380511233
1256526028190728193
##1240698405166256129##
1240698904108130304
1240700050470137857
1240709645502754819
##1240701368563712000##
1265631526764662785
##1240702975414169600##
1240703038433767424
1240703942448693248
1240704052381409281
1240720891169947649
1240721002876882946
1240721468788551680
1240721626385256448
1240722584288874498
1240722793135824898
1240722807937433607
1240723135978254336
1240723180651794433
1240723691257856001
1240728392653312002
1240738738965225473
1240853557424852993
1240905014794686464
1240905092309581824
1240905292424118272
1240905585677275138
1240906517873860608
1240913297085472768
1240914260777218051
1240917096864899075
1240919572187938817
1240921914673188864
1240936529104703491
1240936673384554496
1240937376660230150
1240937407844888577
1240947766815326208
1240948037050077184
1240948725188567041
1240949211077718016
1240949570315726849
1240949646182232065
1240950439971094529
1240956669611384832
1240959145815277568
1240961182464434177
1240962217685782528
1241012855098531840
1241044973879021572
1241047916204175360
1241052943094370304
1241062645198921735
1241064372987969537
1241106462140764164
1243119214958972933
1243120029996023808
1243120593412730880
1243129495537811458
1243135046476795905
1243211829473685507
1243213442049347594
1243213754445201415
1243213991981264896
1243216809819594752
1243218919843864577
1243219080208924675
1243222326675636229
1243224724878090240
1243225482100969473
1243226760017313803
1243236913450045441
1243238367711711237
1243238385243873281
1243248464290594816
1243249212441100291
1243249535784288257
1243249574636146690
1243250608439730182
1243252197975928833
1243255735217278978
1243446441575616513
1243446695175827456
1243446837320744960
1243447133413560321
1243448693816205312
1243478735174733824
1243489028621635585
1243489516851167234
1243489819742875648
1243490624998866948
1243492259842138114
1243495138095247360
1243521198207766529
1243521551502381057
1243582148138995712
1243582795533950978
1243582845496381440
1243582930049544195
1243582996864737283
1243586486248800258
1243590778376597505
1243614877446479878
1243615806136745989
1243617675273797633
1243618102753009664
1243802266005581824
1243804063273234432
1243804590103035904
1243806348724383745
1243855552565981184
1243857945600962560
1243858168310005760
1243858822118203394
1243976418452811778
1243976494285815808
1243978468091736066
1244170369864474624
1244170602975543296
1244203748605538309
1244204658412777472
1244323605414121475
1244329239551361031
1244534896812580864
1244534948872290307
1244642074860847104
1244660165049307136
1244660437511217152
1244661141856452610
1244661730229268481
1244662431823134721
1244671161251835908
1244885990277292032
1244886998520905733
1244887033983700992
1244887557919444993
1244909311249256448
1244991179097354241
1244995087165243392
1245063718737674240
1245066054839263234
1245066395848769536
1245072119010078723
1245263484276871169
1245263567634542592
1245285318909210624
1245407239311101952
1245418060191797253
1245628440281145346
1245629946422161408
1245634396964569092
1245662771481632769
1245697936660578304
1245765124562063361
1246009334955474944
1246010752357543937
1246871525652869120
1247122108288839681
1247462423214403585
1247580032702263297
1247603690728558593
1247604396541820930
1247617071963426818
1247842582979383297
1247871688626315264
1247884956065382402
1248245353612115969
1248557149736906752
1248566820610727937
1248665681777868802
1249025555942576128
1249037695248105473
1249612331576934400
1249653258903265282
1249655403220172803
1249655703570190336
1249655730686345217
1249760762421280773
1249970569996615681
1250345524332392451
1250888826005970957
1251214290415161346
1252544427786199040
1253401836666720263
1254358490224693249
1254851051859124225
1255613822632701954
1256694565651783680
1257212874138796032
1257546339686199298
1257936096673124352
1258145606247370754
1264500184215666690
##1240759135668441090##
1240759330611376135
1240759569346785281
1240760083392409606
1240762748620898309
1240810092297101312
1240846662953771008
1240911165993222144
##1240776221442682893##
1240781793202180098
##1240776386576605184##
1240789581802409987
1240791861008138243
1240811228563419140
##1240777901903052800##
1240778120699019266
1240795043599958016
1240796219464704000
1240797553001738242
1240812449902854145
1240829020616474625
1241158503319945216
##1241141215950770178##
1241155556880121857
1241198004570337282
1241202797099528193
1241226138783006721
1241240526961152005
1241241455626256384
1241246742173159424
1241249756799696897
1241274717677465601
1241283584092254208
1241285613191663616
1241315685688578048
1241316395884797953
1241318895455174657
1241322042043097094
1241326247810138114
1241333359072219136
1241336024980209664
1241336933764268032
1241398450455019527
1241405224616628224
1241408406579228673
1241423455498747905
1241432353479811077
1241452025407299585
1241455666457448449
1241481741103181824
1241488596697309190
1241642886250344449
1242042288651591682
##1240656808114630659##
1240728631682482184
1240734877475057675
1240782825852481536
1240987773676421120
##1240677512293822465##
1240948861490864128
##1240775155716100096##
1240815988192526339
##1240778256376369158##
1240778936981819396
1265505650869665800
##1240782255280336898##
1240783063296196610
1240783391454302217
1240786290867609602
1240791544938008581
1240793510292402177
1240800039527747584
1240808059657732099
1240814128471687169
1240822044167634945
1240822475036012544
1240822883594665987
1240833681033322496
1240833952618819589
1240873951913545730
1240874687674167301
1240895929051480064
1240896542602600448
1240901707044970497
1240907787611275265
1240915026157985794
1240919357351485441
1240926721945358337
1240929320530477058
1240934990424276992
1240990365584367617
1241002154984443905
