##1231930447883620352##
1231933456323575816
1231956497816571905
1232023981387079681
##1240361018917883904##
1240361386888376328
1240361800778092544
1240371214784303109
1240383812883959814
1240427807139926017
1240509770534191104
1240527148160598017
1240534537932767232
1240553702563418112
##1240562387717160962##
1240757302917058567
1242368426519257088
##1244685926233759745##
1244686438454775808
1244686497896423425
1244686562140528641
1244686801345929224
1244686959081070592
1244687634510864384
1244689323250855937
1244689940035878914
1244692444358328321
1244703985124151296
1244724911022788608
1244725491908726784
1244741531992547336
1244749995120738306
1244805830953893888
1244819964244131842
1244922168946896898
1244923224820940800
1244954611582226434
##1235277867744976896##
1235311742173016066
1235461416884330496
1235508206274834433
##1236758978371215361##
1237090138599145473
1237115288233140225
1237161732348481537
1237275268194107392
1237275664002269185
1237336081126895616
1237342554758230018
1237356073243287553
1237385689051717632
1237401567738855426
1237468091107459073
1237522286363602944
1238015125627514880
1244239864557719558
1244242673608908800
1244251210498150401
1244258929129017348
1244294181440364552
1244383027842691079
1244400183590498306
1244512878541058048
1244612687654510593
1244637549462683649
1244670525177241600
1244722150067625985
1244991722209378307
1245547347356024833
1245758941419749382
##1237004829240840192##
1237016194139422720
1237120518668632065
##1237254296086904837##
1237279638868709377
1237412409855348736
##1237345913296871424##
1237346160735649795
1237346202657619968
1237346359000420353
1237347330258604033
1237347412525690880
1237347862813515778
1237348089515606017
1237350898252292098
1237351687481933825
1237355611169357824
1237356050497626113
1237363845674545153
1237403884366311425
1237418528233398274
1237941029816459267
1237941328803217409
1237974155720560641
##1237457859807412224##
1237457895412969480
1237458210489057282
1237458677222772738
1237589047670788099
##1238964374859022337##
1238965479647203330
1239018081227325440
1239318858860822529
1239695068149288960
