##1245757342261673991##
1245758975624261632
1245762536731000833
1245904173226393600
1245943035537633280
1248067680504086528
1249660616446541825
##1246837267504812033##
1248662092808404993
##1246080971285434370##
1247068282991099904
1247101502776320000
##1246303109997113345##
1246335079510609920
##1246879513000148993##
1246884022522990596
1246884596089851904
##1249679088102539264##
1249821639438675969
##1249794486449782784##
1249796601222225921
1249875525159596034
##1249807786982232065##
1249815937114570754
##1251273029054857216##
1251273373344120832
1251347362926206978
##1252699606301003776##
1252699960619008003
1252700246817333248
1252700703014912002
1252707690448588803
1252714238759616517
1252716432808448001
1252786281865715714
##1253413197744205826##
1253415420251344902
##1254441562299346945##
1254448435220156417
1254497441367425024
##1255518551307403265##
1255518896788045824
1255524909733871616
1255531293179359232
##1245780519373156357##
1245781061667299329
1245781276927418368
1245781370363838467
1245798781309915136
1245814029253259271
1245814309038501896
1246037476503891968
1246185068143480832
1246426341731418112
1246736144106217473
1246750546888925184
##1246086887099506688##
1246087363857723392
1246106847259643905
##1246884490368204801##
1246890018578280453
##1246912602858491906##
1246913788995088385
1246914550638809088
1246916707664433152
1246917842408214530
1247752541586124800
##1246913033571573761##
1246921177395838976
1246928192788709378
1247115946608734208
##1247240659905503234##
1247240779774464000
1247241247762374657
1247241670862741504
1247242107284262912
1247248607629230082
1247889697038188545
1248899880011120641
##1248967573917577219##
1248975310277795846
1248975946608246784
##1248981786048311299##
1248987808963923968
##1249014112715227136##
1249032461000101895
1249792686917328898
##1249089214442024960##
1249094490767458304
##1249793584246804490##
1249889571439026178
1251277150197616642
##1250115396822327298##
1250121414578974721
1250121430764789769
