##1251621477285335040##
1251621529143726081
1251621637457313793
1251621712048816128
1251621713021976581
1251621715752484865
1251621808123641857
1251622075388829707
1251622100277886977
1251622192703561731
1251622230703910912
1251622379555602435
1251622389366095872
1251622595977457665
1251622622019928066
1251622747647741955
1251622750009032704
1251622821714972674
1251622885128646658
1251623232811253761
1251623344228700160
1251623416660197377
1251623461929263104
1251623476999356416
1251623544926220289
1251623563553013762
1251623801042931713
1251623880881569793
1251624059265257472
1251624176265412608
1251624187313209344
1251624421678292997
1251624512870850560
1251624682622791680
1251625585442422787
1251625810571726848
1251626162826117120
1251626393642942464
1251626404489371650
1251626450035322883
1251626650195963905
1251626937853849601
1251627010763436034
1251627082645463044
1251627283791609859
1251627515728351232
1251627608028184576
1251627755273363462
1251627920520601602
1251628246644469760
1251628592112504833
1251628826490175497
1251629002537742336
1251629537894576133
1251629797723254786
1251630471177539585
1251630488722247681
1251630517281271813
1251630633081884674
1251630671723925505
1251631178504945668
1251631277511528450
1251631298407473152
1251631346528772096
1251631479014252544
1251632344320049153
1251632531662876672
1251632634628902916
1251634187112722432
1251634255110778880
1251634266896830464
1251634690659885058
1251634699241435136
1251634757986852865
1251635060207468547
1251635072924606465
1251635106479050754
1251635108345495552
1251635809830256640
1251635888993570819
1251636046447742977
1251636875913199617
1251636879126134787
1251637579952373760
1251637929442717697
1251637955657113600
1251638107268579330
1251638295051862016
1251638370213781504
1251638546965946371
1251639069643325445
1251639078984069122
1251639508887633923
1251639585425313799
1251639717298307072
1251639820427853829
1251640072300044288
1251640152285478920
1251640493408215041
1251640941376667654
1251641332642299904
1251641875318046725
1251642183280742402
1251642780201496576
1251642825835450377
1251643542675640322
1251644220819070983
1251644294412238849
1251644299403563008
1251644533487566854
1251645003690127366
1251645565273767936
1251645567102566401
1251645753279295488
1251645973270495232
1251646264854351872
1251646327060156416
1251647007757938688
1251647084824088577
1251647482674794499
1251647880907153409
1251648014235643907
1251648126659821569
1251648284546011141
1251648411042033669
1251648438082711554
1251649015051149313
1251650181524869120
1251650640675328002
1251650692432957440
1251650761441841153
1251650791988920326
1251650964932657152
1251651463497027584
1251651672239194113
1251651677163335685
1251652380090925061
1251652393202257920
1251652738582183936
1251653539874643969
1251653870717206528
1251655481665507328
1251655903893491713
1251656051541368832
1251656287991091200
1251656322325581824
1251657465445388291
1251657625969836032
1251657676846706688
1251658076463288322
1251658114589429762
1251658125964427265
1251658654882856961
1251660367186591745
1251660646741159938
1251660812781080578
1251660900639166471
1251661670440751106
1251661700086009856
1251662259954298883
1251662532999249923
1251662848977068033
1251663102065676291
1251663227605393411
1251663396073869318
1251665088659980288
1251665560359833600
1251665654295511040
1251665668807766016
1251665795752624128
1251666682734657536
1251667359024242689
1251667587261489153
1251667933299965953
1251668133372481536
1251668265044189184
1251668466190475265
1251669312752009228
1251669345962508291
1251669598228930566
1251670054967685127
1251670404525162496
1251670953203032065
1251671463905693696
1251672714089201664
1251672899771076612
1251674048993603591
1251675060387164160
1251675630565031936
1251676280384360448
1251676451943985152
1251677036474744839
1251678442325753856
1251678625658781702
1251678770844631040
1251678959705763841
1251679068933799936
1251679884952449024
1251680013310734342
1251680331276713985
1251680572449198080
1251680868919398403
1251681999326248960
1251682682385375233
1251682788312518656
1251682917589422080
1251683338953404420
1251686210344554503
1251686951796817921
1251687100497436673
1251687158924132353
1251687291594190853
1251688028877266944
1251688130131841024
1251688215540641794
1251688407379726337
1251688973795237890
1251690188138569728
1251690234833702918
1251690747838988288
1251690936188403717
1251692555135266816
1251693577501097988
1251693765024251904
1251693829402624007
1251694147762900992
1251694191752687617
1251694634788704256
1251695322528731139
1251695577995370496
1251696241223905281
1251697800573747200
1251698560917217282
1251700834532024322
1251701282508869632
1251701893459566592
1251702179045531648
1251702578565599233
1251703339311603712
1251703603380789254
1251704669673570305
1251705254552485888
1251705634367713283
1251707240236625926
1251707582990991360
1251708088673087488
1251708103462137857
1251708263407718400
1251708889629851649
1251708982567284738
1251709569274970112
1251709767933759488
1251710444181610497
1251711086992244736
1251712177460871168
1251713514215014402
1251714386470875136
1251715607768240129
1251716196858245121
1251716300017106944
1251716729031536645
1251717940170428416
1251718119720181763
1251719116622376960
1251719613412519939
1251719718110670849
1251720214871519232
1251720342139285504
1251720358245343232
1251721124712513537
1251721514430455808
1251722586842595329
1251722760331673600
1251723810589597698
1251726087257829379
1251726454401966080
1251727001465094144
1251727423445651457
1251727537480306688
1251727651997462529
1251727905991819264
1251729407020077058
1251730568695418880
1251730794453794816
1251731733076115457
1251731926781591552
1251732473836429315
1251732713897410560
1251733189103620097
1251733703610511364
1251734454021824513
1251734747237277697
1251735338508304386
1251735395169194000
1251737343167430661
1251737650597371906
1251737971671302148
1251739101960835072
1251739665050202113
1251739672163778560
1251739680380538882
1251740329952382976
1251740896611180544
1251741669206171649
1251742146174103552
1251742985030709253
1251743206288633856
1251744133686976514
1251744262984736768
1251744345063112704
1251744902939017219
1251745309270708225
1251745406746333184
1251745644311707649
1251745874969051137
1251746049879945217
1251746387575750656
1251746646930665472
1251747888897699840
1251748202602270720
1251748523210571776
1251749131619622918
1251749899630260230
1251750494898458624
1251751324208766976
1251751357683556353
1251751609023041537
1251753987512164352
1251754148846059522
1251754402324627456
1251756460792524810
1251756671715737601
1251757382696415232
1251758121564778496
1251758614563471361
1251758807228833792
1251758993573384193
1251759315150659585
1251759614913400833
1251760207350423552
1251760421738098688
1251760463391703041
1251760723782492161
1251760911666368512
1251763128326656000
1251763742456647680
1251764307139928067
1251764464048898048
1251764709067575298
1251765617125994498
1251765677867884544
1251765890007412738
1251766377452580864
1251766615881986048
1251767457792040962
1251768265757597697
1251768788300836864
1251770896148312064
1251771436513058816
1251771719871860736
1251771753296257025
1251771880450723840
1251771940647419904
1251772077654323200
1251772307468623873
1251772861469077504
1251773155741519874
1251774426577801216
1251774925016379393
1251775251656171520
1251775373513240576
1251775428240584704
1251775434339110914
1251775474256273408
1251775636412170240
1251775783632338945
1251777772797730816
1251777776794980352
1251777944583917568
1251778111982587906
1251778320938807297
1251778760979947522
1251778814461575169
1251779183270932484
1251779902170333189
1251780011549474817
1251781004689313792
1251781596702744578
1251782948078092288
1251783271953948673
1251783750469509121
1251784283028684800
1251784582514520065
1251784616471670784
1251785291637182475
1251785465067384833
1251786356768063489
1251786437185490945
1251786455275507714
1251787038363398145
1251787506946883590
1251787515985629184
1251787557836337153
1251788516192903168
1251789569588113408
1251789687141945344
1251790190403817474
1251790299472461824
1251790863254130695
1251791162479960068
1251791628064436224
1251791985314336770
1251792222217031687
1251792453637746689
1251792884812132353
1251793478201327617
1251794307125858304
1251795156501704705
1251795325448269825
1251795492528365568
1251796081077256194
1251796406794366982
1251796532396986368
1251796697107304448
1251797728356642817
1251798237603926016
1251800321061466113
1251801709820731392
1251802092538380288
1251802250965594118
1251802962290249729
1251802976613785601
1251803120264495105
1251803129445826560
1251804660790411264
1251804670198083585
1251804881641488384
1251805361864167424
1251806314231185414
1251806971067498496
1251807049631088640
1251807134632890369
1251807802684833792
1251807903243067392
1251808108869046272
1251808994714439681
1251809544918962177
1251809702935179265
1251809971005685761
1251810123284197383
1251810127373578240
1251810305237299200
1251810658309623808
1251811231092129793
1251811492950917121
1251812210789269505
1251812979148029953
1251813162376183808
1251813388751179776
1251815975835623424
1251816305994469380
1251816858740719616
1251817594455277568
1251818205842210816
1251818785574653952
1251819662968598528
1251819938626572289
1251820066389229569
1251820329984540674
1251820726253948929
1251820829500981248
1251821098141913089
1251821144161882114
1251821478313689089
1251822773678288896
1251823254702034944
1251824038785306625
1251824634716176384
1251825358116212736
1251825502303727620
1251825571945906180
1251827106855751684
1251827748210970626
1251828524702404609
1251829549257699328
1251829672922447873
1251829740543115265
1251829915017674753
1251830426928386048
1251830736686067713
1251831685001424896
1251831977650663429
1251832265417637888
1251833055775514627
1251834823515287552
1251835927976194050
1251836847749246976
1251837700463824897
1251837980328820736
1251838120158531590
1251838361817538561
1251838643041447936
1251839043505025026
1251839067194621954
1251840165644992512
1251841167404068864
1251841875696324611
1251842001554886657
1251842096081907712
1251842321177391106
1251843349323055106
1251843435415420929
1251844634663358465
1251845629162201092
1251845706916208641
1251845989587193861
1251846272983629826
1251846400574357508
1251846601506725888
1251846662479282180
1251847164214509568
1251847198238801921
1251847496525103107
1251847600090775553
1251847801681608709
1251847840235696128
1251848458492928000
1251848846197612544
1251848903613390850
1251848932205961223
1251849809994055683
1251849978986803206
1251849998440050688
1251851410163064832
1251851766582427649
1251852616444846082
1251852958515544064
1251853111637028865
1251853264238280706
1251853514881540101
1251853911327211523
1251855007315628033
1251855713300893697
1251855820985425922
1251856025961091073
1251857649978785792
1251857943496187905
1251858077047050240
1251858678149496832
1251858746835378176
1251859799832244225
1251860066128592901
1251860505175654400
1251860740350324736
1251861018701172736
1251861388512854016
1251861390379360259
1251861475213352960
1251862296873316353
1251862799644528641
1251863025650368517
1251863150233825280
1251863379783888896
1251863781413715968
1251864033319321606
1251864138390929408
1251864506277511173
1251864642521042946
1251865013888958467
1251865393309929472
1251865953601761283
1251867862991622145
1251869039472922624
1251869350673502211
1251870349878276097
1251871016479010818
1251871077501935617
1251871842031276033
1251871980464345091
1251873385677836289
1251874307329884161
1251875384276156418
1251876417140404226
1251876450145361920
1251879774106116097
1251880212939173894
1251880756546330625
1251880927678074880
1251881118728630282
1251882228260495367
1251882539175809026
1251882647762153472
1251882903539245056
1251885479970119681
1251886359926771714
1251887931603681280
1251888871790587904
1251889182542385153
1251890533464788996
1251896530891661314
1251897060560973824
1251899141640290305
1251900180166737924
1251901168999071754
1251903768704188418
1251904231096934405
1251907421682962433
1251910013637079042
1251912654991560704
1251913112728600577
1251914927486443523
1251917208344825857
1251917769043521540
1251920994886967296
1251921606290690048
1251922165592666115
1251923461653528576
1251932112363683840
1251934888456003587
1251937393244069888
1251940348387082241
1251940955701346305
1251942035143241738
1251943401584459776
1251945996101263365
1251946165110784000
1251950222672084998
1251951016867700739
1251951575343550466
1251961351104344071
1251961975933976581
1251962199301591053
1251962877898043397
1251963234460086276
1251965263110537216
1251965394539208705
1251965654086766592
1251968364911738880
1251968551105200129
1251971328418164737
1251971728647041024
1251976124944482304
1251976404415193090
1251978843109429250
1251980562790744064
1251980665010216960
1251983850185637891
1251983994780073984
1251993119803027457
1251995363902394369
1251995386484588544
1251995472996306945
1251997016617598976
1251998131849486340
1252001360419131394
1252001537536245762
1252003506371932161
1252003848744587264
1252003999873675269
1252017755978694657
1252018557250084864
1252023411167068163
1252024792712126466
1252027648437555203
1252030815275487234
1252035497012219905
1252041333285498883
1252043043299041280
1252043408606220290
1252043469599711233
1252043607919529984
1252044056756137989
1252048717559074817
1252049748892278790
1252055428747460608
1252056152562708481
1252060124925042694
1252070225543073792
1252070795523825664
1252071076114370561
1252078517610844160
1252082450668367874
1252084480766095362
1252085028583927810
1252091056340062208
1252091269746176005
1252093042795954176
1252101229855100931
1252107477484789761
1252107627330502669
1252111571561713664
1252112918746980353
1252121133878587394
1252121168720596992
1252121673148641282
1252123575655575552
1252125525650354176
1252126132620660736
1252126309968461824
1252126511471214592
1252127835747221504
1252129267992928261
1252137737374883840
1252145435730378754
1252153667903459330
1252155500378062848
1252159613077794816
1252170873836101637
1252176973193007105
1252177013164646400
1252181168499224578
1252195807887085568
1252214997113020417
1252215440555880448
1252216470202978305
1252218000985460737
1252222159293997057
1252223440041410560
1252224595081547777
1252229286976610317
1252245577326264325
1252300318525841414
1252305350562373632
1252327470403063808
1252336876045860864
1252337626721460224
1252338941275058176
1252341523301031941
1252356742182133761
1252382711949299715
1252404398916943874
1252444199049408513
1252453945483689984
1252456635508953089
1252464609916850176
1252511114014883845
1252515988601483265
1252579126818541568
1252597747573817345
1252597785045733376
1252598224482979841
1252644467997323265
1252671096891080704
1252676244405182466
1252696720565288965
1252811388029816835
1252872445502976003
1253103796961542145
1253458297207873539
1253510323526606848
1253616586008809478
1253914121793404928
1256697641095835651
1256865933647372291
1260401259569446913
##1251622513945325568##
1251793965956956161
##1251593413515976710##
1251593740923387906
1251594497961734145
1251594767294705669
1251594861872132102
1251595275174633474
1251595506733780995
1251595545300303873
1251595864373690368
1251595906971062273
1251596020884144133
1251596041633267719
1251596426179739654
1251596865986080772
1251596951637852160
1251598059236188161
1251598155076063233
1251602081837973505
1251602178038530049
1251602288176750598
1251602637566459905
1251604281947455489
1251604660462501890
1251605664486612993
1251608142292582400
1251608979463168001
1251609372976873474
1251614312889712640
1251620419397996545
1251623404987351043
1251627128686346241
1251638580495167488
1251640821973053440
1251642373832138758
1251642767794675713
1251643042869772291
1251643601060233217
1251644373235830784
1251645283425038339
1251652430556782592
1251710531284672513
1251738732178407424
1251739842905604097
1251772766967214086
1251793663782510592
1251847965347627013
1251854904135684097
##1251645705145516032##
1251645822669860864
1251646392365461507
1251646394550624261
1251646443267465217
1251647740574076928
1251648189339443204
1251648909195333632
1251655169722535936
1251663232412065793
1251677112131629056
1251682996320518146
1251698530839863298
1251719198017011715
1251725695534927873
1251774955630583810
##1251693595482034176##
1251695086666158081
1251696225969111041
1251696396236918785
1251697524395724807
1251702078889738242
1251712540444409857
1251714370930987008
1251714982783463426
1251719330791854080
1251719660778803201
1251719823765233664
1251720981523152897
1251721005233561600
1251724812311027712
1251726619422724096
1251726622266441730
1251727206184890371
1251730125168787456
1251733390459654144
1251735029706883073
1251736539756888069
1251742952151547905
1251744218466451457
1251746892842762241
1251750225712218114
1251773726317842432
1251777948253814785
1251779032162672640
1251782476122468352
1251784363919970305
1251785235269894144
1251790554180071426
1251791402629029888
1251801967279644673
1251802992057221120
1251803941224042496
1251804502711205888
1251811497086537728
1251814612590362625
1251829064228311041
1251841397218566145
1251843762625675264
1251849269260292096
1251851576353984512
1251856522923081729
1251875313988128771
1251882569085472778
1252008241590153218
1252021407913050113
1252096250377318400
##1251767966049480704##
1251768017920446466
1251768499292307456
1251769394633617408
1251769760834097152
1251770730439757824
1251773202147270658
1251775124170293249
1251778291989700610
1251786054069346304
1251791418777128960
1251793957920608256
1251808251106246656
1251833850738601984
1251836667868176384
1251836723417493505
1251837428140310528
1251845837916962817
1251848825549004809
##1251873638179057664##
1251873930803109890
1251874306432385025
1251875223194013697
1251875307356917763
1251875496884920320
1251878157503823872
1251881346412273666
1251884558322143233
1251884795975602176
1251885212629381121
1251887426567647233
1251890378900414465
1251893409872318464
1251899902705176579
1251899924339400705
1251902078370353162
1251902684401106945
1251905384861904896
1251910583840051201
1251915958056357889
1251916848549019651
1251923483820523520
1251939050937888771
1251941494447104000
1251948426000039941
1251969510871097344
1251973616775966720
1251991481650417665
1251992171013685251
1251992362668240897
1252000001384996867
1252053670105153539
1252099987825143808
1252126632955043842
1252192709277880321
1252254523466407938
1252261026038456321
##1251878800801087489##
1251879322052431875
##1251882262456647680##
1252234552551985153
##1251971689266778115##
1251993083811713025
1251994274088071169
##1251988690576060422##
1252016974965727234
##1251996674035253249##
1251996832621879297
1251996845871640576
1251996848476356608
1251996924196028416
1251996943586332673
1251996970526408705
1251996976490700802
1251997004177211403
1251997163309207557
1251997295043805184
1251997535268413441
1251997629875191808
1251997741158412288
1251997749287047168
1251997751069425664
1251997754420858882
1251997826609041410
1251997883085307905
1251998088039972865
1251998104548782083
1251998176694894593
1251998426943889410
1251998592405065735
1251998756893011969
1251999060845789184
1251999179330793473
1251999340446527496
1251999712254754816
1251999716910522368
1251999907289989120
1252000173250748417
1252000217160994817
1252000383540527104
1252000683802443776
1252001071913996288
1252001440891092995
1252001561737297920
1252002128404590594
1252003260904374272
1252004454947225600
1252004538007064576
1252005756976709633
1252005900245708810
1252006281029828608
1252009253004591109
1252010434720382977
1252011843679289346
1252012424737234945
1252012699736846342
1252013911328665601
1252015186426376193
1252015942659444736
1252018099735474176
1252018865548283905
1252019013162602498
1252020047431659521
1252023961103327241
1252024579708669954
1252025574249443335
1252026798642257921
1252036452403347457
1252038072042209281
1252038300241715207
1252038880595005451
1252041358560366593
1252046326700937216
1252061605053042689
1252062444106788865
1252074212099084289
1252088906054541313
1252093264599146496
1252096905242386434
1252105412083617793
1252117515762835456
1252117546163208194
1252131720289280001
1252148013482545152
1252148470976258049
1252152350409658368
1252153244496904192
1252156745469714433
1252160654712201216
1252165433681215488
1252173424631349249
1252180383686418432
1252265351645192192
1252267200666271744
1252293126548533248
1253093314871595010
##1252125288537956354##
1252125369987149824
1252125432595525632
1252126004107268096
1252126904771063809
1252128427332829185
1252128469451853825
1252129015999139841
1252133249930887170
1252133859946377216
1252147553283592195
1252149567790788610
1252151888088387585
1252152266179719168
1252253842516987905
1252333850623201282
##1252373135388602369##
1252373288967258112
1252373406864924675
1252373456986894336
1252373611593129986
1252373948303437826
1252374309764337669
1252374314336129024
1252374514941321216
1252375173413527553
1252375438443245571
1252376418874298373
1252376642036490240
1252376757031714824
1252377171835760641
1252378171741110274
1252378276204437507
1252378488612347906
1252378845082079232
1252379678699995140
1252380554428706816
1252381637762887686
1252383137939615744
1252385220558389248
1252385930284949510
1252388476969873410
1252388619865649154
1252388824035913732
1252391976000868355
1252393623531864065
1252394078517342214
1252400746567397381
1252427968367882241
1252437285888389126
1252448908426522624
1252467460189626369
1252470503362748417
1252472830526185472
1252481871436488705
1252491436223795201
1252507616552640514
1252510578159030273
1252541033541513217
1252564718906150914
1252573790653034498
1252654903668981762
1252836595587092486
##1252678911294570496##
1252679318393835521
1252679335082934277
1252679335481401344
1252679782027968512
1252679814470909952
1252680380253077510
1252680503662166019
1252680670473838597
1252680756960342016
1252681509045223427
1252683101093978125
1252685773528334339
1252687587015352321
1252688131414994944
1252689414511308807
1252689556408803329
1252689841210392577
1252690350965174273
1252692600269811721
1252694789436387332
1252697947772530688
1252708562729603074
1252718224489275392
1252718264171597824
1252718801541632004
1252733968316796933
1252755912403673094
1252841648200937472
1252872685790482432
1252873972531642368
1252904354597801984
1252908562214522880
1252942331646480384
1253429665483517952
