##1230381794718957568##
1230382110139174912
##1230570534431182848##
1230571781544534016
1230572444970291201
1230574285137305601
1230577502894116864
1230578018437009408
##1229697946624647168##
1229698051452874752
1229698055907237888
1229698090103386112
1229698093626593280
1229698094247370752
1229698114136813568
1229698199763537920
1229698204062666752
1229698226149875713
1229698244973924352
1229698259171643393
1229698302708473861
1229698357230284800
1229698365568507904
1229698365866364928
1229698366562537472
1229698366579363840
1229698368240340993
1229698377841025024
1229698427568693248
1229698433092591617
1229698433944051713
1229698449001590784
1229698457595777024
1229698485550796802
1229698499261947904
1229698508996956160
1229698531713261568
1229698534456332288
1229698537690222592
1229698544174616576
1229698553792147457
1229698555478265856
1229698560528207875
1229698566744166400
1229698586881011713
1229698589242404864
1229698599421988866
1229698628727562241
1229698646184267777
1229698677238792194
1229698698025807872
1229698699913318400
1229698702790492161
1229698727612485633
1229698754107912192
1229698779508617217
1229698785389031424
1229698801520324614
1229698812140236804
1229698829248815104
1229698840128868352
1229698857761677313
1229698881514020865
1229698889579745281
1229698890359808000
1229698892012363776
1229698895204290560
1229698915416584193
1229698930583261187
1229698982013808641
1229698993187409920
1229699014720970754
1229699038263595008
1229699052368998400
1229699062502510593
1229699076146507776
1229699077295792128
1229699082316283905
1229699097050992640
1229699103606661120
1229699129707724800
1229699147864866816
1229699165963329537
1229699181520007169
1229699184791629824
1229699184904806401
1229699194916687872
1229699195625463808
1229699201682067456
1229699246376574976
1229699251191648262
1229699265838157824
1229699299669422080
1229699300655063040
1229699303469408256
1229699308355760128
1229699333567733760
1229699334637326336
1229699346725318656
1229699359354347520
1229699366170112000
1229699386915115008
1229699397031780352
1229699397220536323
1229699405814648833
1229699424953212928
1229699428287729664
1229699445480140802
1229699450454597632
1229699459745034240
1229699497363636224
1229699516863066117
1229699557925249024
1229699595636236289
1229699635691868162
1229699655648337920
1229699662468218881
1229699714972557313
1229699721842823168
1229699727417126914
1229699728868282368
1229699766872891392
1229699776905699330
1229699829703544833
1229699832249540608
1229699868656050176
1229699876264562688
1229699883961126912
1229699887572406272
1229699924180316160
1229699928995356673
1229699934590468096
1229699956958781442
1229699963795492864
1229699993256198144
1229700000134897664
1229700041591443456
1229700051561254913
1229700070183968768
1229700087649095681
1229700110482903040
1229700119316045825
1229700139973042177
1229700145354280961
1229700168817217536
1229700170553724928
1229700181878345728
1229700183803465728
1229700220419760128
1229700301831245824
1229700331409494016
1229700337067491328
1229700337709260801
1229700346458537985
1229700377685168135
1229700411029889024
1229700422140661760
1229700430822858753
1229700483067060224
1229700504315408385
1229700516344729601
1229700516915093504
1229700517552705537
1229700534157926400
1229700582505615360
1229700590273531904
1229700593171783680
1229700604592824321
1229700609319809024
1229700633365749760
1229700760000176128
1229700781244325889
1229700809937637376
1229700845920563202
1229700846373556224
1229700851134029824
1229700912232509440
1229700914564476928
1229700945904312325
1229700965303046146
1229700971934158848
1229700974081708032
1229700995153907712
1229701021787676675
1229701045661642752
1229701049822457856
1229701050468360192
1229701068403159040
1229701076871503873
1229701161969684480
1229701206953615361
1229701207092056064
1229701218194411520
1229701315070222337
1229701326910738438
1229701331524427776
1229701356858101760
1229701380853653504
1229701403037356032
1229701404727664641
1229701423912431616
1229701448205787136
1229701451028553730
1229701462810333184
1229701469403860992
1229701469638623232
1229701489993637888
1229701571316977664
1229701594700288000
1229701607425822721
1229701615566893059
1229701630712479744
1229701688455565313
1229701713776533504
1229701717450797056
1229701741555408897
1229701772429660160
1229701781040648192
1229701802720976908
1229701819733020672
1229701821674983424
1229701825735118848
1229701831539994625
1229701886758002688
1229701890826526720
1229701922346717184
1229701935655215104
1229701942370295809
1229701946317189121
1229701983801659392
1229702058154110977
1229702123266433025
1229702126529544192
1229702157332553728
1229702175707795458
1229702200806531072
1229702221262180352
1229702231852802048
1229702234608459776
1229702307367063552
1229702307429978112
1229702354632691717
1229702360332677121
1229702369467883521
1229702417492709376
1229702448828370944
1229702451743334400
1229702466851233792
1229702483653668866
1229702498639917058
1229702505942208512
1229702535126159365
1229702584224669696
1229702603887513600
1229702649995517952
1229702741070667776
1229702750847590400
1229702769344491520
1229702771185721345
1229702793159749632
1229702809379057665
1229702869043027969
1229702939452768256
1229702958377504768
1229702984617074688
1229703005827731457
1229703013985669126
1229703059971956736
1229703063151222790
1229703128112562176
1229703144197763072
1229703147267985408
1229703152720543744
1229703153303638017
1229703169741119488
1229703182193917952
1229703184278523904
1229703192281309186
1229703263496347648
1229703329082675200
1229703346971381760
1229703417767043072
1229703504010366976
1229703552429436928
1229703652459372544
1229703693198602240
1229703705789857792
1229703718830051328
1229703807975776257
1229703882403667970
1229703895137636352
1229703942998720512
1229703956135337984
1229703967690629121
1229703968328241152
1229703970404175873
1229703974175068160
1229703992344707072
1229703994982961154
1229703997524713473
1229704005653319680
1229704031343464448
1229704038482096128
1229704066701328384
1229704105758789634
1229704286390673408
1229704288923983872
1229704305592164352
1229704329688485888
1229704346436284416
1229704351343620096
1229704378845667329
1229704386475102210
1229704415206092800
1229704424420970496
1229704445874839552
1229704467135815680
1229704475729895424
1229704518138552321
1229704525180788736
1229704555815895040
1229704561570537472
1229704573390086145
1229704584161046529
1229704599969333249
1229704608248946688
1229704628717195264
1229704657473343488
1229704661487292416
1229704716864671744
1229704763173933056
1229704768320397312
1229704788629237761
1229704823014141952
1229704866504810496
1229704895093264384
1229704909093732353
1229704918149337088
1229704938382598145
1229704946896994304
1229705032016285696
1229705043890360321
1229705066204028929
1229705120205692933
1229705180884717568
1229705205073285121
1229705228888543234
1229705311038078977
1229705366751109122
1229705387865202689
1229705413844750338
1229705502407495680
1229705511165136902
1229705544488947712
1229705551615078402
1229705568090234880
1229705569897979904
1229705648830656515
1229705698772209665
1229705739557593088
1229705747329617920
1229705780661800960
1229705890560987137
1229705945837600769
1229705985650020352
1229706001114333186
1229706021037314048
1229706038976315393
1229706055258705922
1229706070471462912
1229706081946996736
1229706085340237829
1229706086363648000
1229706151937413120
1229706217846722560
1229706225568428033
1229706253615747073
1229706378022936577
1229706447061168128
1229706555374866432
1229706578049347584
1229706589390675968
1229706606348251136
1229706660563820544
1229706729505656833
1229706767678001152
1229706788871770113
1229706879720402944
1229706896686362625
1229706927803949056
1229706934317649922
1229706955792535554
1229706959101800448
1229707073400852482
1229707075745460225
1229707082104004608
1229707088827502592
1229707100391190528
1229707149472870401
1229707175326560257
1229707188752584704
1229707244238974976
1229707254208847873
1229707271149670400
1229707272466636800
1229707279785742338
1229707333560946689
1229707376317562880
1229707419632259072
1229707445058113536
1229707447239135233
1229707472207831040
1229707540801433601
1229707587895078912
1229707620526718976
1229707717096411136
1229707800537858048
1229707846545264641
1229707855223250951
1229707906716749824
1229707944532611072
1229708000908259328
1229708053513199619
1229708112069832705
1229708115475435520
1229708186636181510
1229708194970243073
1229708294857555968
1229708295587483648
1229708344895713280
1229708419965374469
1229708420946767872
1229708457764368385
1229708541650440193
1229708563364417536
1229708589620768768
1229708594507022336
1229708599728967681
1229708693014548482
1229708696613269504
1229708700685869056
1229708768780455938
1229708773918375937
1229708824287883271
1229708866394476544
1229708920937177088
1229708925659947008
1229708946199523328
1229709000964497408
1229709156602535936
1229709162898239488
1229709174805843969
1229709179998416896
1229709183836180481
1229709193759903744
1229709236931788800
1229709239985278976
1229709299636523009
1229709322722127872
1229709327591772168
1229709388417568774
1229709438539436033
1229709451185344512
1229709537730605057
1229709572853682177
1229709577647796226
1229709673902768128
1229709677279293440
1229709693897056258
1229709712364580864
1229709736255348737
1229709799367094272
1229709801401323520
1229709815661965312
1229709912424484865
1229709916828553217
1229709925317857282
1229709956909133824
1229709965742440449
1229709990446931975
1229710022940254209
1229710063339802624
1229710092133642240
1229710164024057856
1229710188485251072
1229710244357517313
1229710293200199680
1229710321264316416
1229710331326406658
1229710368370569217
1229710509009776640
1229710512260354048
1229710519042531328
1229710542195036160
1229710548129980416
1229710581235699712
1229710598465892352
1229710607437438976
1229710620758507521
1229710642548027392
1229710650282250241
1229710672323383296
1229710764526755841
1229710868570660864
1229710872932757505
1229710988099846144
1229711167997796353
1229711266316455936
1229711286222643200
1229711318778892289
1229711425356148736
1229711448282189824
1229711484571340808
1229711505882525697
1229711532042391552
1229711592826208257
1229711613281918976
1229711693112135681
1229711772606750726
1229711801035698177
1229711810053447681
1229711864923328512
1229711971903320066
1229712034096386048
1229712134793285634
1229712168884604928
1229712190686613506
1229712281484845057
1229712292545208320
1229712338263126018
1229712388368326657
1229712526004379648
1229712531268284416
1229712556723490816
1229712578806452224
1229712609001250817
1229712658842181632
1229712689246752769
1229712699891879937
1229712752098381824
1229712811359641600
1229713024849674242
1229713066901803008
1229713096052269058
1229713110585487360
1229713125471145984
1229713135491276801
1229713224754442240
1229713280509399040
1229713362931548169
1229713367239184384
1229713383827656704
1229713427645501441
1229713455697010692
1229713481022214144
1229713568272134144
1229713634827390976
1229713667480018944
1229713675465961472
1229713677416378369
1229713698677194752
1229713812955320321
1229713817636163584
1229714130296344576
1229714135535030272
1229714178648215554
1229714202690048002
1229714237389492229
1229714271627546625
1229714279806504960
1229714295556050944
1229714336433811459
1229714369996562432
1229714488284282881
1229714513982717952
1229714556416593920
1229714607251640322
1229714696963534854
1229714717175951360
1229714727447801856
1229714903927328768
1229714962026835968
1229714999305756674
1229715014942175232
1229715058097344512
1229715108676456450
1229715157263245312
1229715247608553478
1229715269079228416
1229715277161664513
1229715290495295489
1229715412071391232
1229715492811788289
1229715501854666752
1229715594745917440
1229715675586977792
1229715682767626240
1229715771892301824
1229715776946475008
1229715783023984641
1229715801537683457
1229715859876335616
1229715868185243649
1229715944202784768
1229716044253683713
1229716056006123521
1229716057348333568
1229716127892287494
1229716168044351489
1229716223719563264
1229716229746765825
1229716296830459904
1229716304560611329
1229716306515152896
1229716330657538048
1229716333157371905
1229716333694242816
1229716430750470144
1229716469006635008
1229716594852495362
1229716646996127744
1229716742701756416
1229716754194214913
1229716803447902208
1229716829699964928
1229716856065417218
1229716885526151168
1229716887220690946
1229716987397443586
1229717122135273474
1229717172047536128
1229717174497005576
1229717199901904896
1229717244671922176
1229717451387985920
1229717488935436289
1229717500260167680
1229717628127715328
1229717638743515138
1229717718338805760
1229717781119197184
1229717781274386432
1229717788509581312
1229717806423461889
1229717837171785733
1229717853881950208
1229717941668716544
1229717944726323200
1229717950971678720
1229717952737501191
1229717968457740288
1229718034773946369
1229718069540524033
1229718096392413184
1229718111181516801
1229718158266765313
1229718170019254273
1229718203615543297
1229718219453280261
1229718257541828609
1229718269357064192
1229718316543094784
1229718339129311232
1229718352052047877
1229718354157543426
1229718382544596992
1229718534542053377
1229718544138543109
1229718575017078785
1229718607078227974
1229718612576960514
1229718801010319360
1229718858489106432
1229718863740272644
1229718877522800640
1229718890617462784
1229718896078467072
1229718980895629312
1229719002018189323
1229719002492080128
1229719010134167553
1229719137531895808
1229719245057118208
1229719464041734144
1229719497025695745
1229719583352872960
1229719616290721792
1229719617863479296
1229719694501957632
1229719791721689088
1229719814555471872
1229719833534779392
1229719878418018306
1229719951302365186
1229720140935258112
1229720187856920576
1229720223915356160
1229720279632502785
1229720281259925504
1229720334905073664
1229720391758860290
1229720394640371713
1229720404731842562
1229720436633690117
1229720463955386368
1229720502559703040
1229720593454583808
1229720622563037184
1229720662022983681
1229720722123169794
1229720744537608193
1229720769590067200
1229720813567381504
1229720882983112708
1229721077754089472
1229721079138136064
1229721096557146113
1229721450388557824
1229721490603597824
1229721498644029441
1229721499436797954
1229721545767038977
1229721615623237635
1229721718417186816
1229721773874319360
1229721910012993537
1229721977587412994
1229722048152395776
1229722050610237443
1229722094780452864
1229722110614032385
1229722320115290112
1229722349416652800
1229722369289269248
1229722412570247168
1229722414008930306
1229722436549201920
1229722460561514497
1229722540081373184
1229722631324291074
1229722823708508162
1229722838560628736
1229722866440187904
1229722884198805506
1229722887306842114
1229722956655398912
1229722991677902848
1229723163656937472
1229723170460127232
1229723175962976256
1229723176403394560
1229723187430162438
1229723218656845824
1229723248696406026
1229723338316091393
1229723340841115648
1229723355168768002
1229723369412743168
1229723414098796545
1229723437461131269
1229723523247149057
1229723638250852352
1229723762238611458
1229723796703260672
1229723829804707841
1229723901690810371
1229723919122403328
1229724005327949824
1229724008851083265
1229724030753812481
1229724052845137920
1229724064186556416
1229724111741562880
1229724164006776832
1229724246089379840
1229724288510517249
1229724390025199617
1229724438830231552
1229724653498839043
1229724698147201029
1229724735895998464
1229724791139160064
1229724800089808898
1229724808679698433
1229724834600509443
1229724842229891072
1229724870042411010
1229724875595698176
1229724893123686400
1229724909930262532
1229724913306607617
1229724922341187585
1229724944067694592
1229724950870855680
1229725009960198144
1229725017472032769
1229725138276569095
1229725144337260546
1229725180890669057
1229725185483386881
1229725191783243776
1229725219381809153
1229725250457391106
1229725396360474626
1229725458100555778
1229725564262588416
1229725612409004039
1229725681275285504
1229725744177274882
1229725808463355904
1229725813567901697
1229725914298306561
1229725956039901185
1229726057311457280
1229726181458575360
1229726335771303944
1229726348475846656
1229726529271353344
1229726542605037570
1229726553526980608
1229726612494700544
1229726620824588289
1229726633344536578
1229726654127378432
1229726670426341376
1229726736901951489
1229726760578756608
1229726769755951106
1229726831231852544
1229726891139047426
1229726965118242816
1229727053693452288
1229727201907675136
1229727213420937216
1229727324679045120
1229727368887050241
1229727572012998658
1229727580028272641
1229727652128403458
1229727684692971521
1229727803374886912
1229727837961191424
1229727893640687617
1229727972665458688
1229728061131776000
1229728086465400833
1229728149518327811
1229728163577704449
1229728464237932546
1229728499390468096
1229728571826065408
1229728645838708736
1229728668748075009
1229728732237172736
1229728838160179201
1229729056503058434
1229729071321505792
1229729174434320385
1229729257351413760
1229729424167272449
1229729438385963008
1229729517297598466
1229729559936937987
1229729571421016065
1229729607055740929
1229729640635392000
1229729770042253312
1229729795199598593
1229729801876967426
1229729851512381440
1229729858470785024
1229729910962475009
1229730313808568320
1229730357190254593
1229730379344510981
1229730704789049344
1229730754785153027
1229730757897281537
1229730806190481408
1229731044208893953
1229731066467848193
1229731159782850567
1229731161074806786
1229731186555138049
1229731266376978432
1229731339315838977
1229731380294189057
1229731421981487104
1229731494521905157
1229731596670062592
1229731826723364864
1229731832360570886
1229731838878535681
1229731903013609472
1229731906218024961
1229731908160020483
1229731984508964865
1229732009762861057
1229732011159556098
1229732042776162304
1229732046865682432
1229732052745904128
1229732078754947072
1229732286821797888
1229732290584027136
1229732451200720899
1229732453444706307
1229732644537196545
1229732741933080577
1229732796421345280
1229732870215917568
1229732875781713920
1229732995822751745
1229732995864694785
1229733045449711616
1229733070070329345
1229733095726817281
1229733109610041345
1229733238370861059
1229733311385407488
1229733485402894339
1229733547352698882
1229733660024287234
1229733672871485442
1229733905454051328
1229734086635347968
1229734089000988672
1229734167207981057
1229734222690123776
1229734294400176129
1229734302323298305
1229734340269105152
1229734649657790465
1229734660147744771
1229734692355747841
1229734708004753408
1229734745476673538
1229734797926334464
1229734890758983680
1229734937730994183
1229735017926012928
1229735028155985922
1229735065950789633
1229735188973924353
1229735236390576128
1229735268565102593
1229735522043600896
1229735596203106306
1229735685181124608
1229735712045633536
1229735723101818880
1229735822523588608
1229735833659432961
1229735873069056006
1229736012743675905
1229736076631314433
1229736193203544066
1229736237352783872
1229736334098681856
1229736380248592384
1229736456534581248
1229736487903780866
1229736568543481856
1229736615163113472
1229736707265900545
1229736752136564736
1229736841076789248
1229737089773842432
1229737099429105664
1229737188633534464
1229737214394949632
1229737238105350144
1229737240101867520
1229737270464458754
1229737295449903105
1229737311849648130
1229737445153001472
1229737505609715712
1229737509254418433
1229737523297050624
1229737528237883392
1229737586761109505
1229737606373629952
1229737794374971392
1229737958011523073
1229737981658968064
1229737994699055106
1229738084071280640
1229738114790367234
1229738139075387395
1229738197472681987
1229738233510137861
1229738245845635073
1229738253173039104
1229738488775544832
1229738529028288512
1229738554043043841
1229738735132172288
1229738740421218305
1229738751536062464
1229738933887623168
1229739098711216128
1229739168496078848
1229739244526153730
1229739510885494784
1229739537989062656
1229739542648885248
1229739605639008258
1229739657342136321
1229739771142057985
1229739934661128192
1229740045902458885
1229740344440389632
1229740346772459520
1229740426531307524
1229740430784331777
1229740444164280321
1229740454666735616
1229740684632109057
1229740689027674114
1229740699295371264
1229740883832188928
1229740909283155973
1229741005395632129
1229741010424561664
1229741202477604868
1229741243850280960
1229741525736808449
1229741738522292225
1229741798299521024
1229741827961565184
1229741884366606336
1229741947159535617
1229742032303853568
1229742135819296769
1229742234519646210
1229742301737603072
1229742539965652993
1229742556134756353
1229742633813204992
1229742720534622208
1229742742282145792
1229742783818293250
1229742870376189953
1229742877686849536
1229742912008806400
1229743037955346433
1229743057337307136
1229743255950123009
1229743327920238593
1229743355078291460
1229743471143116805
1229743490730467328
1229743539933806592
1229743578940891136
1229743647450595329
1229743654253867010
1229743760558428161
1229743891299098625
1229744293587365888
1229744317180338177
1229744452996124672
1229744468347191297
1229744470507294720
1229744528040636416
1229744611226214400
1229744655325110272
1229744930014232578
1229744956090331136
1229744997878112256
1229745527367127041
1229745569570136067
1229745590021607425
1229745597017657344
1229745664684363776
1229745770385072128
1229745938455048192
1229745986077122560
1229746077433319424
1229746126254944256
1229746136530989062
1229746320749006858
1229746365263118336
1229746378013892608
1229746422381236225
1229746431768047616
1229746448834662401
1229746448973123584
1229746456023781376
1229746524835500034
1229746716687192066
1229746723544846336
1229746769568960512
1229746972187406338
1229747033873010690
1229747165112737798
1229747169554575362
1229747289180295174
1229747438153555970
1229747532336713728
1229747567157792768
1229747682337574916
1229747782057111552
1229747790617686016
1229747832371994624
1229747922314678272
1229747929403084800
1229747973124476929
1229748237898260481
1229748260283109378
1229748314565992448
1229748315660615681
1229748374297104391
1229748481927057408
1229748600521052171
1229748645152555008
1229748751998210048
1229748834756153345
1229749147168858112
1229749164642361344
1229749276563116032
1229749360679890944
1229749409954631680
1229749435778949120
1229749489814179841
1229749514707316736
1229749523762884610
1229749692751282176
1229749711051116546
1229749784480747523
1229749863702843392
1229749871818821632
1229749895432679424
1229749900394496003
1229749918060793857
1229749954958237696
1229749959521718272
1229750038588526592
1229750065553723394
1229750135686672384
1229750187721138178
1229750188157407233
1229750205291147264
1229750391652388864
1229750435298316289
1229750881756811264
1229751178738749440
1229751401053663235
1229751504887861249
1229751542720450567
1229751691291111424
1229751692834545664
1229751739173285888
1229751750288117762
1229751780457795586
1229751852306137088
1229751928659283968
1229752051284037632
1229752076919541766
1229752154220617734
1229752409154629640
1229752550078984192
1229752591011270656
1229752606488252417
1229752627929501698
1229752691380948992
1229752935137136645
1229752967152242688
1229753028653260801
1229753089655218177
1229753345650368512
1229753459634819072
1229753536247926784
1229754279638052865
1229754286550155265
1229754315792842752
1229754333635469313
1229754334591799296
1229754433313132544
1229754506897870849
1229754556810174465
1229754593518784512
1229754859278209024
1229754964664299527
1229754998709477379
1229755025003597825
1229755068938883073
1229755106364706817
1229755163486957568
1229755333280702466
1229755340109078528
1229755346304061447
1229755350498365442
1229755493985509377
1229755523370823684
1229755569554235397
1229755589959483392
1229755791311298560
1229755799297232897
1229755816707854340
1229755931719798784
1229755992537206785
1229756043674165248
1229756080315654144
1229756280056811527
1229756336549834752
1229756389960097794
1229756435581546496
1229756486903050245
1229756523464790016
1229756616049905664
1229756736959111169
1229756762925998080
1229756906199277568
1229756917003714561
1229756968581070848
1229756987866566657
1229757025334317057
1229757085296013313
1229757102257790977
1229757430151684098
1229757466960891904
1229757532698284035
1229757600822185985
1229757818275860480
1229757858960625664
1229758120760619014
1229758126385254402
1229758235357388801
1229758316085116934
1229758549791793152
1229758795083022338
1229758952591806464
1229759221446606848
1229759476644950017
1229759484702208000
1229759560002523137
1229759568651177984
1229759934428065799
1229759969035157510
1229759970960445442
1229760111423426561
1229760121791811585
1229760419658653698
1229760495747502083
1229760712102293509
1229760906332168192
1229760988842463233
1229761222230364161
1229761312504401921
1229761313070571520
1229761358457196546
1229761380112359424
1229761433782693888
1229761433866588163
1229761478657499136
1229761658131746817
1229761673558462465
1229761684258066433
1229761908414320640
1229761936923021314
1229761939074580480
1229761947652042753
1229762065268649984
1229762079776743424
1229762136294985729
1229762426377244673
1229762543159304192
1229762704103092224
1229762904259465217
1229762968356823046
1229763111718150144
1229763325518663682
1229763501289361408
1229763542800306177
1229763556138156036
1229763625491013632
1229763642129813505
1229763978697547776
1229764181706125318
1229764374136532994
1229764385687494656
1229764425269350404
1229764575899398145
1229764849372192771
1229764944993890309
1229764961288802305
1229765147692032001
1229765325324988418
1229765344308404225
1229765589444562944
1229765837097185282
1229765888108302337
1229765954739019776
1229765962993455104
1229766227838545920
1229766256087257090
1229766561658834945
1229766598753472513
1229766709839568898
1229766727136874497
1229766968724664320
1229767077059321857
1229767277396058112
1229767382106804224
1229767500239425536
1229767701859635201
1229767714006237184
1229767771640287232
1229767773942841350
1229767774567829504
1229767809787420672
1229767811960057858
1229767816049569793
1229768023889805312
1229768092395429889
1229768107318808576
1229768133633769472
1229768146862661641
1229768497225457665
1229768570940350466
1229768581480697857
1229768750213353472
1229768753186996224
1229768938252316673
1229768946867417095
1229769079403274240
1229769146981847041
1229769254439997440
1229769397151174656
1229769505972330497
1229769792783081472
1229769824278056963
1229770579189862400
1229770595753132036
1229770608931721217
1229770668369154049
1229770845549158406
1229770866097086465
1229770907943686145
1229771024654307330
1229771028840243201
1229771368406716417
1229771604718170112
1229771618831998980
1229771899758141444
1229772061624733700
1229772096072540160
1229772265530720256
1229772305854816258
1229772597694533633
1229773016160243712
1229773170883940354
1229773268292374531
1229773360076328960
1229773369450651649
1229773400958259208
1229773851292307458
1229773853225779201
1229774025058082818
1229774039817891841
1229774238158139393
1229774428701151234
1229774564764344323
1229774630656802816
1229774887826403329
1229775043942604802
1229775069293039617
1229775235165163521
1229775243503378436
1229775271424864259
1229775442003009536
1229775685268443137
1229775890873278466
1229776058217586689
1229776188702367744
1229776192494088192
1229776560179294209
1229776719080546305
1229776840518258690
1229776905659912192
1229776947951153155
1229777000241471489
1229777036236947457
1229777235789434882
1229777375442997249
1229777482468950017
1229777544355905536
1229777675646119937
1229777709808660481
1229777932765319170
1229777942970011652
1229777956236603393
1229777996002856960
1229778060532232198
1229778062620987393
1229778066592935938
1229778068807569412
1229778083655421953
1229778091934912517
1229778161908486149
1229778182187966469
1229778223183073280
1229778223472480258
1229779067655905280
1229779167517925377
1229779205887385600
1229779251613835264
1229779443687673856
1229779557479112706
1229779586512302080
1229779690916806657
1229779850807955456
1229779932852752384
1229780008715145216
1229780136347783174
1229780275644784641
1229780312512770048
1229780378136850432
1229780500824371202
1229780706869551109
1229780818379321346
1229780922712674305
1229781021391978496
1229781138723475457
1229781138966794240
1229781144293519360
1229781213608660993
1229781338338865153
1229781441829113856
1229781819261931520
1229781922718638088
1229782134816215040
1229782139417366529
1229782266961965059
1229782317767495680
1229782678368641034
1229782787902902273
1229782875475730432
1229782896703156224
1229783003871825922
1229783065221894151
1229783107496271872
1229783197199880197
1229783240225042437
1229783543905226752
1229783636632915969
1229783972563083266
1229783988270718979
1229784124715667459
1229784137973870595
1229784235772403714
1229784332463677440
1229784374360657922
1229784461258231808
1229784587926212609
1229784638694010890
1229784638769549313
1229784809809088513
1229784929317392386
1229785032153280514
1229785234352345088
1229785483137474562
1229785522073149440
1229785835224141824
1229785887925555200
1229786111247032322
1229786265006039040
1229786459600818176
1229786559722987523
1229786613284294657
1229786630090784769
1229786673657061376
1229786777835245570
1229786797317795843
1229786960560087044
1229787027870273536
1229787096820408322
1229787123852759043
1229787235811282945
1229787243709128705
1229787279176163329
1229787308733476864
1229787331844018185
1229787449104175107
1229787562694381568
1229787587499479040
1229787618084360193
1229787882539409411
1229788090828566535
1229788233862610944
1229788415404670977
1229788859891961861
1229788912735936514
1229788996181647360
1229789297970237441
1229789616045273088
1229790128316583938
1229790164014202882
1229790585453764609
1229790841289560067
1229790968519569411
1229791034277842944
1229791054343352327
1229791409848360960
1229791535761436672
1229791598168412163
1229791819761934336
1229792001530482690
1229792142958190595
1229792317680295937
1229792364505522177
1229792747885858817
1229792783277469696
1229792793477992448
1229792805926645762
1229792897152802818
1229792942593859584
1229793185775353857
1229793237939953665
1229793259125432320
1229793382265806848
1229793477380182016
1229793645458534404
1229793654543388673
1229793699074363393
1229793801750941697
1229793870726168577
1229793995649409031
1229794271970152451
1229794628280471553
1229794826666770433
1229794854877745152
1229794894681661442
1229794922766766080
1229794971223560192
1229795026517078017
1229795118573641729
1229795279026708480
1229795315856879617
1229795345468739584
1229795468634415120
1229795474196094977
1229795648364519427
1229795712696713217
1229795760172085248
1229795824156147715
1229795906343636993
1229795991295057923
1229796006293798914
1229796057363746819
1229796165031473153
1229796666288549893
1229796787541639169
1229796839806861317
1229797285355229189
1229797530369773568
1229797723945259009
1229797845387091969
1229798055366578176
1229798542451056642
1229798568686477320
1229798712664346624
1229798870286241794
1229799303465644033
1229799507975688202
1229799517417017344
1229799738016436226
1229799900579319808
1229800007223664642
1229800031571660860
1229800456429408257
1229800661061177345
1229801292060598272
1229801390861582343
1229801430351073281
1229801461216837632
1229801798443110401
1229801979515416582
1229802220398342144
1229802377844314112
1229802778337386496
1229803048446418944
1229803278315270146
1229803308715565056
1229803648806506496
1229803666116354048
1229803837696942082
1229804046036414464
1229804136289439744
1229804207320051714
1229804358994403328
1229804455299833864
1229804593191751680
1229804672241807361
1229804721520730119
1229804875699146752
1229805107929321472
1229805305703301120
1229805345545105409
1229805424112787457
1229805497550802946
1229805944965664769
1229806178064109568
1229806333202980864
1229806538732298240
1229806646576193536
1229806662539792390
1229806712003211264
1229806727182397442
1229806970019995648
1229807650654822400
1229807869920530432
1229807900182433794
1229807992456925185
1229808023956283392
1229808063537872899
1229808413246476290
1229808492258746369
1229808514731737089
1229808686358503424
1229808817631879168
1229808914969001985
1229809123329544193
1229809540188778496
1229809675429990400
1229809850797953025
1229810220307746818
1229810470556721153
1229810531302768643
1229810896735809537
1229811099018629122
1229811202060115969
1229811334201708544
1229811335455744000
1229811385527361537
1229811540364316678
1229811599810138113
1229811850063294464
1229811984687910912
1229812041554239488
1229812051079548930
1229812270101864448
1229812315358404608
1229812392286093312
1229812590219612164
1229812793152561152
1229812983708123137
1229813072761585665
1229813170665119750
1229813402580717568
1229813713252880384
1229813837328769029
1229814125208965121
1229814148999139330
1229814183119794176
1229814484211990529
1229814558136700928
1229814893697753088
1229814965244243973
1229815026275487744
1229815146178056192
1229815155933970434
1229815217296678912
1229815478295650308
1229815743040180225
1229815970220388352
1229816246658588672
1229816482449776642
1229816865238724609
1229817202527920129
1229817332018667521
1229817510289137664
1229817579922956290
1229817872781922308
1229818306309345280
1229818312311394305
1229818820044480512
1229819107542999043
1229819298161491968
1229819512603783168
1229819737284268044
1229819755403628551
1229819828795559936
1229820086866907136
1229820620520611840
1229820667215872000
1229820672433586176
1229820802511572993
1229820878239731713
1229820894358462464
1229821054060769286
1229821080812032001
1229821781206278146
1229822116532563971
1229822194412380160
1229822409336852481
1229822619882573825
1229822698362167298
1229822725461610496
1229822778666373123
1229822780448944128
1229822896119435270
1229823071034494977
1229823083260805125
1229823308717318144
1229824006372589569
1229824095799345154
1229824200824758275
1229824204180197377
1229824282609541120
1229824308299653121
1229825029552197632
1229825119872258051
1229825121600274432
1229825129162723329
1229825469001928704
1229825847537946624
1229825862817677314
1229825988663660544
1229826047149006855
1229826156897153024
1229826292931026944
1229826350430740480
1229826421230575617
1229826507469619201
1229826520635625484
1229826640001323016
1229826707114295297
1229827046660091905
1229827205397610496
1229827637079674883
1229827701504184322
1229827933654671361
1229828115129683969
1229828245606031361
1229829518262706176
1229829615415369729
1229829799398559744
1229829818495225856
1229829834697846786
1229829992265191429
1229830375515525126
1229830456822116352
1229830793830248452
1229830885677182977
1229831002614358016
1229831461785739265
1229831524004089856
1229831564781113345
1229831785917403137
1229831925210198017
1229831960861847558
1229832434973233152
1229832613969440768
1229832977833742337
1229833119441788930
1229833167181402114
1229833577539493889
1229833641653678080
1229834518313476098
1229834519919726592
1229835204057092097
1229835381488652291
1229835679233978368
1229835781361033221
1229835837053034501
1229835953927311363
1229836209293316096
1229836394773827585
1229836631785512962
1229836876237983747
1229837300085010434
1229837515659661319
1229837764948111367
1229837905549459458
1229838040782245889
1229838054686412800
1229838795870212099
1229839358167076866
1229839694776676352
1229839714544431106
1229839849034801155
1229840046427168774
1229840154862510082
1229840202996371462
1229840296843862017
1229840520500981760
1229840551324868609
1229840638134362112
1229840730719490049
1229840825779150850
1229840870247161857
1229840948730957824
1229841378928201731
1229841667857014784
1229841688799170560
1229841692955750403
1229841798278897664
1229841801663729665
1229842303122071554
1229842344578617345
1229842417949593665
1229842762993930240
1229842835656015872
1229842970825887749
1229843167853281282
1229843227341152258
1229843553389600774
1229844189975924736
1229844772375998465
1229845005721796610
1229845017121955840
1229845040740126721
1229845077268275202
1229845175465381888
1229845759132131328
1229845760365166594
1229846084861808643
1229846334724853760
1229846541122310145
1229846551813664773
1229846928394981380
1229847192439050240
1229847202903855105
1229847900567560192
1229847946830712837
1229848050274795527
1229848139709939712
1229848772068331521
1229848910971199496
1229848962972233728
1229849322684112896
1229849567820210177
1229849968384577538
1229850010675793921
1229850115243991041
1229850295829778433
1229850309675143173
1229850514290094080
1229850630107418625
1229850654295896065
1229851241381027840
1229851580163338248
1229851943167778818
1229851982007021568
1229852435168006148
1229853261043245057
1229853515146768386
1229853630364372999
1229853883868024835
1229854063983984643
1229854265990094849
1229854519305162752
1229854545615912960
1229854580307046401
1229854737551548423
1229855111415050240
1229855183829684224
1229855220626284545
1229855394421465090
1229855457428361217
1229855498733867009
1229855719962415105
1229855984958550018
1229855986963435520
1229856161299619840
1229856310532943873
1229856407106867200
1229856602204835841
1229856691283537923
1229856893461573632
1229856976181616642
1229857090157584385
1229857203605188609
1229857393917427716
1229857587623006208
1229857633588436992
1229857686314979331
1229857814744530951
1229858065643601921
1229858078230798339
1229858194522017793
1229858520801173510
1229858578498048003
1229858667039776769
1229859671290327042
1229860686274211842
1229860918684770308
1229861016470769664
1229861242535317517
1229861324701736961
1229861336169013252
1229862080326574080
1229862630392770561
1229863101153054722
1229863271139807232
1229863405730910209
1229863661059092480
1229863694198288387
1229863764746522626
1229863850843033608
1229864126765244418
1229864476431790083
1229864567808851969
1229864650097004545
1229864885296734209
1229865418753552389
1229865526698086401
1229865538651934724
1229865703681019906
1229865858069147648
1229865870832361474
1229866258461577217
1229866788701253633
1229866935296446471
1229867018091974658
1229867243800072198
1229868246624542725
1229868283760971779
1229868318145884160
1229868662821134337
1229868974076309504
1229869087775449088
1229869441476939780
1229869695521697792
1229869931296182272
1229869949046448128
1229869978524045314
1229870231000174592
1229870392308830209
1229870585326342145
1229870830944952323
1229870881998090242
1229871192678555651
1229871203336310792
1229871372844830720
1229871594639626240
1229871635060187139
1229871744493772801
1229871882889056262
1229871984894447618
1229872055434301440
1229872266030321666
1229872313308286981
1229872436201578507
1229872495857225729
1229872558843015173
1229872559061192704
1229872568947105792
1229872898229391360
1229873224474865664
1229873278644367363
1229873327730237440
1229873751090700299
1229873870783623168
1229873911472574465
1229874096336461824
1229874303845490691
1229874536771936261
1229875111551012864
1229875404871258112
1229875593921155078
1229875598106992640
1229875711458054144
1229875745373270018
1229875818345717762
1229876136282333184
1229876289986793472
1229876419032948736
1229876494991687681
1229876718716030978
1229878108381237248
1229878438351298563
1229878448451182592
1229878620857995265
1229878777863458818
1229878807097757697
1229878956226236416
1229879598349012992
1229880830647992320
1229881580086317056
1229881708272660480
1229881727197368320
1229881746403078144
1229882706823188483
1229882889971683328
1229883110675877893
1229883940556738565
1229884962435936258
1229885019109412864
1229885272063643648
1229885286240399360
1229886203048136707
1229886625934716937
1229886643823349766
1229886710386917376
1229886775537098759
1229886852494172162
1229887144124088320
1229887152168820736
1229887351381528579
1229887415277510658
1229887641170124802
1229887925627826176
1229888157660913664
1229888320882302977
1229888533420265474
1229888788467527681
1229889401955799040
1229889517936619528
1229890083676938241
1229890121404747776
1229890198122704896
1229890668044201986
1229891456372035584
1229891550706044930
1229891642850672646
1229891645019185152
1229891694721667072
1229891729601503233
1229891882278412288
1229892719679594497
1229892839783510018
1229893212313178112
1229893306412392448
1229893892348293120
1229894451679629312
1229895738529865729
1229896652363833345
1229896873760247810
1229897024918769664
1229897099841613824
1229898207586635778
1229898416534249473
1229899438979768325
1229899564729163776
1229899705615888389
1229899803099828224
1229901235362443265
1229901300185391104
1229901407697952768
1229901733213724672
1229902238048452608
1229902241232039941
1229902671924092939
1229903828457267200
1229904105046528003
1229904834154967040
1229905018158903297
1229905641332002816
1229905998527242241
1229906044182286337
1229906213535698944
1229906792676823046
1229906997321097216
1229907072864657411
1229907167857258497
1229907485324120064
1229908051492265985
1229908734316552195
1229908759947902986
1229908852805644294
1229909011245477890
1229909038013517825
1229909229479321600
1229909733609549826
1229910674656067584
1229911007260217344
1229911552314281991
1229911692114612224
1229912406257754113
1229912674445799425
1229912807530991616
1229914208596320257
1229914352846868482
1229914877432606720
1229915266554966018
1229915682281795585
1229915685159084032
1229915856852963329
1229916023240957954
1229916258558038016
1229916309154140160
1229916584782811138
1229917049130029059
1229917176678711297
1229917324754477057
1229917714917011456
1229919306965753859
1229921903621611522
1229922088716247046
1229922988700700672
1229923063317303297
1229923751522951170
1229924602262048769
1229925895013621761
1229927126872317954
1229927420536463361
1229927775370465281
1229928656593735685
1229929848862363648
1229930495422713858
1229930563252998145
1229931539254915072
1229932106702348288
1229933246932230144
1229935330217857024
1229937321048526850
1229937665744756737
1229938443402272768
1229939004625313792
1229941235118465026
1229941573762375681
1229943004787609600
1229943935285563392
1229944500102938625
1229945040228802560
1229945489946267648
1229946326529474560
1229946931440488450
1229947121845129218
1229948178713260032
1229949347074314240
1229949513839861762
1229950732549357568
1229950890691284992
1229953690309660672
1229954202291646469
1229954786428100609
1229956335028097024
1229956400027070464
1229956418641502209
1229957455695798272
1229957850140684289
1229958253980856320
1229959161150091264
1229959415564029952
1229959973733634050
1229961378741604352
1229962904562290691
1229963239464882177
1229963307400024065
1229963565572018176
1229964048395051009
1229966147488972803
1229966391102578688
1229966696091389954
1229968823358492675
1229968870208888832
1229969215899230208
1229969747888033794
1229969751612493824
1229969968130863105
1229970372172427264
1229970677492572161
1229971028513841152
1229971539963109376
1229971556681605120
1229973214853554176
1229973577027538945
1229977748384485377
1229977834086633472
1229977844928917504
1229978681147318273
1229979012719677440
1229979071448264704
1229979445714399232
1229979737625448449
1229980214027001856
1229981418564046851
1229981730158895105
1229981813453574145
1229982892807376896
1229984042084376582
1229984610936934401
1229985097430061056
1229986228524789763
1229988224191418369
1229988248279273472
1229988556178849792
1229988997491036162
1229989299724132353
1229989967407075330
1229990178355392512
1229991396381249537
1229992016127373312
1229993517168168960
1229993734483456000
1229994191511543808
1229994810968285184
1229995016489177089
1229995109913112578
1229996645238083584
1229996806198693888
1229996980186820608
1229997747199148032
1229998219666608129
1229999861350699008
1230001601164840961
1230002737661779968
1230003841120325635
1230004212160921600
1230004310618058752
1230004659974234112
1230004710960177153
1230005843443232768
1230005997093126144
1230006833739390976
1230007165592756224
1230007325357899777
1230010531152527363
1230011295686176768
1230012333243666432
1230013950005272577
1230013959912271872
1230014153412182016
1230014314297380864
1230014912992292864
1230015458616713216
1230015564388585473
1230015924146769920
1230017024476184576
1230017575804919808
1230018328116199425
1230020260411121664
1230020927020322816
1230021744318042112
1230022350843850752
1230024093078106112
1230024557085544449
1230025114965680129
1230025532672290816
1230025909094187009
1230027590276206593
1230028047396593664
1230028481498669056
1230030101099827201
1230031445051265024
1230032916346023937
1230032942577176577
1230034116952969216
1230035370026426368
1230035554764500992
1230036501616041984
1230036962456805376
1230040593771921409
1230041995365769217
1230045023598776320
1230045684117667840
1230047199834312704
1230048037222916096
1230049039216971776
1230049288409014276
1230050968915542017
1230051966358827010
1230053120522293253
1230054182247424001
1230055283923259393
1230055908018917377
1230059941999804418
1230060369353244676
1230061207421378565
1230061334957633536
1230062141199265793
1230063522865991680
1230064258177736705
1230065092483571713
1230068069101395969
1230069210593796098
1230070462518120448
1230071193606250496
1230071431452643328
1230072278710456320
1230072298905985024
1230072678972874752
1230072878340673541
1230077123077005312
1230077147827638272
1230078941781790720
1230079731380473857
1230081904415735809
1230081945620578304
1230082483494047744
1230086864213856257
1230088738266583042
1230091499729301504
1230091830471090176
1230092097170087937
1230092319229140992
1230093556401999872
1230096595129159682
1230096691656822784
1230097577770704897
1230098376835915776
1230098740486254592
1230104956990083072
1230106727644901376
1230107484888686592
1230110022207713283
1230116137175863296
1230119170391650304
1230121198954143744
1230124182949814273
1230130048272871427
1230131751403606016
1230138076460199936
1230138934715351040
1230143050044887040
1230149134482657280
1230151650028986368
1230153495979970560
1230159086550999040
1230162037193543681
1230168207304073216
1230168298127601670
1230170977008529410
1230171612391133186
1230174346578137088
1230184572056428544
1230186123114242050
1230191292975636480
1230191360910778380
1230195373655941121
1230200034966241280
1230208041661890561
1230209169531297792
1230211690941337601
1230214158894927873
1230216352876593154
1230217135261147140
1230218780195860481
1230219735347888132
1230222417118846976
1230224909307129858
1230227714629677056
1230228482828984321
1230231292358336512
1230234966153453570
1230239986722725892
1230244003867713542
1230245177324904449
1230258009433104385
1230258986752061442
1230260220728836099
1230263903390720001
1230266750266224641
1230268147145592834
1230277518906871810
1230279803258974209
1230285091789778945
1230290678351106048
1230292526378180608
1230328423677091841
1230338278437654529
1230339491321307136
1230339792203845632
1230357110254338048
1230371227900022784
1230371425917206528
1230375310958497792
1230376028926828545
1230377987289309184
1230399853928288256
1230402276017217536
1230414488417062913
1230414946523062272
1230434560971812870
1230436347158155264
1230444747506044928
1230446845559742464
1230449034067939328
1230452753698344962
1230452916722356224
1230457787576127491
1230465549202808837
1230469375876108288
1230483946229641216
1230485088569348099
1230493432772210688
1230498817432342528
1230503422857748480
1230518054725062656
1230523122518024193
1230524873468006400
1230525054980624385
1230525844055085056
1230528281709088768
1230529670187298816
1230531790277836801
1230539975235686402
1230542268249014275
1230545017866985473
1230551289408323584
1230562260633800709
1230567680551211009
1230575648999170048
1230577003281207297
1230579378477768704
1230579933036122112
1230582567046459392
1230586048150999040
1230586055792918530
1230603256507793410
1230611643370962946
1230626412828250115
1230634580207718402
1230672840900456448
1230697982623768577
1230698660549128192
1230755395217395713
1230759988500422656
1230794157209329664
1230794392740429824
1230796298711916544
1230823084355182592
1230823382456901633
1230827411278831618
1230843322350153728
1230854663886426112
1230860084869312513
1230889767103012866
1230924618866872321
1230949001744257024
1230952876547231752
1230968039455252484
1230969563010994178
1230971358663847936
1230974123746242563
1230974547555475458
1230976827759431680
1230980364589506560
1230995747266584577
1231007638944653314
1231025176470589440
1231035173128560640
1231044255172435968
1231171781345542144
1231177223220137986
1231178692296093696
1231182917612777474
1231199260441530368
1231203224499126272
1231213945886826499
1231256876106604548
1231296880690286595
1231309673409712130
1231330823422586880
1231346153909821446
1231489441912500224
1231497138774913024
1231507664854757377
1231520659840303106
1231533238839128064
1231539123133067266
1231544119232802816
1231582327102431235
1231586254262808582
1231673414483632131
1231791377631076353
1231834237826949120
1231907584346656768
1231908733678211076
1231909188797960193
1231909701887066113
1231910231711584256
1231913597342748676
1231913758626320384
1231914644396224512
1231924926908686336
1231927407487209474
1231928238743654400
1231930166680702976
1231931187276451846
1231933092803366912
1231933988215894016
1231934047624015872
1231942127984283648
1231943140619247616
1231943845706948608
1231944051043250177
1231948366206111744
1231949319927947266
1231950147996831745
1231952562556895232
1231952896398372869
1231955926313242625
1231956388194213888
1231956927762042881
1231957897967480833
1231959639480242178
1231961744332988418
1231962100769136640
1231962336497414151
1231963259730878470
1231964380893503489
1231964892661506048
1231967155559829506
1231969110868840455
1231970208149098498
1231972792167542785
1231973132489154566
1231973446831280128
1231981006191824900
1231984135289409541
1231991970823888896
1231993017151770624
1231994095972880384
1232005327308062720
1232005964636786696
1232018474630860813
1232028340468449282
1232036818209648641
1232037269541998592
1232038491451772928
1232039562681225216
1232039844009959430
1232046986611826690
1232053692976816133
1232056990949683202
1232068933227884544
1232073673135226885
1232083083110879233
1232092205042556929
1232093673644580865
1232100585987543041
1232107994218999810
1232111484882313216
1232114402435981312
1232118806304215050
1232141360481873920
1232152750407942144
1232158244480724992
1232167726652755968
1232189560995667974
1232202133321154561
1232218760121143296
1232236675398545408
1232284198045700097
1232286558499278848
1232312162862845954
1232407278667599872
1232421675251175425
1232464856839639041
1232482335456559104
1232507044969828352
1232550326013743105
1232606441082687489
1232624997874663424
1232649049741963266
1232668014744608768
1232707335266721794
1232770969875484673
1232791108427669506
1232906299391778817
1232973219747024897
1233039864393871362
1233075856257495043
1233148123377229824
1233166039921414150
1233356955319705600
1233401868149194753
1233596581976399872
1234051127903170560
1234140780761174018
1234201870790512645
1234271852186546176
1234307366209933312
1235898431408873472
1236119093838778368
1236483387776544768
1236591303800078336
1242361461030207488
1242524146124365831
1242555031901155328
1242566436578623488
1242709795091726342
1244214361914257408
1253038383028453378
1253048385029931013
1253765452498497536
1253778392438190082
1253781453684572161
1260824629893115904
1261445592573546497
1263599093097525248
1263637391576895488
1265123643375435777
1266480280862445568
##1229703286330142721##
1229704080433537026
##1229778845420707841##
1247770641870147590
##1229831985834659840##
1229844220321640449
##1230039969017757702##
1230166891550957568
##1230210101128114177##
1230226861407571968
1230244956742258690
1230304431473876994
1230350592993824769
1230352663923040256
1230376685578702848
1230377792178728960
1230420049422364672
1230493706584764417
1230568422456557569
1230797458856464384
1231293639420149760
1231990366489993216
##1230139008719687681##
1230143455009103874
1230222876919443459
1230223119513726983
1230223617599905792
1230224653173624834
1230225139138166796
1230225793239986176
1230226539716993024
1230227069897969664
1230230434967150593
1230231399380156416
1230231433219903491
1230232040878071809
1230232623026405378
1230232770527539211
1230232943781527552
1230234931839848453
1230237601472356352
1230239604214829058
1230241864206422016
1230243350898499584
1230245435400433667
1230245874003009537
1230246315096977410
1230247701884874752
1230249297368813568
1230251045420519424
1230258649454567425
1230259126548168704
1230261755110137857
1230262263350808578
1230263729763254276
1230265205252403204
1230267368233934848
1230267664171503621
1230271549040668673
1230273111108526090
1230279909672656896
1230280178858938369
1230280943824441345
1230285197691805697
1230292474804961280
1230293684765286400
1230303871454580736
1230318685040058369
1230321582842818561
1230323156986089473
1230325947871748097
1230326983063736320
1230328600022409216
1230347900770799616
1230350119725301760
1230352441402707970
1230352587532181504
1230356065306521601
1230357832249364482
1230359348192432128
1230368041952841729
1230372207844614144
1230377933019262976
1230392756377399296
1230392867413274624
1230405469090521088
1230408255156969472
1230416338218291203
1230416518866927616
1230422965671645184
1230425157510057990
1230436389482901504
1230442306135842817
1230459024862216195
1230460256645459968
1230463183502159874
1230478946766086144
1230494103730839553
1230495583137386496
1230505346340392960
1230526882053074944
1230526901170659328
1230527193807228929
1230560283581530113
1230560417862209536
1230561405427806208
1230568533203050498
1230576540527865861
1230618067727716356
1230641880284749826
1230797057587384320
1230803392026550272
1230814221065166848
1230948325362409473
1231293552417812480
1231313576570257409
1231608314724802560
1231734048193732608
1232075294279901184
1232284910616031232
1232807969328390145
1234892830344171520
##1230141364454744065##
1230158331773440000
##1230436104660299778##
1230443727090569217
##1229707786478551040##
1229711990903463945
1229712818015883264
1229714225779630086
1229719344885751810
1229721774369230849
1229722372363689984
1229723497724862464
1229729708889268227
1229733299507073024
1229751012287754240
1229751819439681538
1229762046067126272
1229806650372038658
1229854189905489923
1229892300181995521
1229915204600946689
1229982821680369664
##1230209383973445636##
1230210289347461128
##1234566684222087170##
1234566849494474753
1234567051735437312
1234567070781779971
1234567084945874944
1234567106882088960
1234567139513815042
1234567150544859137
1234567163098300416
1234567674618875904
1234567983047028736
1234568059374972928
1234568128706809860
1234568161468567555
1234568200123187202
1234568352795893764
1234568726873280513
1234568744548098054
1234569494913257475
1234570204472053760
1234572307382898695
1234573106955669504
1234573411575324672
1234574633610948609
1234574960531820546
1234575947577294848
1234576213965975552
1234576864456400896
1234578418768936963
1234578525987966976
1234580025908891649
1234581872627286016
1234582226911793152
1234595293242568704
1234595865840537600
1234596402052894721
1234609817366519808
1234610639798231040
1234630232264577024
1234632435712872449
1234634636032126977
1234644700176494593
1234684471149903872
1234716671379636224
1234724990081044480
1234756138664701952
1234770488649568257
1234784137229279232
1234795643887026181
1234829634472157184
1234839191235780608
1234847326000340997
1234879266069848064
1234887957615648768
1234916849202221062
1235021230111109120
1235168457605423106
1236392895336382464
1242700646148538368
1245894708099985408
##1252317385832443905##
1252323877713334275
##1228493500305592321##
1228508631383101442
1230256518999703554
1230261341778255875
1230362615874039808
##1229138148770357251##
1229823014453358592
##1229992324643655680##
1229992604156256256
1229992945778151424
1229994746514464773
1229994830677381121
1230000988926480384
1230006142304210944
1230006660208451584
1230009413823533058
1230013999338618880
1230017975916384256
1230019242415841282
1230023141159841793
1230026800216104961
1230026895879802880
1230028827923034112
1230031049859698689
1230036233545494528
1230039720047984641
1230070100105027585
1230075506126659585
1230088169015717890
1230096476401020928
1230111480256892928
1230113896574394369
1230225269358764037
1230254678191099904
1230330953878441985
1230333577964945412
1230433251233275904
1230477952405688320
1233153148807712770
##1230068227969101824##
1230080785429991424
##1230170406562226176##
1230185858730516480
1234222130960699396
##1230183652874690561##
1230226964750966785
1230227586321612802
1230233640648441858
1230237852279148544
1230245044235403264
1230246525101539333
1230252217086750720
1230252801940480000
1230265468709220357
1230294289952989188
1230337738332889088
1230350461716267008
1230352678544433155
1230395272473305088
1230404970069053440
1230469690658566145
1230493753292599299
1230503825129295873
1230529112638414848
1230538272847335426
1230732161520553985
1230797565874122752
1230894433165598721
1231096116692779008
1231293663466131456
1231338586710081536
##1230188386109067265##
1230209422053560321
##1230203624887848960##
1230204104452038657
##1230211494492680198##
1230212783427477504
1230213602453458944
1230288904227557377
1230318607286050817
1230446998865797120
##1230222773580189697##
1230354639494754304
1230381389687721984
1231176683673313280
##1230248789849624579##
1230249014483771392
##1230524857684779008##
1230525277522059265
1230525378051084290
1230525897083641857
1230526010195677186
1230526604742361094
1230526676225884163
1230527010134462465
1230528501343772672
1230529250467483649
1230530204575109120
1230530570066722819
1230531821206634503
1230532331930345472
1230534379069476866
1230536199837749249
1230538448701984768
1230539915483586560
1230543434349522946
1230543719880888321
1230546071312650242
1230550397074333696
1230555180195696640
1230568449044205568
1230573593815375877
1230575427309178881
1230578280119570437
1230579826257539072
1230597419676688392
1230600847891017728
1230611965329973250
1230616324700807168
1230620019060596741
1230621709717377024
1230627294860853248
1230659249031852034
1230684132449148929
1230728464833007617
1230735703236984833
1230749431370137601
1230757591443132416
1230806934489571329
1230906315519774721
1230907549169389574
1230944337023897603
1231263455795142656
1244258952424153088
##1230722578479603713##
1230727033899978755
1230744248846151683
##1230866301704429569##
1233235977163956225
##1231290517109051393##
1231295743446704129
1231543088356765705
1231660976472285191
##1231665105311420416##
1231669163543990272
1231856642721034242
##1231722225654476801##
1231730876461015040
1231734939055423488
##1231828175132483584##
1231900923540180992
1232083579166973958
##1232528804716765185##
1232529547582738433
##1232764659943563264##
1232765164174356481
1232765765918633984
1232769093129920518
1232769160591159298
1232771297505140736
1232771619631894528
1232774743507513344
1232776833587974145
1232925161139134464
1233196215837298688
1233281015680028672
1235457581348503553
1238928862848978946
1246720974663356416
1263573357863329802
##1233309487680958464##
1233312932030820354
1233347642656251905
1233624535200649217
##1233365538786750465##
1233365580767469570
1233365638934073344
##1233435457352015874##
1233436026774925312
##1233456515127877633##
1233456967143903233
1233457242415992834
1233457759506575366
1233458335271223298
1233458766592565249
1233459456408727553
1233460496784818178
1233466348828856320
1233467695355568128
1233471894441144323
1233472577236078592
1233479778482753543
1233483388545355785
1233484331932430336
1233485072487124993
1233491569543667712
1233494354137927680
1233517502946271232
1233521611158016001
1233524588233076736
1233528235876548610
1233542952162668546
1233556364812849153
1233715097933111297
##1233472802776342529##
1233472998524452864
1233482795474923523
1233525129260523522
1233712823261331457
1233718165827457025
##1233871360163745792##
1233871382926241794
##1233878144194576385##
1233878562358341632
1234801805650997249
##1239666752105197577##
1239670842608562177
1239749546244280320
1239752057894076416
1239756068940644352
1239801107578265600
1239820331000479744
1239852871237107715
1239907645319979009
##1240053606725947394##
1240583878647197697
##1244307980767694849##
1244309468650901513
##1229475108768534528##
1229545367093612545
1229649192873795584
1230230986769739777
1230236188126142464
1230419991272591361
##1229717279954407425##
1229717500532838400
1229717647220236288
1229717996815384576
1229718379273084929
1229721752445575168
1229736414436302848
1229781034029457421
1229782067321483264
1229803205997056000
1229812600982188034
1229813505022472193
1229842595360182282
##1229794951095037954##
1229823160457072641
##1229832856152748032##
1230503680463560711
##1229882304966860800##
1229888677876244480
1229896053639581698
1229902449995141120
1229902483268538370
1229903008689008640
1229906795411517440
1229921135715901440
1230040936236843008
1230103738259472384
1230108693674549248
1230143573875662849
1230241197886779392
1230241302442315776
1230241673365610496
1230244143957409798
1230249735895887875
1230261211406766080
1230264272929853443
1230264334439321605
1230264578405171202
1230266431104835586
1230298510383353857
1230303164991188994
1230348731901448192
1230357204638851072
1230375958370275330
1230392399572197378
1230393849492713472
1230418742372421632
1230421918538440704
1230467882024415232
1230534662990258177
1230899005112115201
1231661159759171585
1231675206755848192
1231984087356903426
1231984906676424706
1231986219581612033
1231989329226092548
1232081948128038912
1232131886857826308
1232244163468570624
1232336007229558792
1232386299216236544
1233101090570285058
1238213495465938945
1242426914297479170
##1229911909396295680##
1230202609178464261
##1232126669017636864##
1232148633904123904
##1232389991646535681##
1232391903502635008
1232412770395705346
1232563153868857345
1232565707164049408
1232601477283270656
1232626377423228928
1233395526231564288
##1232423645659705349##
1235598648093757440
##1232912545100521472##
1232914324177420288
1232916364739956736
1232920580904701952
1236025425668825094
##1233147482978344961##
1233386060933140480
1233505488458919938
##1233155641927196672##
1233415977397899264
1234405766418681857
1234439347501486081
1238587566481453058
1238587805753729024
##1234538242348867584##
1234544559507546114
##1234466791591743489##
1234786232879570944
##1234944983544848396##
1235100494978109442
##1235284699058262016##
1235287738074771457
1235312375911321602
1235336254000173059
1235443841152376833
1235522502287339521
1235664450197299200
1235698866999050240
1236826402550317056
1237712516576395270
##1235331504168939521##
1236387005988208642
1236677012250603520
1237295448098058240
1238179552960053249
1241452152452767744
##1235666413479751683##
1235666676269674500
1235666820595625984
1235667211827769352
1235668385649897473
1235669962854928385
1235677074310017025
1235686054210007040
1235687624712437760
1235692354474041351
1235693524013576192
1235705662086279168
1235752116846833664
1235757254009393153
1235758591107305474
1235776490924634112
1235853064218611714
1235870969673199616
1235877459196891136
1235882741713035274
1235901726953259008
1235906853768396801
1235917799639396358
1235924633964236801
1235935178381561858
1235959042201305090
1235965783102062592
1235987957779230720
1235997011771568130
1236031920921853953
1236492536295940096
1236539623897288705
1236636113323864066
1236641106600898566
1236887610213228544
1237910562132066304
1238000632914681856
1238001253659049990
1238019960779214848
1238600558715588609
1241799518452097031
##1235738566229192704##
1238582681715249156
1238844406301634560
##1236025698080428032##
1236719517625192448
##1236292893213589505##
1236305022310387713
1236344053337333760
1236372890200784898
1236463727068811264
1236535253755461633
1236641265690828802
1236780131852660736
1236858167948173312
1236900814544941056
1240834129836552193
##1236390807759962113##
1236638440415997952
1236738282404360192
##1236977532366393344##
1236978763944124417
1236997369314582532
1237000804055334917
1237021957440319488
##1237129664503611393##
1237129962748076033
1237145788599451648
##1238049160030564354##
1238049418328317953
1238049453786923014
1238610205992157185
1238629014035730437
1239984914231107586
1240705919413112832
##1238589406145101824##
1238589697691189256
1238594295810187265
1238607911779213322
1238773389411733504
1238775300873469953
1238777968870273025
1238791971725959169
1239343667241988097
1239366934464008197
1239378111655038976
1241459193409941504
1241505007498940421
##1239296572661391366##
1239310678575452161
1239458931589689344
##1239337783870849028##
1239342667701592064
1239343757151145986
1239549055727996930
1242748384848609280
##1248222660250697734##
1248366110472364038
##1249110110942531584##
1249112082437439488
1249115591899631619
##1249978230741876736##
1250437690102702081
##1250523892973780998##
1250524715409645568
1250524820221177866
1250525149134192641
1250525241014697991
1250525468102664192
1250525529750540290
1250525668078768128
1250526107373273091
1250526162230665216
1250527005097017347
1250527111561052162
1250527279840714753
1250527630631276544
1250527943996121089
1250528144819396614
1250528414630625282
1250528535699238913
1250528547292229632
1250529149980225537
1250529544462839808
1250529688654659584
1250529801896673283
1250529860885381127
1250530300989452289
1250531094098837506
1250531482050990083
1250531571288981505
1250532000232022016
1250532039910187014
1250532348451577862
1250532383067168768
1250532384631656448
1250532560398094343
1250532595609239558
1250534330532757509
1250534410233024514
1250535113345171457
1250535259860619265
1250535995742789632
1250536176550850560
1250536807537704961
1250537380454547456
1250537583068790786
1250539426255601672
1250539525748649984
1250539862001942529
1250540146795167747
1250540292790538243
1250540528258727945
1250540632734609408
1250541074403205121
1250541223137488898
1250541434941431813
1250543685986631688
1250544435122880513
1250545921873588224
1250546278716575745
1250547296225366020
1250547649750728704
1250548495691505664
1250548843172769801
1250549126472876032
1250549534662569991
1250551770176278533
1250552801492717574
1250553203072159747
1250553713527267330
1250554741727334401
1250554837844078598
1250554861608939520
1250556196974624768
1250556864565260289
1250558286480490496
1250558449697595394
1250559276004900864
1250561146760896514
1250561868210503680
1250562487512072192
1250562541744513026
1250563287751757824
1250563584817430530
1250564371979395077
1250565873582178312
1250566068457934848
1250566720676179969
1250566752221749252
1250567729859485704
1250567749677518849
1250568400172208128
1250569475080019968
1250570065461882880
1250570343858700288
1250572157970767872
1250572823904628739
1250572935632424963
1250573041811238913
1250573575129567233
1250574221257912326
1250574317940867073
1250575540945326080
1250578759335452672
1250580722634706944
1250585846635470848
1250586636880154625
1250588306498297856
1250591562125529090
1250591688424292352
1250592849546051590
1250592881016004609
1250593913917919233
1250595696220286976
1250596007462797312
1250596095886942210
1250597101073043456
1250598519456649218
1250598636154769416
1250603363978313728
1250603374376103937
1250614321610141699
1250614674648956928
1250616204223492096
1250618721888096262
1250619065359622146
1250619382037975041
1250620007391920129
1250629838345568257
1250632253211901953
1250634052966776832
1250636485235290114
1250637090003603458
1250637460910071813
1250639647723659264
1250643183790362624
1250644566354440193
1250646395603898368
1250647152130473985
1250648850718765057
1250648894670864384
1250649822643748864
1250653661539315713
1250655730761445376
1250666979620462592
1250668824686452736
1250669976765313026
1250676121949044736
1250676338819809280
1250677590312005632
1250678254249246720
1250678356254785536
1250679794552975360
1250683257366036480
1250687852146561024
1250688346973749249
1250690622299791361
1250692073138913280
1250692090327183360
1250692476010102784
1250700345212313600
1250708914821386240
1250711750753882112
1250714377688399872
1250714618273677312
1250716305277190149
1250721568851988481
1250724687056973824
1250724887523663872
1250726648355356672
1250730015823724544
1250734475144765442
1250736456005550087
1250738264148979713
1250742791489142787
1250743500133601286
1250743955370782721
1250746766137397249
1250748556144762881
1250750019801661441
1250750314921287681
1250751718977155074
1250751895750279169
1250752962143629312
1250756033645096963
1250756086099034123
1250756789559271424
1250757085857538048
1250757437331652608
1250757796720791552
1250759287703568386
1250759777900277760
1250762318436327429
1250762361922818048
1250763471219802113
1250765894059544578
1250769615116013571
1250772347738640384
1250773438412787712
1250773546667827202
1250774590185508865
1250777011276087297
1250777118763618304
1250778834288480257
1250779570887852034
1250780872413982720
1250784779806662661
1250787462101811200
1250788067289567236
1250788399700721664
1250789148744724481
1250789165681324032
1250790374064480256
1250793375323893761
1250795360244637704
1250799585582354432
1250801504480628736
1250810262699024384
1250810453766389761
1250811654775939073
1250814024205447173
1250820611133378561
1250826115490418688
1250826680224165888
1250827385286594560
1250843906784321537
1250857135480635396
1250862448523071491
1250865667710111746
1250865891895640066
1250873058044325893
1250874058884907013
1250877672529461248
1250883347322200079
1250891055412719616
1250906769481662464
1250914251709059074
1250917232537935873
1250929710873358338
1251004601723244546
1251060519311728641
1251140206243151875
1251144427805929475
1251152057559445505
1251152929903439874
1251160692993871873
1251180566310989824
1251191781020110851
1251362473690705920
1251412497145499650
1251538831230238720
1251990677916913666
1251991141949550594
1251991458804109313
1251994941963808780
1251996381780246538
1251996945339559942
1251999160800366608
1252000886764773378
1252000920688365568
1252001596789137411
1252016401197432834
1252017779651366913
1252028216786784265
1252031718065868800
1252034729244852224
1252036807333679104
1252038964866887681
1252044327834079232
1252069740442537985
1252078424652480512
1252079963890728961
1252087238349017089
1252107371901595648
1252107941160902656
1252125394259632129
1252126537589104641
1252134207893254145
1252134576715005953
1252135726348713984
1252135792224468992
1252136291300507650
1252144085525291008
1252150772030214151
1252193377614848001
1252201375393406976
1252229247797653507
1252233636880908291
1252262961000914946
1252263660942221312
1252264206147006464
1252278593725571075
1252286074740772865
1252311952539496449
1252324056294199297
1252331085645692929
1252356248374112256
1253382532126687233
1254146698584174592
1258178551725113344
1258178660512813057
1258178910321356801
1258182603460562946
1258183995596120066
1258194043592421382
1258196435138490369
1258203700348231682
1258208583688368128
1258209039206547458
1258209582670909441
1258213467506475008
1258214828038066177
1258215343627161600
1258218650374414336
1258229793084096512
1258236226521436161
1258240477662515201
1258241816878604288
1258245914591985664
1258246757537984512
1258248000146681856
1258248439323865088
1258254954663378944
1258263444861657093
1258265565396860933
1258275145497677824
1258280857372102656
1258284550926598145
1258285975064776710
1258297251220291585
1258315704996179970
1258318576601137152
1258319085890408448
1258319172246876160
1258322746037108736
1258322785270718464
1258327794917965825
1258329098620932098
1258329993366642689
1258333290286678017
1258339074202578946
1258347390744039424
1258353490117738496
1258353686235025408
1258354775311224833
1258360103771746304
1258360321221242882
1258360942016020480
1258362174189289472
1258362317462548484
1258363455981211648
1258371171717976065
1258375187063504897
1258375564718747652
1258375816225992706
1258381464229613568
1258382194948661250
1258382825008619520
1258382848630886407
1258383626686906369
1258391371087523840
1258393443195334657
1258393819541901315
1258394344190619648
1258394688668798977
1258395358553616385
1258396167597105153
1258396611392278528
1258396685979525121
1258396747795136513
1258399735544786945
1258400068576706561
1258401117844709377
1258405259480793089
1258407032887148546
1258410046498750464
1258413556879548416
1258416107528097792
1258419367915724801
1258430356589629442
1258436689820823554
1258436738856431624
1258440150511685632
1258442079090458630
1258450603761598466
1258450879524544513
1258453151113510912
1258453656002801665
1258460909682544640
1258462685806592003
1258462732434714626
1258464497829916672
1258464933060194305
1258465517683294211
1258466104449667076
1258466618000244743
1258466914864713730
1258467614122217472
1258467649572483072
1258469883999932416
1258470177479561225
1258475005404491778
1258476163867049999
1258476658715222024
1258479475366465537
1258480524412231688
1258481090647461888
1258483215221825537
1258484345943326721
1258485812871692288
1258486632065441795
1258487248590458880
1258488250815168512
1258488513105997826
1258493238182400000
1258496035602812930
1258496090640433152
1258496093349990401
1258500444034420743
1258501446762467337
1258501635472609281
1258502516360327168
1258504502082142208
1258511478149136385
1258512646132793346
1258519603526791168
1258523190722101248
1258537178289721345
1258542980270403586
1258548329589305344
1258555002458484736
1258556555051614209
1258556975945789443
1258560686550024195
1258560731156549643
1258578740445143040
1258580719401603078
1258588261385220099
1258594496687804416
1258730784858476544
1258748108160356352
1258750557566701568
1258768761919848451
1258773641610887169
1258774637904879616
1258789133339820032
1258806183982489607
1258806277184131072
1258807196558778376
1258813006336659459
1258822069892141060
1258822845779578880
1258822935055200261
1258828751586107392
1258836147586961408
1258836262057902080
1258837385602793476
1258839606931468290
1258859655314505732
1258860871528394754
1258862173314363392
1258864812601348096
1258869626307559424
1258901631330144258
1258911547327471616
1258920156341964800
1258941388902760449
1258959895409328131
1259006171366768640
1259010805141471232
1259060426119286785
1259082974454218752
1259121825235324930
1259164909582966784
1259168079403237377
1259176620524539905
1259183540375298048
1259186662288044032
1259241516121260032
1259244943891144704
1259258695579512833
1259319205918314501
1259327356126351360
1259353617749938178
1259353786587459584
1259391871815757830
1259461296434675712
1259482822991060993
1259526724427091974
1259529867617542144
1259530631777792000
1259538347493654528
1259552795402870787
1259563115592679426
1259567093609095169
1259575648928108549
1259584866804432897
1259669100571365377
1259903556607410178
1260714824448835584
1261529982658060293
1263574397627097090
1263574488098234369
1263574693350686725
1263577260331880450
1263577260864483336
1263577486237020161
1263578249734561792
1263579513545388039
1263580286291337216
1263581720411992065
1263582716001267713
1263583072680697861
1263583440143699971
1263586215141314566
1263587373624856583
1263589078148083712
1263592079520755718
1263602896316370950
1263606700776570880
1263608285850144770
1263609129156870145
1263612132626763776
1263639836172451840
1263642035250176001
1263654312569442304
1263663130401542145
1263669559766192129
1263669790289399808
1263672797009567744
1263685355754196992
1263685776891695104
1263689675488837633
1263793004135006209
1263796357074235392
1263811596335316992
1263813501660921856
1263833564338102273
1263838036640567302
1263871975409233920
1263880223407382529
1263888120065523714
1263893601089552384
1263897037399097344
1263898299792338944
1263911771972272129
1263912304577576961
1263918792582848513
1263919350140018694
1263934914258440198
1263936201389674496
1263938381223989248
1263939730900738048
1263945138277101575
1263945264391487489
1263948365517242369
1263948715364147202
1263948951482482688
1263953082053832706
1263955157232095237
1263957590385610752
1263960828593745921
1263963653113593862
1263966086732697601
1263986486195769349
1264023677701697537
1264030389988966401
1264033205079945216
1264038953251979264
1264049760186613760
1264056823587405825
1264086097698701314
1264119382671863808
1264123657569406978
1264162749308944384
1264165665306484736
1264219554621853696
1264264385293361154
1265456621779640320
1265773647639216130
1265781867678248968
1266385051173912578
1266404661638111236
1266405157824274434
1266574173658394630
1266759308458504195
##1251121315815329798##
1251123198332211201
1251204123074142208
