##1241860881719451654##
1241863151643234305
##1245931990332739587##
1245932239583465472
1245936498563846144
1245944570380275717
1245945568993726464
1245953800105537537
1245960989557714944
1246009731237494784
1246022802509045760
1246049720906256389
1246137427263197184
1246182520284045313
1250075666906861569
1250520267014778881
1250717457733517312
##1246430804428890114##
1246517084592517120
1246517799725522949
##1246461417496117252##
1246462045668679680
1246464389148008448
1246491151902932997
1246534781204037632
1246535658090438658
1246538355682279429
##1246465703634513920##
1246467546968178691
1246552663984087040
1246748846430044161
1246840244319764480
1246847552349179906
1246906169094004736
##1246495215432712195##
1246527315338821632
##1237623583502983168##
1237628455983996928
1237652192011714562
1237752901902258176
1237786291120545792
1237811049421832193
1237818612314001414
1237820089111662594
1237839896049418243
1237844972755288064
1237871261981835264
1238007540123910144
1238009406303993857
1238069121012695046
##1246580685286060034##
1246580981986996230
1246581178695667712
1246581672310702083
1246582855041519619
1246582860028489728
1246584215132672003
1246584526165495810
1246585674163240960
1246586052892114945
1246588407511465985
1246589975669411841
1246590563958378497
1246591008277704706
1246592877028876288
1246594197865594882
1246596996892430342
1246597384353861637
1246599489508577281
1246606115791687681
1246698676740898816
1246732917960736770
1246737401067831296
1246741023881134081
1246803617731969024
1246822446835040257
1246849569952083969
1246854966989504517
1246869921142919177
1247218176301109248
1247318786799292416
1248593483029303302
1248635388027166727
1251483437736824834
1255718238375350275
1255848382205243394
1257292736522342401
##1246558556104593411##
1246558788171313160
1246559396081143811
1246560021959368704
1246673729645674498
1246674372263370754
1246687072871686144
1246687616193314816
1246687729209016320
1246700606296862720
##1247622619517652996##
1247701000154120193
