##1222971333522468867##
1222971752483082240
1222971829721141249
1222971986344914947
1222972154305708034
1222972197767143425
1222972293288284160
1222972501543858176
1222973819347968000
1222974036390686720
1222974466092863493
1222974724369715209
1222974825737617409
1222976492034056192
1222976849313222662
1222977051424104449
1222977084030623746
1222977424415129601
1222978454465007616
1222978743515451392
1222978789208154113
1222978968615366656
1222979094373113856
1222979323197632519
1222979746348306437
1222980009171865600
1222981316129492993
1222981355052638208
1222981959653240835
1222982014233718785
1222982462919323648
1222982652325715968
1222982793413758978
1222983143931764740
1222983329907191810
1222983779972788232
1222984738211758080
1222984935016976385
1222984935499354113
1222985153645043712
1222985333652041736
1222986981078183942
1222987118911401991
1222987516619493376
1222988757659455488
1222988997095493635
1222989194148163602
1222989194559205377
1222989391058153485
1222989451363848193
1222989630796070912
1222990276618280961
1222990421468598272
1222990657171738624
1222990662284562432
1222991605055074312
1222991803357564934
1222993299004436490
1222993807588962316
1222994442283573248
1222994873353220117
1222994945486860302
1222994999903772676
1222996018469515265
1222997146103898112
1222998333922447368
1222998599778304002
1222999047709118465
1222999207910559744
1222999473523167242
1222999645309284353
1223000014471016456
1223000093592301568
1223000347267956738
1223000605012217857
1223001043124064257
1223001147713171456
1223001823851819008
1223001928629719040
1223002646480662533
1223002708468289536
1223002836893622272
1223003092142252032
1223003382912311298
1223003411597144066
1223004474777788417
1223005077859897344
1223005421260234752
1223005795115261953
1223006020873617410
1223006291548934144
1223006417038323712
1223006433626771456
1223006959911297024
1223007105734586373
1223007963994120193
1223008322552582144
1223009291617165312
1223009981047496705
1223010002442563584
1223010543063248896
1223010667827015681
1223010684692201475
1223010714249502720
1223010987680419840
1223011668755730436
1223011792240160769
1223012031445508097
1223012401953591296
1223012839838945280
1223012920512126978
1223013100758208514
1223013180626153472
1223013182433890304
1223013676015407107
1223013907142512640
1223014643578429440
1223015819942289408
1223015882898726913
1223016693422809088
1223016791573782532
1223016959945707521
1223017489950552065
1223018635817558016
1223018757225885701
1223020130390683648
1223020410960326658
1223020536579706880
1223020953938092032
1223021114227597313
1223021448912084992
1223021985090932736
1223022049947459586
1223022067110633472
1223022668351463424
1223022913332424704
1223023358419382273
1223023398605000704
1223023929150922754
1223024336623325192
1223024547953332227
1223024751163125760
1223024865403379714
1223024882591633409
1223024974375673870
1223025077232504832
1223025229569708033
1223026315709898753
1223026408395628544
1223026517770412036
1223026573093240833
1223026815280783360
1223027797557465088
1223027918466621440
1223028045709299713
1223028161501368320
1223028478276141056
1223029088593547266
1223029661506187264
1223029663066357760
1223029684822315008
1223032101240438786
1223032558507712512
1223032684961812480
1223033196704673797
1223033877029101568
1223034788606439429
1223035158397431809
1223036055244484613
1223036065730179073
1223036071749017606
1223037578116521987
1223037744181645318
1223038101100077063
1223038445528014849
1223038865650388992
1223039827559448576
1223040061501050885
1223040097857220611
1223040378242314242
1223040751824769025
1223041107216543744
1223041303518351360
1223043028853673985
1223044201463664640
1223046166297837575
1223046545303658497
1223046600479690754
1223047036645277696
1223049165757911040
1223050304318509056
1223050355887484931
1223050493569781761
1223052299557384192
1223053383952687104
1223054824188588033
1223055194977599496
1223055517095952385
1223055726161145856
1223056060388429825
1223056646169071616
1223059396642689024
1223059618550644736
1223060292701184000
1223061461142065152
1223061740516204544
1223062439408869380
1223063285790126082
1223063881792311302
1223065599665999874
1223066581967745027
1223069733907566593
1223069789519863808
1223069904712216581
1223074088656261123
1223074316612521984
1223077125445627904
1223080196066201600
1223080540846379008
1223081310018772993
1223081380793462785
1223083318213824518
1223084122094088197
1223084332920774663
1223084822031228928
1223086424334966786
1223087851585310721
1223088253387059200
1223088275629527046
1223091088816332800
1223091171943231489
1223093659299651584
1223093878246371329
1223096870886445058
1223101720269447169
1223103662345506816
1223104720329293826
1223105044188291078
1223105522368253955
1223106385342152705
1223106868937015296
1223106875958259712
1223109412606201856
1223110695568343041
1223111098993299458
1223111275388915713
1223111716050894849
1223112270030327814
1223112597794197507
1223113256555859968
1223113639617429506
1223115485924884483
1223115734101843968
1223117137968975878
1223120797784428544
1223120882974904322
1223121265935994880
1223122624223404032
1223123553110908928
1223125026519638017
1223126638407430144
1223130637755875328
1223130918749134848
1223133505326125056
1223133580605435904
1223134760245112833
1223138576407433223
1223138675711672320
1223140738411659264
1223141234723708928
1223141525204488192
1223142970771136512
1223143214875652096
1223146899080871936
1223151634194337793
1223152787472769025
1223152790115115008
1223152867864956933
1223153140129849344
1223153645497266176
1223153966357282816
1223154482445418496
1223154609222488064
1223154865595174912
1223156353532944386
1223156675835768832
1223157914111750144
1223159459444404227
1223161368842579968
1223161540691492865
1223162107480494080
1223162192721256448
1223162622863986694
1223162686378299392
1223162770570514432
1223164155114508288
1223164357464461312
1223164499945033728
1223164502541205504
1223165496972992518
1223165879296430080
1223166352984285185
1223166666177241089
1223167032641933314
1223167112488935424
1223167409273626624
1223168434252455936
1223169502906634240
1223170784769839107
1223171538876272640
1223171826240704512
1223172404530286592
1223172663629307904
1223173160251678720
1223173322403237888
1223173509754564608
1223173606382952448
1223173816609923072
1223174368412536833
1223174709807894529
1223175556507799553
1223175597175775232
1223176336254083072
1223176604194656256
1223176908067741696
1223178641552572417
1223182500945678337
1223182694172876800
1223183200266194946
1223183547835584512
1223184058605285378
1223184119955369985
1223185202496909312
1223185253646393344
1223186184630722560
1223188255052574720
1223188710352719872
1223189179925966852
1223190235124813824
1223191221398536193
1223191974091612161
1223191998364037121
1223193738379431936
1223194073990881280
1223194493643624450
1223195622687330304
1223196303871692800
1223198385206894594
1223201781800407040
1223202272865411072
1223205736240513025
1223208434922872833
1223210843308949504
1223210878679638017
1223220698140815366
1223225231696965633
1223225694437724161
1223226881547341824
1223226895405326337
1223227300054847488
1223229495827673088
1223230023878029313
1223236357071523841
1223238130049986561
1223238373051195392
1223248772429504515
1223254673194393600
1223259799317635073
1223266374107136000
1223270592935333888
1223287172071088129
1223288763247362048
1223295645731250176
1223297260081025024
1223297645868961793
1223309820981383169
1223317092482658315
1223324028770947072
1223331357457289218
1223342795601121280
1223344187678035968
1223356337138143234
1223361043998613507
1223365666662731777
1223365683985207296
1223374357776535553
1223382728764280832
1223399450367942663
1223417241661820930
1223474468376535040
1223494282620915712
1223520618789863424
1223577991298605056
1223848646132871168
1223953970948952067
##1222977657429774338##
1222977730037325824
1222978306540175360
1222987690372739080
##1223011507593674758##
1223011846204076032
1223605553584398336
1223637234282389504
1223638358829731841
1223666108236029952
1223677070368301059
1223684534400667648
1223705240358223873
1223756376033439747
1223763080808738821
1223832147032793091
1223843006777872385
1223922520585392128
1223927714823819264
1223931257513562112
1224000911086845953
1224002680202416128
1224009871160479745
1224010103407464450
1224021615635243008
1224023174104350721
1224023898297196545
1224024898793811974
1224026050541301762
1224026965348438016
1224027272853762049
1224028052511961090
1224028182657019908
1224030046697988097
1224031538662330369
1224032160908222464
1224034257158492160
1224036370118668288
1224038870909702147
1224040068303683588
1224040214789808129
1224040866114887680
1224042186234195968
1224043063657582598
1224047681758203915
1224048547244494848
1224050165444677632
1224050386824241159
1224050906880266242
1224052240589172736
1224054754617315330
1224055635102326785
1224055716744482819
1224058982236672002
1224060714035433473
1224061348222504960
1224061949626998784
1224062625560047616
1224064622728241154
1224067686457462784
1224067694439358465
1224068008370429952
1224068837122789376
1224069643607953414
1224070255238053891
1224071363616440320
1224072469226483712
1224074172155998209
1224074827281108994
1224075981398388739
1224078323694829568
1224079223763144704
1224080209881726978
1224080226562576391
1224083798041812993
1224083822393929728
1224086392717754368
1224088410060742658
1224088578684280833
1224092211228422145
1224094331214000128
1224101273584185344
1224107981777838085
1224120547644071936
1224207443145764864
1224281451044200449
##1223136825629384708##
1223137152713809921
1223137887581102081
##1223156526652829702##
1223276296664485888
##1223182990261522432##
1223183057274003456
1223183062697201665
1223183088450260992
1223183122839298049
1223183130720448513
1223183148059713536
1223183149594746886
1223183163251470336
1223183191059718144
1223183264002772992
1223183295187386368
1223183306486964226
1223183313327853568
1223183331136851969
1223183331715637249
1223183340980838400
1223183347586863104
1223183350665490433
1223183356411641856
1223183361625247744
1223183376225579009
1223183381887901696
1223183393313251329
1223183408827916288
1223183414028918786
1223183466252111872
1223183503845724160
1223183511999471617
1223183513203200000
1223183513840766976
1223183559931912193
1223183577237639169
1223183607122079744
1223183635899211776
1223183638747123712
1223183650860171264
1223183688948703232
1223183691154972672
1223183691746291713
1223183703393726464
1223183712273289218
1223183744024096768
1223183829386571778
1223183835426324480
1223183852639858694
1223183855672270850
1223183863448580096
1223183894935109634
1223183920675672066
1223183927969558528
1223183943396098048
1223183955593236480
1223183956088180741
1223183956788551680
1223184003165048833
1223184003924135937
1223184011591405570
1223184014288265216
1223184037281521664
1223184045351280641
1223184048232783872
1223184101076885504
1223184102322511872
1223184118743216129
1223184120035016704
1223184135369428994
1223184142545965056
1223184150401888256
1223184164414992386
1223184173344661507
1223184245646143488
1223184250897338368
1223184338902310912
1223184365015965702
1223184367855505408
1223184378370646016
1223184384489971712
1223184435060912130
1223184447517929472
1223184479021424645
1223184486462115840
1223184487368007680
1223184506649182209
1223184546683932672
1223184666741608448
1223184672273977344
1223184674442313728
1223184684202504193
1223184708047200257
1223184724828487681
1223184785520103426
1223184808366440448
1223184841975484419
1223184859079806976
1223184878931521537
1223184886854569984
1223184888213442560
1223184890298085376
1223184907964485634
1223184918420840449
1223184952772169728
1223184960514928641
1223184987345674241
1223184992865570817
1223184997013696522
1223185102706003968
1223185105495187457
1223185131323588608
1223185192086646785
1223185215167913984
1223185230250565632
1223185298856849409
1223185342834102273
1223185346030194688
1223185452896804866
1223185528520048640
1223185609222692874
1223185613098123265
1223185636930334720
1223185643788029952
1223185644173910016
1223185658757505024
1223185664541364225
1223185687480061952
1223185687735951360
1223185709265235969
1223185726793232384
1223185730865913858
1223185767696162823
1223185786964729857
1223185811543416832
1223185824386371584
1223185831806013440
1223185858154704897
1223185878924898304
1223185893936324608
1223185900374577152
1223185942753763329
1223186067026849792
1223186083694989317
1223186133191925760
1223186145351172096
1223186163898441728
1223186166872186880
1223186188120576001
1223186318106210304
1223186397512765440
1223186405020569601
1223186452202258432
1223186510226362368
1223186541536841731
1223186554480398348
1223186592329818113
1223186593265176577
1223186599074242561
1223186603348234241
1223186633798881280
1223186647640133632
1223186669752463360
1223186683593666563
1223186696159756293
1223186706322595842
1223186714551881729
1223186720054747141
1223186721480871938
1223186759019900930
1223186783401336832
1223186792955949056
1223186796324048896
1223186860085850112
1223186866700275713
1223186892637818881
1223186928234827777
1223186928385908736
1223186938829705216
1223186964423286784
1223187032077414400
1223187050574249985
1223187051023163392
1223187075735879680
1223187107772010497
1223187117393743877
1223187132422000641
1223187142182100992
1223187151078207490
1223187169956810764
1223187312949059585
1223187405286662144
1223187459212791809
1223187465604870145
1223187474337411072
1223187498026917888
1223187500463722496
1223187542847246336
1223187587172651008
1223187607733055489
1223187637655298049
1223187653413175296
1223187655078359040
1223187663362174978
1223187761781452800
1223187784216780801
1223187872632791040
1223187900327698432
1223188031819132928
1223188031995367424
1223188122864963584
1223188176707166208
1223188213235441664
1223188224274845698
1223188239932149761
1223188248278831105
1223188262040285186
1223188262522695680
1223188282550427648
1223188305296142336
1223188307254956033
1223188341467860992
1223188377626980353
1223188407989522432
1223188454638522368
1223188480433496064
1223188574809489408
1223188575820353536
1223188590139592704
1223188622104498177
1223188660134318080
1223188719303348224
1223188721295675393
1223188823015858176
1223188839319076864
1223188902875365377
1223189006831276035
1223189074212741122
1223189136804155392
1223189137240592384
1223189301665595392
1223189319684325376
1223189381856550912
1223189397568356352
1223189397585178624
1223189408247111681
1223189410218422274
1223189480221396993
1223189569597771778
1223189661457272832
1223189731397328896
1223189790901899264
1223189829762109440
1223189896866734080
1223189954572013568
1223189962503393280
1223189983613411328
1223189989774843904
1223190000017252352
1223190037266825216
1223190124172914688
1223190197233496064
1223190211657596928
1223190229118570496
1223190273599188992
1223190317358292993
1223190390444036097
1223190439676825600
1223190456583979009
1223190457922084864
1223190479120011266
1223190539979325440
1223190551312334849
1223190619251716098
1223190624423333888
1223190631645962240
1223190688583553027
1223190695713918976
1223190719067754498
1223190760327041024
1223190827981328385
1223190837842059264
1223190862903042048
1223190920184631296
1223190920444686339
1223190923565322240
1223191015437275136
1223191042519859200
1223191046219276290
1223191092209889280
1223191207410577409
1223191250343538690
1223191304147959810
1223191336691675138
1223191353183690752
1223191359647109121
1223191431902265344
1223191504623153159
1223191595408863235
1223191597162082304
1223191610982354944
1223191658818306054
1223191685494190080
1223191760387694593
1223191793870819329
1223191831686545408
1223191903723802625
1223191952776142848
1223191962746003457
1223191978617253888
1223191979451875328
1223192049010315265
1223192080194949120
1223192130245611521
1223192159572168705
1223192172775792641
1223192309099040768
1223192355139936256
1223192371682258945
1223192373481693186
1223192413923049472
1223192432545759233
1223192444268957696
1223192578054594561
1223192619259514881
1223192620270325761
1223192727765934080
1223192786046017539
1223192789011324928
1223192810515587072
1223192810691624960
1223192907588554752
1223192910922907648
1223192966849798144
1223193021791064064
1223193081354342400
1223193110655782912
1223193186149027840
1223193204348026880
1223193287915450368
1223193317921435653
1223193337529798656
1223193415082442752
1223193425148813317
1223193440034467841
1223193538973851649
1223193540467085313
1223193670712811522
1223193671912259584
1223193728740921344
1223193778984562688
1223193867446517760
1223193907627950080
1223193965371043841
1223193998694715392
1223194022270963712
1223194046568501248
1223194125006188545
1223194131868135429
1223194138688020481
1223194143381434369
1223194208015732739
1223194228005785601
1223194264806576128
1223194287158046720
1223194297903800321
1223194327586955264
1223194499435913222
1223194511955972097
1223194538254262272
1223194573977128960
1223194617664937984
1223194643967422465
1223194671666679810
1223194683012276224
1223194700477280261
1223194713156718593
1223194714565943297
1223194719305551872
1223194734996459520
1223194748648927233
1223194755472986114
1223194756202868736
1223194761609216001
1223194840256651264
1223194846514614272
1223194900411375617
1223194922876047360
1223195011006844928
1223195012357328896
1223195020670525440
1223195058968711168
1223195099997376512
1223195115981889536
1223195185858928645
1223195234550591488
1223195242985213952
1223195312686153729
1223195325206343681
1223195326338740224
1223195356529414144
1223195427769548801
1223195445243019264
1223195462989230082
1223195543826059265
1223195546032230401
1223195557151346689
1223195577212600320
1223195593025245184
1223195631352786945
1223195631889649664
1223195644447416320
1223195657156153344
1223195696012185605
1223195706057465856
1223195733555339265
1223195748013084673
1223195758016462849
1223195785208193024
1223195811334557697
1223195876434305024
1223195892804726784
1223195894046248960
1223195899242958849
1223195912761036800
1223195991496589313
1223195992725565440
1223195993828667395
1223196060945997828
1223196089488158720
1223196108974886915
1223196125290778625
1223196148351016960
1223196196233261057
1223196207201312768
1223196211622088704
1223196222732886018
1223196231725436929
1223196235168915457
1223196295948656642
1223196305591173123
1223196340768985088
1223196391813664768
1223196396871987201
1223196431508549633
1223196459627094016
1223196483366916096
1223196485732524033
1223196489561845760
1223196635934658561
1223196695649013760
1223196718914772993
1223196743292129280
1223196853627445251
1223196912083513346
1223196912184184832
1223196919377420290
1223196926734163968
1223196989258653697
1223196994539270144
1223197007411544065
1223197017003917314
1223197095189983232
1223197137342734340
1223197167592071169
1223197260575539200
1223197291244331014
1223197320428380161
1223197334491799552
1223197394348728322
1223197412220641280
1223197420730884096
1223197444034506754
1223197457590431745
1223197523050991617
1223197541006745602
1223197592118611971
1223197617246654464
1223197619213807616
1223197806527242241
1223197859610271746
1223197866631532544
1223197911594471431
1223197921727959041
1223198034424729601
1223198036999987201
1223198058638430209
1223198061717082117
1223198193011183618
1223198244295061504
1223198248904597505
1223198260577349632
1223198335659577347
1223198347378548738
1223198351061110784
1223198432078200832
1223198552677081093
1223198600357990400
1223198698500448256
1223198698739589120
1223198755823988737
1223198802284290050
1223199082262548485
1223199111299682305
1223199113958785026
1223199117935026176
1223199149467807744
1223199160872112128
1223199238722654209
1223199304187351040
1223199334466052102
1223199379861000192
1223199401906266113
1223199410353590273
1223199444600074240
1223199633666707457
1223199643313549312
1223199810494267392
1223199856031948801
1223199901565300736
1223199909052059648
1223199931500060674
1223199970163073024
1223200031156518913
1223200034499584001
1223200073921847296
1223200088320815105
1223200097686736897
1223200136437862402
1223200210668740608
1223200235591274496
1223200260618518528
1223200301852872704
1223200314523889665
1223200388469399554
1223200442471133184
1223200483931828226
1223200528282345473
1223200537715335174
1223200678920757249
1223200695165366274
1223200837880643584
1223200849368842240
1223200951718367232
1223201183382241280
1223201189631840258
1223201231876870144
1223201403239309313
1223201405730729984
1223201435392839680
1223201485225439233
1223201486781415424
1223201492909338625
1223201682529705985
1223201710904094722
1223201741111549954
1223201824783634433
1223201882832801792
1223202036231090178
1223202108310159361
1223202110537392129
1223202118812815360
1223202183472205824
1223202192229879809
1223202223934660608
1223202346022457345
1223202437537894400
1223202478348480513
1223202487559168000
1223202689003261952
1223202747966558208
1223202804342382594
1223202871564361728
1223202962044084224
1223203043807723522
1223203049654702086
1223203056797605888
1223203106256752640
1223203191556399104
1223203222933975040
1223203226792624128
1223203412575248402
1223203419525210113
1223203463657594880
1223203483173752832
1223203516027744257
1223203568376852481
1223203594184294409
1223203621229207552
1223203651860226049
1223203762954735617
1223203816453103617
1223203892252545024
1223203895574433794
1223203990017642496
1223204060490235904
1223204074922921984
1223204078299295747
1223204163791671296
1223204205940355073
1223204244020518913
1223204289998401537
1223204374975012864
1223204529715412993
1223204845659787265
1223204975234420736
1223204990384267264
1223205003235594241
1223205007920713729
1223205084995170305
1223205231556726784
1223205280156200965
1223205304239828993
1223205358178635777
1223205500617183232
1223205524402995200
1223205538957352961
1223205575514841089
1223205612424716288
1223205803995357185
1223205809510809601
1223205923147190274
1223205929610596352
1223205967443255298
1223206046371663872
1223206272239112193
1223206318103846913
1223206373510590464
1223206416313438215
1223206509930336257
1223206540204744704
1223206646941454338
1223206647021080576
1223206693791764480
1223206753229250560
1223206918791090177
1223207006175137794
1223207051666579461
1223207113851396096
1223207122525093888
1223207318428508162
1223207368332279808
1223207373403295744
1223207489228935168
1223207623706775555
1223207875658551296
1223207944885559296
1223208019124609024
1223208236293201920
1223208304819818497
1223208329981448192
1223208467772715008
1223208483417399296
1223208733234409472
1223208825223860226
1223208998855434245
1223209049455570944
1223209159346311170
1223209276379947008
1223209438514950146
1223209465429794817
1223209552943947777
1223209573743583232
1223209601170051072
1223209660754354177
1223209819789721600
1223209973653655554
1223210413380124672
1223210446439755779
1223210550563352577
1223210562538156034
1223210580506554368
1223210834987552768
1223210855292178432
1223210868760023040
1223210984715751424
1223211061437980672
1223211140416770048
1223211217340243968
1223211279260815366
1223211331580571648
1223211412232835072
1223211422571814912
1223211517274918912
1223211524703113217
1223211603350507520
1223211973988487168
1223211994200838150
1223212018309660674
1223212198211805185
1223212201336614912
1223212376184578051
1223212410237931520
1223212888120229890
1223212925701230592
1223213002188521472
1223213061714169856
1223213268346400768
1223213457627078656
1223213660098760705
1223213720274337792
1223213762615881728
1223213990001696770
1223214226224885761
1223214306612916224
1223214415291523075
1223214418286301185
1223214480223559680
1223214539577200640
1223214561291055105
1223214620623753217
1223214783912202256
1223215264826871809
1223215279569883141
1223215374143033344
1223215494439886848
1223215496310460416
1223215512139653120
1223215516740988930
1223215695556562945
1223215785885208579
1223215864264167424
1223215914512011264
1223216097803100161
1223216119923838976
1223216234440921088
1223216375746957312
1223216654307545089
1223216680903507968
1223216697928273921
1223216741305716736
1223216762470223873
1223216859547389953
1223217119434878976
1223217313945726976
1223217324565704704
1223217345906331648
1223217365380403201
1223217381306175488
1223217396695150594
1223217430471880708
1223217481592066049
1223217484590931968
1223217816876261377
1223217969511194626
1223217988373008390
1223218373804404736
1223218452745408512
1223218791389286400
1223218885014564865
1223219065872928768
1223219155878449159
1223219332135735298
1223219366868738048
1223219625606946818
1223219646305832960
1223219808470208512
1223219851940057088
1223219990582702080
1223220011080265728
1223220023122067456
1223220407521742849
1223220432637235201
1223220436240039937
1223220507589468160
1223220518796611587
1223220593845252097
1223220624044314624
1223220882795126784
1223221091306557440
1223221253147889664
1223221412099493889
1223221416956514305
1223221425244463104
1223221501681377280
1223221635416719361
1223221765918330881
1223221818862866432
1223221858948014081
1223221903537647622
1223222175274061824
1223222298846605312
1223222338403151872
1223222454866366467
1223222667689517057
1223222716255346688
1223222768940068864
1223222848094789634
1223223183052103680
1223223324534280194
1223223675844870144
1223223711316283393
1223223744635772928
1223223773660438528
1223223796846538752
1223223797727129600
1223223891855921152
1223223931127193600
1223224200527216641
1223224261596405761
1223224284363005954
1223224285336154113
1223224459005435904
1223224469751320577
1223224482489339904
1223224948300316673
1223224991992504320
1223225398416302081
1223225433283538947
1223225508550336512
1223225785101758464
1223225802034176000
1223225803976200198
1223225871705812992
1223225897622429705
1223226070612217857
1223226230268481536
1223226235297435648
1223226733643563008
1223226830787878914
1223227045762805760
1223227381382598656
1223227778767605761
1223228065016418304
1223228101750075395
1223228174265393159
1223228283749306369
1223228530416287745
1223229072895029249
1223229212850638849
1223229311265755137
1223229319864049664
1223229381335797760
1223229582448496641
1223229677025800192
1223229690200174593
1223229749490864128
1223229914909937664
1223229938318422016
1223230421426753536
1223230444147179522
1223230511511953408
1223230594848559111
1223230848427790337
1223231543252000768
1223231617084395523
1223231710294421504
1223231946744127489
1223232211912183810
1223232409673576449
1223232633129308160
1223232835206762496
1223232882531094528
1223233239323758592
1223233310303846400
1223233454835425282
1223233531536646150
1223233672293289984
1223233775624183809
1223233779088662528
1223234130244177925
1223234338017488896
1223234437489614848
1223234564702773249
1223234647657717760
1223234965997006850
1223235029163302912
1223235149766197249
1223235205407936513
1223235222113832961
1223235282138472448
1223235675031527427
1223235714684461056
1223235860268822528
1223235945031487488
1223236100635942912
1223236524944347137
1223236532418613251
1223236738824523776
1223236979741073408
1223237783608811522
1223238471843766272
1223238559861301250
1223239002377072642
1223239347555782656
1223239377125564416
1223239460596436993
1223239542678925315
1223239995017789440
1223240055642300416
1223240137527697410
1223240367245615105
1223240616869539841
1223240891562852352
1223241195251433473
1223241325081960448
1223241586018045952
1223241742578864128
1223241811453468672
1223242020073984000
1223242283132358656
1223242518697009152
1223242957689704448
1223242995132178432
1223243083850166276
1223243129081516033
1223243147637116928
1223243192453210112
1223243654418063360
1223243670209671169
1223243849721577473
1223243993456267264
1223244383694311424
1223244699798056961
1223244703807803392
1223244936696430593
1223245209556963328
1223245228586471424
1223245270730887168
1223245423294472192
1223245500490698753
1223245526289862657
1223245693495783424
1223245696918265858
1223245810659401733
1223245849167306754
1223245895535415297
1223245969027825664
1223246024719962112
1223246209701351424
1223246275954532352
1223246280543080451
1223246487230013441
1223246521879212032
1223246524630605827
1223246670705709057
1223246710249533447
1223246725114159104
1223246742327566337
1223246818076553216
1223247003943084033
1223247257228730368
1223247302661459968
1223247734787973123
1223247921031852035
1223248562391339009
1223248693740081153
1223248900263415808
1223248927266308098
1223248991917355009
1223249233505148931
1223249811710906370
1223249829532438528
1223249834863464448
1223250026790559744
1223250210719256576
1223250584024821761
1223250974099288064
1223251207663366144
1223251324986368002
1223251486194401282
1223251687164579840
1223251985866117120
1223252016039911426
1223252229924278273
1223252337654947840
1223252589871009795
1223252896717987840
1223252982294368257
1223253109302054913
1223253355935473664
1223253691312037888
1223254431170465794
1223254767927013376
1223254772448481280
1223254876110688258
1223255029630586881
1223255134370705409
1223255556598779910
1223255682973163521
1223255742398062595
1223255924896423937
1223256070174531586
1223256181201784832
1223256281408032770
1223256921341419521
1223257274543636481
1223257589833773057
1223258852742901760
1223259102618509315
1223259210844123142
1223259460443025408
1223259494584590338
1223259497432481793
1223259665666060290
1223259680849395712
1223260362524561408
1223260419323764739
1223260592934465536
1223260607971037186
1223260815513542657
1223260873805963264
1223260931532238849
1223261052323946500
1223261053720633345
1223261119428644864
1223261175955296259
1223261428070653955
1223261575101984769
1223261657700368389
1223261717087621120
1223261920305799168
1223262200661446657
1223262359843745793
1223262442492514307
1223262535647989761
1223263208322015235
1223263385007140866
1223263491433410563
1223263606508265474
1223263673155715073
1223263675458473990
1223263897567797248
1223264129332449282
1223264224979431424
1223264254029070340
1223264488608145409
1223264663623913472
1223264782750494724
1223265361363132416
1223265373165948928
1223265668545548294
1223265738288435200
1223266076567445504
1223266421947322369
1223266534065344513
1223267456967462913
1223267469529436164
1223267798840901636
1223267941552197634
1223267990487158784
1223268531036467202
1223268661575782402
1223268788650631168
1223268845625991169
1223269075847172097
1223269227924262913
1223269409273401344
1223269476289974275
1223269663829831682
1223269695220068352
1223269705496113156
1223269718171246592
1223269952922300416
1223269998128484352
1223270152004947970
1223270184737300482
1223270295324319745
1223270374462427136
1223270393156337664
1223270684492730368
1223270750083330049
1223270989926215680
1223271072767840263
1223271235792130048
1223271290062147585
1223271479200100352
1223271517070536705
1223271545956642817
1223271718988537856
1223271784155426817
1223271926719819776
1223272102834462720
1223272333252726784
1223272391821922305
1223272530686947328
1223272742381858819
1223272792143138817
1223272878176686085
1223272899479363586
1223272953573519361
1223272992278482945
1223273171735973894
1223273181559119873
1223273240547774466
1223273355433955331
1223273357094854656
1223273387033755650
1223273412484911104
1223273619998093312
1223273895677046785
1223274005609709568
1223274530296168448
1223274769346449409
1223275162679771136
1223275191465402371
1223275947555794945
1223276063410860032
1223276080318029824
1223276144209907713
1223276193539067904
1223276230797152260
1223276938447458305
1223277016394366976
1223277046849253383
1223277293935767554
1223277446973272066
1223277455051542528
1223277961022971904
1223278170511679488
1223278282130558980
1223278553636261888
1223278609550454785
1223278867676323840
1223278965437227008
1223279233218334720
1223279245767606278
1223280431778467840
1223280456822665216
1223280744379953152
1223280791284867072
1223280924365938693
1223281059938390016
1223281112937652225
1223281774995943424
1223281779060154368
1223281855505616897
1223281935251922952
1223281964045737984
1223282009902080002
1223282159596834817
1223282252483874816
1223282663680872448
1223282778692780032
1223283308164980736
1223283472812466176
1223283785095110656
1223284205481865216
1223284499326423040
1223284551767724034
1223284857305956353
1223284875169538055
1223284908078006272
1223285067918774272
1223285253021818881
1223285634334449666
1223285676789190662
1223285798532939776
1223285967378841600
1223286050757533696
1223286080113463301
1223286282312454145
1223286419226943488
1223286469273575424
1223286548025704448
1223287053603016704
1223287220200792064
1223287805473951744
1223288402315030533
1223288528441937923
1223288988871598081
1223288992839491592
1223288993162432512
1223289007918010368
1223289500127854592
1223289575222792193
1223289697084039171
1223290530605551616
1223290797090537472
1223290972605501440
1223290988963225601
1223291023956365315
1223291159205818368
1223291383655608321
1223291517323882500
1223291840935399424
1223291911294898176
1223293060781674496
1223293338620768256
1223293532397588481
1223293671954579461
1223294128555024384
1223294263947137024
1223294293269458944
1223294603111141376
1223294666294034432
1223295035497766912
1223295485932339201
1223295641104846849
1223295680267145216
1223296068097658884
1223296177455628289
1223296700128931841
1223296837270016005
1223296948444303362
1223297918758617088
1223298160241643521
1223298505210572806
1223298856890392577
1223298928042479616
1223299295455186944
1223299521654001671
1223299567082463234
1223299624523485189
1223299674091683840
1223300040019644416
1223300182751793152
1223300726681718791
1223300997646356481
1223301424295088128
1223301475436199937
1223301616570380288
1223301650321985536
1223301872766930944
1223302397398802432
1223303310763024384
1223303383068573696
1223303434562088963
1223303853354995712
1223303918932893698
1223304120129544193
1223304140480184320
1223304374304346113
1223304466893549573
1223304853759447040
1223305135943753728
1223305431851900928
1223305598428766210
1223305638220005379
1223305768105058305
1223305880382386178
1223305893191745536
1223306920230051842
1223307025838432257
1223307104452255747
1223307177726763019
1223307281380540417
1223307478449913856
1223307798282457090
1223307893950296064
1223307998979928066
1223308056894803971
1223309048587739138
1223309112794021893
1223309465145004034
1223309923062251525
1223309938656731136
1223310307956875264
1223310548399460353
1223310996904861697
1223311047148363777
1223311308659023872
1223311609831088131
1223311755956379649
1223311944175759360
1223312168394919941
1223312596398485504
1223312673288355840
1223313415210442753
1223313534215507969
1223313861547307015
1223313877980647424
1223314497689071618
1223314550415597570
1223315044332687360
1223315606289756166
1223315891565334531
1223316070997676033
1223316169719001088
1223316592202846208
1223316676713885698
1223317427225858048
1223317475703623682
1223317718037721088
1223317956668612610
1223318347036733440
1223319258085515264
1223319267199856643
1223319467696054273
1223319559010209793
1223319670180188161
1223319835343511552
1223319893115920384
1223320105599172608
1223320186033451009
1223320410315481088
1223320878437617666
1223321378738376704
1223321617578823680
1223321831488335873
1223322296481460226
1223322566082940931
1223322658907082753
1223322795213541378
1223323037153611776
1223323391958093826
1223323981152956416
1223324120865214466
1223324414059696128
1223324689583497216
1223324891434405888
1223325335229542407
1223325417014251520
1223326031735664642
1223326375714619393
1223326405779435520
1223327772124250115
1223328128958967813
1223328403732008962
1223328449810530304
1223328930825768960
1223328962027360256
1223329161378435072
1223330935220965376
1223331165828001793
1223331244898910208
1223332179314446337
1223332386064171010
1223332999124660224
1223333684226510855
1223333915638882307
1223334694764318720
1223335389685014529
1223335441463750657
1223335779050672129
1223335843907227650
1223335853851914240
1223336221885304837
1223336356656664577
1223336753689497600
1223336881259274243
1223337091364544513
1223337425000456193
1223338095246020609
1223338109653352448
1223338351505428483
1223338706926473222
1223338966423719936
1223339530360688645
1223339900889681921
1223340320932364288
1223340585987321858
1223340891949105152
1223340903718432771
1223341059054489604
1223341066155372546
1223341583799672834
1223341841526984709
1223342467736645633
1223342753448431621
1223342911724687360
1223343055366971392
1223343290650710016
1223344372080693252
1223344534882525188
1223345309314682882
1223345728795357185
1223346019334750210
1223346135844229120
1223346309475831808
1223346480737587200
1223346938503933952
1223347196285898758
1223348119452233729
1223349223468535808
1223349579892121600
1223349859232681984
1223350188913430529
1223350197226549250
1223350402088828928
1223350588215373824
1223351136318623761
1223351447032672259
1223352066074185728
1223352084776603648
1223352474251202565
1223352498355933184
1223352523915956224
1223353034551578624
1223353280681725955
1223353554389413889
1223353609796177925
1223354281824346113
1223354595495350273
1223354778253656065
1223354859619000320
1223355221746896901
1223355308170522625
1223356072318185473
1223356275590909952
1223356326824292352
1223356560585392132
1223357257573969920
1223357449291403264
1223358214735060992
1223358901481082887
1223359186966319105
1223359246785531912
1223359588113756161
1223359761908928517
1223362223013273600
1223363052990554112
1223363341931945991
1223364270131417088
1223364444790542337
1223364633026859010
1223365152055140352
1223366020833992710
1223366348245434373
1223367023079673862
1223367124883734529
1223367731048783874
1223367920308441090
1223368009013768193
1223369867333656577
1223370127124705280
1223370464984215558
1223372230761099264
1223372716507566082
1223372757037199362
1223373489391972352
1223373665963839493
1223374350277103620
1223374412369551362
1223377288441540608
1223377900067606529
1223377996670742528
1223379053077508102
1223379414144159745
1223380094166749190
1223380659542142976
1223381280953446403
1223381578082082817
1223381881779118084
1223381967267422213
1223383865328308233
1223383966604058624
1223385444345352192
1223388164221472770
1223388774924767232
1223389542834671616
1223389678805684227
1223390044251152384
1223390104934330368
1223391643421806592
1223392214816108545
1223394233417175046
1223395290931220481
1223395331997605890
1223395779374657537
1223395886153322498
1223396349359591425
1223397875658391552
1223398852121722881
1223399158213726209
1223399351478702081
1223400416131547136
1223401165808779264
1223401485180063744
1223402882407501824
1223402954515984384
1223404026898927616
1223405524324179968
1223405584449515522
1223405988470054913
1223406602558103553
1223408260545503232
1223409486771126272
1223410388328275969
1223410433572261888
1223411954984869889
1223414364943912960
1223417683791753216
1223417788653613057
1223420277700419585
1223420945869758466
1223421473735479296
1223421665008373766
1223421989131620352
1223422165908848641
1223422450811142153
1223422854445895680
1223423004362919936
1223423720678739968
1223428426582888449
1223428957657280523
1223429132178030592
1223429145503420417
1223429947655630849
1223430060788592642
1223432166308270080
1223433192805453824
1223433306445963264
1223434959341412354
1223437837246390272
1223439091523575808
1223442237494890497
1223444335443742720
1223444718819987463
1223444844917465090
1223444949099864064
1223445820768509952
1223448886922096641
1223450811537199106
1223451317240242177
1223451741598908418
1223452733711245313
1223452874207789056
1223453482134446080
1223456699157307392
1223456752919814149
1223457293913731074
1223458164697419776
1223458422433230850
1223459504412594184
1223461946155991041
1223462752104189952
1223463197551841281
1223464933775544320
1223466491540058112
1223466545600438273
1223471998761885696
1223473030439034880
1223473128065634305
1223474547007074309
1223479040302100480
1223480177650544641
1223480650889617408
1223482730303746048
1223483906843926532
1223486223152549893
1223486798657179648
1223487910416191489
1223488360167198720
1223488699108855810
1223489772867522562
1223490913701441536
1223494181848592384
1223501080530706432
1223503133600555008
1223504413987430401
1223504659320578054
1223505979209326593
1223507344140709889
1223507767287336960
1223510751710760960
1223513025572954112
1223514212707852289
1223514806675701761
1223516770658668544
1223516905316765698
1223517648488738818
1223519878247829504
1223521477422731265
1223522832694554624
1223525254611591168
1223525725883523074
1223529148284653568
1223531288818339840
1223531781074366464
1223534396793376769
1223536667551850497
1223538421504802817
1223539460035489794
1223539908930875393
1223541248428052480
1223541358423695366
1223541549834866689
1223541560882712579
1223541695805034498
1223541871856754689
1223542113104691200
1223542371725594624
1223542640374960128
1223542661988134913
1223542807031439361
1223544613501390848
1223545018448850944
1223547681475301377
1223549116195725313
1223551631163363328
1223552337295351808
1223553129582661632
1223557233440698369
1223557798329536512
1223558461897703424
1223559284178505729
1223559537229205504
1223559785263632385
1223560355336593409
1223565512883437573
1223565545804648451
1223566805630885888
1223566817186193409
1223567525109227520
1223567715887210498
1223569413972074496
1223569843728896000
1223569951878975488
1223570237292937216
1223570264971268096
1223570876811087872
1223570885711474689
1223572473263939585
1223573411219361793
1223573931291967488
1223574046908076032
1223574579911823361
1223574764108832768
1223575573131419648
1223575622238253056
1223576828599771136
1223576964675579909
1223577641959284737
1223578305061957634
1223578524914790402
1223580410451578881
1223581456456388609
1223581810141077504
1223583326876971009
1223583503872397312
1223584203226460160
1223585094797025285
1223587103331749888
1223587154632290304
1223587165491421185
1223588144618057728
1223591602213523456
1223595248741441539
1223596345702993920
1223597324477325318
1223600526501335041
1223600692818075650
1223610616063188992
1223618869916397570
1223626137441619969
1223626189258002433
1223627743138545665
1223632887225966597
1223640804876525571
1223646346646827009
1223653822515613703
1223655196972273666
1223658557339553792
1223660744669040641
1223665057684389889
1223672796041154562
1223674306057646080
1223675037204602885
1223677023672991745
1223680730506678273
1223681131121385472
1223684972994875392
1223686040348712961
1223689024872816648
1223690305045782530
1223693903511130112
1223697244303564800
1223697804754931712
1223699098802495495
1223700201736634368
1223708703846739969
1223709005501157380
1223710963058212869
1223715010045759489
1223717764214509568
1223722148998586368
1223727887737552897
1223734470945202176
1223736750201327616
1223738061286182912
1223738945520984066
1223752951044493318
1223754560403136512
1223770535303229441
1223772885904515074
1223785545735733249
1223811400239407105
1223819310558273536
1223819668596711425
1223828188377337856
1223833656713797634
1223843945899339781
1223857104051671040
1223861895800684544
1223864979784335360
1223866166319468544
1223867016815218688
1223867247103528960
1223869532223287296
1223887848383942657
1223889664760741889
1223899756818239488
1223903382626279426
1223906705165246464
1223906830704939009
1223914925510266882
1223916593442369538
1223935703228092416
1223936014491799553
1223939837855662080
1223957602083786752
1223983148427509763
1223986106129174528
1223988107172818944
1223995226068520960
1224035511674769408
1224040214768898048
1224068196979892226
1224077238611664902
1224086435113918465
1224094983235522571
1224225463171801088
1224231485235965953
1224237367751516160
1224250541666119680
1224262928720941056
1224289450592817152
1224310823021092865
1224348903090401282
1224360705408847873
1224393582339133442
1224443055974993925
1224481519055646721
1224626521010249729
1224633408665608193
1224693242035408896
1224788547196063744
1224949502752313345
1224995153334734848
1225032166469521414
1225087206789996550
1225186406395523078
1225554240443240451
1225564669844377600
1225679657107775489
1225723417531502593
1225832557880758273
1225851622061957120
1225909472733822978
1226013679449264129
1226102583561015298
1226147598777622528
1226219162193846273
1226481190896619525
1227982807156301825
1230199499852832769
1230330307003535363
1231923149673041925
1232278639879892992
1232445544196268032
1233460782429614080
1233581032080891904
1239752200391405568
1241991986195959808
1253738013785559042
1263950791687225344
##1223185784657862656##
1223186068394205185
##1223196141954781184##
1223229931020222464
1223241930454249478
##1222992560081317888##
1222993861447995392
1223073138872852480
1223148107397042181
1223155630455840768
1223196560428879872
1223510385916956672
##1223000747744354304##
1223258135881748481
##1225132058277707781##
1225133036154454016
