##1221706361278488576##
1221734800664465408
1221827659627401216
##1221823224369025024##
1221835106924539904
1221836652605333504
1221862728584892416
1221864672900632578
1221865066946916356
1221866310381993984
1221867257158041606
1221872785502482440
1221890152462790656
1221890793557893126
1221899203678334976
1221907862227648512
1221936168599801856
1221971791050088454
1221994392359243776
1222038433595568133
1222117879044329473
##1222154598548496387##
1222156809789739010
1222157148492304385
1222186722144018432
1222242642655838208
1222251536719450118
1222364360632389632
1222368362812051456
1222600847328272386
1222743712272437250
1222978504104579072
1223066950366113794
1223080423581978627
1223101007959212033
##1222095647001784321##
1222108683305390080
##1221733828655558657##
1221736778111078400
1221745098326671360
1221889814032801792
##1221895610426646534##
1221903012819623938
1221909356968579073
1221979095883558913
1221989077689475072
1221989472197337089
1221991380374958080
1222004901846405121
1222015224603127808
1222017398301175810
1222019023052865537
1222020348222353408
1222029219833765888
1222037182749212672
1222057609429168129
1222105828767010817
1222147316720816129
1222210617089675264
1222213604583313409
1222394534128234496
1222920962053746688
1223317086967037952
1223743526984409088
1223937595358490624
1224405820110188545
1224543255758606337
##1221709905314357249##
1221826896775786497
##1221783337326514182##
1221788832556863488
1221793818426605570
1221797196577890304
1221809772149858304
1221810676844449792
1221823732165107713
1221834485576151047
1221836799049457666
1221843689334550528
1221843726198353920
1221848603473383424
1221850691934867457
1221854447980163073
1221864151863255040
1221868090604032004
1221868448613052416
1221874081726976000
1221891314654031873
1221910958949502976
1222041052409925633
1222104575764836352
##1221831653091352576##
1221835202307264515
1222013461732917248
##1223207778271080449##
1223208066763632640
##1223269485978759169##
1223269920840003591
1223271809140830215
1223292752466776065
1223355390747926528
1223372883340275713
##1223351862784643072##
1223447385235492864
##1223662024569360385##
1224017975637958660
##1223696016915955712##
1223734192074371072
1223914619472875521
1224060229744283654
1224147641711329280
1225050434953469952
##1228141692676603904##
1228141764223086592
1228144926782902272
1228145365960069120
1228158063523164161
1228245406154461184
##1228174669489922048##
1228195082529955842
1228197681874391040
1228234182192594945
1228242365850308608
1228450964849512450
##1228282008381657090##
1228282160211165184
1228282710705176578
##1228640992062058496##
1228646596272885760
##1231205648513273857##
1231274795121037312
1231312221860483072
1231312238893400064
##1231232800260575233##
1231505416892420096
##1231309503985000454##
1231311049300889602
##1232048989157109761##
1232050536989577217
##1233472320699797509##
1233472397455581185
##1233507744918986756##
1233508013408968708
##1222646852790734849##
1223674189074268160
##1225123562761203712##
1225141860454273025
1225155810004799490
##1229362881038340097##
1229364077283205121
1229364798770548737
1229426833516527622
1233909766407311361
##1233165822455091205##
1234018775063826432
1234168226403299329
##1234829483498143745##
1234832156612005890
1234837925440839680
1234840019262676998
1234840803748478976
1234844111292846081
1234858040366632960
##1227987935070498816##
1228002958568194049
##1227998612426297345##
1228001211850338307
1228064481080729600
##1228013563802984448##
1228015310734872577
1228017886649868288
##1227984564150317056##
1227985128095461376
1227986624623104003
1228007646382391297
1228084471859163136
##1221815906558447617##
1223916394158415872
##1221917009363046400##
1221919036818296832
1221919908658917378
1221921294234423297
1221921445741285376
1221926484509589504
1221928273028034561
1221945944746479616
1222083277995102210
1222091700186820608
1222136245213638657
1222199234352631808
##1222002202430115840##
1222007479493701632
##1222178335452692481##
1222255996040400896
##1223204507708010496##
1223205485819695104
##1223326508783230976##
1223366694795649024
##1223660080098357254##
1223693112133984256
##1224593850381078528##
1224614184459153408
1225860612393250819
##1228708814712692738##
1228716294930911232
##1240359417264123904##
1240359456409636864
1240368294772834312
1240379343202922496
