##1247291242423242765##
1247292985320124421
##1247301123012268032##
1247301703575183365
1247301892872515584
1247302254769639425
1247302361414078464
1247302389327114240
1247302607355498496
1247303069643223040
1247303152250032135
1247303253743874050
1247303398191443976
1247303834898178049
1247304178348810241
1247304307457904643
1247304827929088002
1247305132569739266
1247305165239132160
1247305245581025282
1247305252380049410
1247305552067248134
1247308035254517767
1247308145380253696
1247308795442847744
1247309053979754500
1247311605949480962
1247312528843177984
1247313721871011843
1247315054317486085
1247315153185656832
1247316272372764674
1247316869691912200
1247317572527284231
1247319390699376640
1247320777982083079
1247322048030015490
1247322093869506560
1247328281596223489
1247341946303139840
1247342815937363968
1247346894864560129
1247351757946183684
1247352105133801477
1247360212908081152
1247361960372514816
1247362470706061312
1247381009378705408
1247411223802589184
1247411917112651776
1247443917626380288
1247457445149990913
1247463611615895555
1247467132679577601
1247469074021519361
1247476623244394497
1247481384542838790
1247483985523064834
1247487447577100288
1247488284797927424
1247490078789840897
1247492443555201024
1247501515050319874
1247503024500719616
1247504082442600448
1247504219520860160
1247504228823764993
1247504490607099907
1247506367138672644
1247528515685122048
1247531359133814792
1247538264426205186
1247547536392572929
1247552080564412416
1247553827731095560
1247572263509135360
1252535722466295808
##1252371469998284800##
1252373737581600773
##1252374117241651207##
1252374226960396289
##1252549519738310659##
1252549812899233792
1252549979178184705
1252550489935417344
1252553691384754176
1252576494418825218
##1253392854862487552##
1253392998618017796
1253394254430449664
1253394882842038272
1253397692627267585
1253397869769474052
1253398236838182915
1253401255126470659
1253412293892689922
1253456271430352898
##1253403891959500800##
1253404686755016704
1253404716840685571
1253410142768390144
1253468044611014656
