##1248668036896358400##
1248680053598236676
1262440405980889088
##1248681124680937472##
1248681196873289730
1248681308974395392
1248681330948308992
1248681398082428928
1248681421587300353
1248681460300689415
1248681502109569026
1248681594442985472
1248681678278664192
1248681758800961542
1248681808683819008
1248681809556144134
1248681838207537154
1248681848601038848
1248681916536180746
1248681999856013314
1248682074594254850
1248682209772519425
1248682274800963588
1248682300499468289
1248682361694412804
1248682390941204482
1248682426035036160
1248682428056481793
1248682533929304065
1248682653768966144
1248682698308308999
1248682752670498817
1248682752792309765
1248682793372188674
1248682796832509952
1248682822627459074
1248682949463212033
1248683337620865025
1248683451169091585
1248683451202637825
1248683525290758145
1248683588524138498
1248683605305458691
1248683662197096455
1248683765897089026
1248683919249149953
1248683958671478784
1248683987318583297
1248684021783068673
1248684187416133635
1248684336880267265
1248684356522119169
1248684365476966400
1248684374553513986
1248684392672890885
1248684502949474309
1248684528597696516
1248684711876190210
1248684786782257154
1248684895574114315
1248684980244557826
1248685027313008640
1248685101833228290
1248685191096385537
1248685216715214849
1248685396596346880
1248685556009185285
1248685668223651843
1248685763702788102
1248685803351560196
1248686031819374594
1248686120084398080
1248686144969216000
1248686402960834561
1248686470598217728
1248686692007063552
1248687079502028801
1248687465956769795
1248687911387660294
1248688207451099138
1248688620506136577
1248688655415345156
1248688663552126976
1248688798944432138
1248689262477955080
1248689431483158532
1248689454858018818
1248689456657432576
1248689855846068225
1248690097026981890
1248690131629899776
1248690155579416582
1248690523168296973
1248691089147600899
1248691231674314756
1248691442169585664
1248691577863712774
1248691633027244032
1248691848392200201
1248691849570779141
1248692099295457282
1248692781738012676
1248693388154744832
1248694176373497857
1248694542276190213
1248694919675379721
1248695093583904770
1248695114333138944
1248695177302224898
1248695757206622219
1248695989210419202
1248696439368306692
1248696547719725057
1248696937085362178
1248696944421208066
1248697134108549121
1248697645306126336
1248697947761577984
1248698041034571776
1248698965744386049
1248699117741772806
1248699321861767169
1248699322360893440
1248699358125723650
1248700461995171841
1248700473747689480
1248700545235329024
1248701057162784774
1248701134879023104
1248701559002841089
1248701869381365763
1248702013879267329
1248702448597979136
1248704391646982148
1248704682995965955
1248704799736057858
1248704971232681984
1248705981959282691
1248706450119147520
1248707737778872320
1248708038565003265
1248708701210529793
1248708704121294851
1248708813794000896
1248709882251018252
1248709986164736002
1248710142377558016
1248710448180006914
1248710929807704067
1248711885219905536
1248711971345702912
1248712598931083269
1248712994047102977
1248713146321289216
1248714332348854272
1248715182274199552
1248715732977954818
1248716033613053957
1248717996215930884
1248718630268829710
1248719350586126337
1248719818913656833
1248720093091106818
1248720432963993609
1248724243254304771
1248724679675777024
1248725837756674049
1248726394177232898
1248726530773192707
1248727656239112192
1248727695795593219
1248728016638939137
1248728157928251403
1248729226825601030
1248729949994876930
1248730168551714816
1248733106405867524
1248733738437087245
1248735066433478658
1248735151045193728
1248736351702388746
1248737263053418496
1248739778788577283
1248739976331825152
1248740103851311106
1248740649114968069
1248743320127508489
1248744706923810819
1248744871470551054
1248748328147451905
1248748766045310976
1248751177887604737
1248754742160998403
1248757803931615233
1248759113657524225
1248761136100585474
1248762987374141441
1248766193529389056
1248769275181043713
1248770349321334786
1248772486650617856
1248772807472939008
1248774946723172352
1248775764914376704
1248776631155666946
1248779182039064576
1248782515558592514
1248785471997710337
1248792700918398977
1248795887431823360
1248795973398257665
1248798785834299392
1248814391551823872
1248814991031046150
1248818208687247363
1248818471758159872
1248821339332509696
1248831740065599488
1248833485529325570
1248842809500676096
1248847016349884417
1248855584075546624
1248861592537759744
1248867528673296384
1248868710674292738
1248893105723428872
1248894379118546945
1248895923465457664
1248952918650302464
1248964909154566150
1248965767346913281
1248991939531354112
1248992417526820865
1249050579923501056
1249170981593243655
1249245350545838082
##1248716380435816448##
1248719865302716421
##1248751594059042818##
1249074939392659470
##1249100589633384450##
1249115949959204865
