##1241663565465092096##
1241663708859940865
1241663736148082688
1241663933120950272
1241664013987168256
1241664310121725952
1241665235058151424
1241665724743122944
1241666623867629568
1241667873115975681
1241674306372976642
1241675368685285377
1241675601276264449
1241675656439701504
1241678941548621824
1241678972951330816
1241689261994319873
##1241141762221015040##
1241141882173956097
1241141887525888000
1241141974549348355
1241142008326033409
1241142066530455556
1241142304410423296
1241142348425420800
1241142357585772548
1241142378523758592
1241142396529893376
1241142407816757248
1241142454671179776
1241142477865746433
1241142533171884032
1241142560107704321
1241142645335953410
1241142831282085888
1241142986689384448
1241143635640549376
1241143716208877569
1241143759557058560
1241144100021317632
1241144235899924480
1241144494529089545
1241145587820609542
1241145648809938944
1241146030965395458
1241147050575757313
1241147509801705472
1241150184547106818
1241150498616610817
1241152625346822144
1241154144783732737
1241155240818327552
1241166287516155910
1241170900780802048
1241171723061473285
1241177513214304256
1241198311857688578
1241205088858836992
1241206448106987521
1241213189255241729
1241218200987209729
1241222629891223555
1241242130368036876
1241243450982490114
1241252363102564352
1241252847435612161
1241273014127333376
1241287405459693568
1241293773012959233
1241301774834839552
1241302859867738112
1241314317066174464
1241315876995051521
1241321307423326208
1241333506288033793
1241336204156641281
1241342636138598401
1241398145239732228
1241399716639911936
1241416870714118147
1241421183494623233
1241424249111351305
1241426820140077057
1241448295110672390
1241449508636168192
1241453133613748234
1241462995064143877
1241465540197179394
1241472759714242565
1241504215001858049
1241570734973112320
1241635248317792256
1241651265026826240
1241655894607368194
1241765572536393730
1241780595946139648
1241808123352006659
1241838552490491904
1241939050162008065
1241976768279576576
1242026766753021952
1242139235211149316
1242143520816803840
1242197470177869831
1242245378499543043
1242391058975203336
1242411595936018433
1242452261651054593
1242499221770600449
1242525374979981320
1242558635789688834
1242561652127674371
1242722839830106112
1242879998391914498
1242897284133785601
1242898791453376512
1242900859945615361
1242908336263237632
1242921076151156747
1242937840591343617
1242948508799455235
1242952207298945024
1242955564935757824
1243090557037150208
1243091045749084160
1243091448242868224
1243091847821643776
1243092045494988800
1243097145286242304
1243098086219681793
1243098285071405058
1243101739643011074
1243107855479312385
1243118905914253312
1243119023996522497
1243124290633031680
1243167545764524035
1243169317300166656
1243188649644130304
1243196317414961153
1243214018908749824
1243244983861338113
1243286646491164673
1243317009632419841
1243367941992845312
1243468920570490882
1243499960315895810
1243652728921788416
1243710046829268992
1243952864403357699
1243990353113427969
1244069356562264065
1244070094000586753
1244072226946723840
1244179928318464000
1244201808974749696
1244253446401929218
1244604327248920585
1244630072700657665
1244703707192795137
1244706822818271233
1244902640884031488
1245018402416218115
1245038779544539139
1245067207178104834
1245392231399374848
1245495672029220864
1245795126871576578
1245842564197965824
1245969622966435840
1246237385777647625
1246251278738563072
1246354916773421056
1246408657056735234
1246412439652098051
1246538665716862981
1246640080564994049
1247176520646393856
1248237160718905345
1248645007973679104
1248646540006174721
1248744045406453762
1248891216261001217
1248966512779710464
1249264542506516480
1249265628172759040
1249688287842893825
1249781265802420224
1250313148873068544
1250393751845048323
1250435305418526723
1250456149729689601
1252291866332184577
1252693815028330496
1253053164246519809
1253273400962945024
1254897678829395969
1255604510057250818
1256487189497679872
1258601685586452481
1259605729088024578
1260687932467396610
1260773617010442240
1260902262223880192
1261103744172900354
1261104376602648576
1261135686079569925
1261158277284536322
1262571479453118474
1263944767517442048
1264632085282725888
1264838253812776960
1265393548725272578
1265634833084055555
1266024673130827776
1266718101053243395
##1237084382046846976##
1237084644455186432
##1237084397704302592##
1237084575546966016
1237086230568931330
1237086990442598407
##1237084421112692738##
1237084546081779712
##1237085161440845825##
1237114435111706625
##1248621917621219330##
1248621981668225025
1248622065424330755
1248622076606337025
1248622209087590400
1248622296006160384
1248622305007136772
1248622309981564930
1248622388272496647
1248622403162259456
1248622460540309511
1248622483093090311
1248622566215798788
1248622736286437378
1248622806880804866
1248622809804181507
1248622822055788544
1248622915941105671
1248623000359825408
1248623027610243077
1248623185362206723
1248623288059703296
1248623430930288643
1248623496462123011
1248623515684581377
1248623606373822465
1248623686392766464
1248623743171047427
1248623792634482689
1248623844992024579
1248623890336604164
1248623944103415811
1248624047249715200
1248624064417034241
1248624095983308800
1248624398501695488
1248624440889360389
1248624444857171971
1248624447155613699
1248624460418011141
1248624575245475841
1248624631449149440
1248624729025474565
1248625018864414725
1248625037482946561
1248625388592328705
1248625420569677826
1248625523762192386
1248625731329863682
1248626039078567936
1248626935149686784
1248626982776008709
1248627727466446849
1248627737964789761
1248627787100901376
1248628507153813504
1248628841951657984
1248629452235370498
1248629659216089088
1248629788530503680
1248630026422980612
1248630063626465282
1248630269961175040
1248630779342499841
1248631278238384128
1248631606543298560
1248631870922919938
1248633521670946816
1248634539951431682
1248634625964081153
1248634724265967617
1248634897067016194
1248635321325096960
1248636541674704897
1248636750286725121
1248638033466966026
1248638101641220098
1248638134897848321
1248639895771504641
1248641852510801923
1248642189426638848
1248647232078970886
1248647783764111362
1248648038249349120
1248648579981414406
1248648658393972736
1248649423409774594
1248655347327340547
1248656524639113216
1248658186581741570
1248659259434446848
1248662362971832321
1248664195115122691
1248668185756413952
1248668431756509192
1248669647429345281
1248674082901590016
1248679809615609857
1248682635146047488
1248683463949025285
1248693482308468737
1248696781241831426
1248704054819270658
1248708497245638660
1248710529679536129
1248710564374872066
1248711743372775425
1248713920438730754
1248716602360713216
1248734147331477504
1248746024430112768
1248748850061479937
1248785561147584512
1248827280354430982
1248850099087855616
1248872947617378304
1248974632457289734
1249066528026304512
1249111019189751813
1249111940799987713
1249113332868661250
1249113854388436993
1249827488445980674
##1248624747866255362##
1248625091832770560
1248630937891422208
##1250044886121881600##
1250051752776343555
1250054055180861443
1250054266884108290
1250054567817023489
1250054602298462210
1250054743361232898
1250055075634053122
1250055402454159364
1250055460348137473
1250055802829918210
1250055836736655360
1250055885382135810
1250056052281917443
1250056350798958594
1250056602805248000
1250058018227617797
1250058665056493569
1250058774938890240
1250059240741494788
1250059721324855296
1250060302521184259
1250062473710927873
1250062479012564993
1250063692269486086
1250064948010549248
1250065318514434049
1250065574635454468
1250066317752836096
1250066755743088644
1250067296992866304
1250067728267968512
1250068400384225282
1250069838539743237
1250073135535329280
1250073865096757248
1250077024443564037
1250078597882273796
1250079762128699393
1250080852861767681
1250081171842744321
1250081886635986944
1250083036248580096
1250083334929121280
1250084292073525252
1250085496975392772
1250085547848224769
1250085735740461056
1250085736814182400
1250086627550154754
1250086977476726785
1250087522996293633
1250088220894924807
1250089134875717634
1250089809927974913
1250091582398791681
1250091712850075652
1250092792426254337
1250092935032582144
1250094645465485316
1250095791412318215
1250096974113669120
1250097006137270278
1250099281765314565
1250101202026745858
1250101648166457344
1250103794731491329
1250103906492911616
1250103995739377665
1250104452553625601
1250106425952649225
1250106608081866753
1250107180541501441
1250108211144818688
1250108265221980160
1250109627758514176
1250109785812471814
1250110067728429056
1250110121893658628
1250112373073022976
1250114353564717057
1250115777258303490
1250116044804567040
1250116303844716544
1250116698360995840
1250117320086818816
1250118601484513280
1250118982616649729
1250119047456395271
1250119922639831040
1250120083810193411
1250120110888624132
1250120125853941762
1250121028942077953
1250121322073665537
1250121414381838336
1250125571205578752
1250127953104703489
1250128180926652416
1250129699247964161
1250130370902790145
1250131464215236615
1250131518032248832
1250131874195914752
1250133006574067714
1250133206147444736
1250133650697605120
1250135064177971200
1250135271502422025
1250135416537112576
1250135847086759941
1250135864031797248
1250136185902686215
1250137547608653824
1250138677944168450
1250140822839975936
1250141364253310978
1250142361100980224
1250142472271015938
1250143932643708928
1250145219271626757
1250145362502967296
1250145919162626048
1250146120967356416
1250146681733156864
1250149730920927244
1250149894871973889
1250149908356743168
1250149987935289349
1250150292303249409
1250150625708584963
1250151594877947904
1250152207711899649
1250152702446833665
1250158431853576192
1250159873230176256
1250161202526912525
1250162517495644161
1250162695103537159
1250162897910665222
1250162999979118593
1250163722464776196
1250165070035902476
1250166646548893697
1250167288021606401
1250168511248445442
1250171004522987520
1250171522930663424
1250172089836941313
1250172470033776646
1250172491127033856
1250172816948953094
1250173622603452416
1250174059851194369
1250174407571640323
1250175390083137542
1250177919617355776
1250179341729828864
1250179678343696385
1250181608310800384
1250181918383095809
1250182210671517696
1250189092257763335
1250191053023522817
1250194320461893639
1250206471134097408
1250206593762852864
1250210677245050887
1250212655291338752
1250212783544832002
1250213785404653569
1250223503506313218
1250226498830827520
1250227818350309376
1250229469673148416
1250239600867577856
1250267148225613826
1250275309556908037
1250279609003737093
1250280912945704960
1250286952307286018
1250289025383981056
1250292247486066688
1250292702177923077
1250301045399367680
1250301454679564288
1250308976580775937
1250309569047224321
1250309608121356288
1250310569426444291
1250313289701027846
1250314079098400768
1250314652619161600
1250330708570034181
1250333479125934080
1250344293648093184
1250349550352490498
1250364152448679936
1250364902985916417
1250367624296517632
1250373060420567040
1250396586019942403
1250400171642380288
1250403903176351744
1250432242783899651
1250449308249468928
1250525110106193925
1250566752515305473
1250684244650835968
1250753695567970306
1250954579014975488
1251084642570076160
1251191564141047808
##1250124290772676608##
1250129958133026825
1250805015163424770
##1238387718440304640##
1238390218618781697
1238428682546446336
##1246497905315381250##
1246499647977332738
1246687470298767367
1246859037930663937
##1242847166864986113##
1243457666913120256
##1244217739545280513##
1244237334658322432
##1242750160972722178##
1242791714596818945
##1244115794390331395##
1244123173521588226
1244188844087488514
##1247979645531754499##
1247996160784183301
1248001754786119681
##1250043430220300289##
1250051031083487235
##1244903945178427394##
1244904118008688640
1244953085967040512
1244989321989500929
1244991784826089476
1245229357620232192
1246073460587024385
##1250073750156050436##
1250080846738083840
##1250098978139627530##
1250099003297013760
1250099012805570561
1250099026902515715
1250099262005882880
1250099302531248130
1250099409515352065
1250099445670318080
1250099459456892930
1250099523923447810
1250099559306539009
1250099563148595202
1250099781600522240
1250099971753377792
1250100054502838273
1250100463468515329
1250100503406686208
1250101599290171392
1250102645513216005
1250103328090075137
1250103509917335552
1250103616091848705
1250103639496175618
1250104881010147329
1250105818982342657
1250106579925512193
1250108402510057472
1250109137796714496
1250109640853131266
1250110957612867585
1250112314025693184
1250112885570797568
1250113033285898250
1250116315626569733
1250118945157283840
1250119107921547265
1250120158934372355
1250127900931772421
1250128429904732178
1250141657934237700
1250149680404725767
1250152741160325120
1250154303014277123
1250171909339336704
1250177843251818511
1250180093240061954
1250186781489860609
1250203427948449793
1250311135238033411
1250322276299337728
1250342553573937154
1250381467672285184
1250582316637990913
##1250695156900208640##
1250695204753084418
1250695216153198594
1250695219449868290
1250695239540576257
1250695248315105280
1250695357937389568
1250695361720614915
1250695663811256320
1250695993412202497
1250696521915432965
1250697683444076544
1250698077347987457
1250699407584100353
1250701199344615424
1250703120759508993
1250705598351581186
1250713783313534978
1250715363773480961
1250723422998577156
1250799293344219138
1250805609873780736
1250816397573124097
1250844809876643845
##1250695531208347649##
1250695542927249415
1250704323560046592
1250716715648012288
1250721694127357954
1250736859686277120
1250800113745833984
1250802810033242113
1250817026572115968
1250836602680741888
1250860486939291656
1250916414174777345
1251002695298756608
1251054553778323456
1251227993076387840
1251257823226400769
##1230594110110785538##
1230599745384701965
##1240662135438540802##
1241400081569533954
##1247269863304892416##
1247496187290234880
1247527065093410818
1247628476762513408
1247658397798989830
##1253323104924958720##
1253323237645185026
1253323256909557768
1253323275242881025
1253323576553308160
1253324127563202562
1253327863081611269
1253330957576228868
1253334414483787779
1253347202191278081
1253366119488016384
1253721567156207621
##1233771376881930241##
1233772048356384769
##1245855867389374469##
1245855915032506368
1245856345103818753
1245856361310588929
1245857263039819777
1245858114189946880
1245859023263391745
1245861692912746499
1245865644312035329
1245867301687021575
1245870249452265475
1245908731403153413
1245914261324349440
1245954520087171073
1245954781786636288
1245959203677708289
##1235591277451849730##
1235591840440578050
##1236334387706421250##
1236335164705460224
1236373324634210305
1240065390115512321
##1245625651668774912##
1245625708258291718
1245625962244390912
1245626945573769216
1245761638176894976
##1245633166011817992##
1245634181041754115
1245634230673014788
1245640709501149189
1245642468827131905
1245653076909772801
1245703180689817600
##1250468239366389765##
1250469613747556359
##1240780970950885377##
1240984914515955712
##1242205264671113223##
1242206787002040322
1242206869625675776
1242207328935518208
1242211624343257094
1242267313631629313
1242299309317672960
1242343001046818817
1242355587389837319
1242455914084544515
##1241857696866992129##
1241858281708105728
