##1242743704621846528##
1242744045853646848
1242744885448491008
1242745000242425857
1242745189128638465
1242746477186867201
1242746629347835904
1242746776718921728
1242746777775878145
1242747275127947264
1242747521547612160
1242747749390594048
1242747856118861825
1242748066404478981
1242748069340422144
1242748087682072576
1242748859417329664
1242748955110395905
1242749483089301510
1242749518380183554
1242750086167302144
1242751282227687424
1242751372208091141
1242753043600465920
1242753164153061376
1242753370395488262
1242753450754166787
1242753931391963142
1242754241774661632
1242754482359934977
1242755013061095424
1242755084351614976
1242755306322636801
1242756098928582656
1242757317336207362
1242758188291817473
1242758847103631362
1242762515311923200
1242762522719129600
1242762680697569280
1242763240129658881
1242764163614683138
1242764613940318211
1242765845245411328
1242766365888589824
1242766864054353920
1242767757533462533
1242769515504680961
1242769728768180224
1242770499735871488
1242772644438708224
1242773284183314444
1242774326320992258
1242774377378217984
1242775259461365760
1242776137480065024
1242777552063782912
1242778567915732992
1242784313172787205
1242784659605524481
1242789389178150913
1242790990609555458
1242791282810007554
1242795624640188423
1242797474194096128
1242797988717768704
1242802180857507841
1242811947512406017
1242813719979134977
1242813931284029441
1242820680623759360
1242834226531250179
1242841223330660352
1242851356010045440
1242851659275010049
1242854364340981761
1242856642854649857
1242869722011578370
1242899356971347972
1242901635585789953
1242903963449593858
1242908549866491904
1242912900815216641
1242920033459802114
1242948570401181698
1242959369731440642
1242967459960938497
1242998405770731520
1243005601053052935
1243015101961076738
1243016135928414209
1243085361095606272
1243129274233688065
1243183783987347457
1243207203948986372
1243299903499128833
1244116565286629381
1258818348760039425
##1242547704745639940##
1242548793335300097
1242553573185028096
1242563347125583874
1242589995346677764
1242650899635408896
1242655158573699074
1242704392190656512
1242779472065105922
1242781040118300672
1242782900870938624
1242785004637356033
1242804419181371393
1242827786231918595
1242894004720734208
##1242776223140503557##
1242810087212748801
