##1248570829081849856##
1248576037451182086
##1252223365185769474##
1252224696377937922
1252225591593574400
1252225622962733058
1252229532221726720
1252242696539947009
1252247103470014465
1252251392137474052
1252253237597667331
1252254901855571969
1252256473004081153
1252258633829756934
1252268943248633856
1252269068251430912
1252271284093927432
1252274514119008260
1252285450632527873
1252324666586337280
1252344735248740353
1252359243669270529
1252408893247905801
1252489761316638721
##1251976827998003201##
1251977845024468994
1251978184066818048
1251980891557187584
1251990449457414147
1251990547587305477
1251990573793370112
1251990676914438150
1251991550047014914
1251993540151971840
1251994110694756352
1252001764599005186
1252003273319624705
1252068365176393729
1252102446031257601
1252102540818354176
##1251982736098824192##
1253266135153344512
##1252286138787573760##
1252288518136705024
##1252324042528501761##
1252324149432922114
1252341855896735747
1252607276722139136
##1252918178101039104##
1253019047853162503
