##1251085279542349824##
1251085409238560768
1251094868178452480
##1251131912485298176##
1251132563676151808
1251136001004756992
1251144013547139072
1251144373019926539
1251144956745375744
1251145588181098502
1251153238767722501
1251165767799726081
1251165986171973639
1251207170785411075
1251338973873659904
1251435727042285569
##1251229395915857924##
1251541957479890945
1251545572932288514
##1251283169762041866##
1251283254184984576
1251283753336475650
1251283868788932610
1251284222674903040
1251284412794384384
1251284543069356034
1251285094964310019
1251285307074453507
1251285314561335297
1251285350686822400
1251285942268198916
1251286024484982785
1251286110925438976
1251286186049581057
1251286460583546881
1251286699533127682
1251287855982403584
1251288241296347136
1251288537368010753
1251288779798843392
1251288907091775498
1251289758384435200
1251289780018708480
1251290360766255107
1251292088546791433
1251292291815407617
1251293274909835265
1251294006333583360
1251294028676677639
1251294051304910848
1251295408850075649
1251295524050911234
1251298566842339328
1251298943419498498
1251299846025367552
1251302685883731968
1251302830448795648
1251306589656698881
1251306794456092675
1251307039898267648
1251307785557549063
1251311718590025729
1251317997760909312
1251318007281922048
1251318301076193280
1251319956140064774
1251320830795153408
1251322274705281027
1251323079327875073
1251324494586748929
1251325416704524289
1251330876262277120
1251331721888501763
1251333510436139010
1251335185725087744
1251335397050900480
1251335878624120832
1251336668596011014
1251338136673824768
1251340771791339521
1251340902372651010
1251341454464684032
1251343094664048641
1251343404530884611
1251349105781231621
1251349141558624257
1251349831781691393
1251349864358838272
1251351274571943943
1251357317934841856
1251360825144721408
1251360912935616513
1251363357770354688
1251363394382372864
1251369195700436992
1251369261722828801
1251372804332756992
1251375363369971714
1251375969060913153
1251377027682369536
1251380058176000001
1251380912685813760
1251382815343681536
1251387554533969921
1251391264374820865
1251391280573227008
1251393330149294082
1251394210877575168
1251397872861491200
1251399793697419265
1251400123151777793
1251405360637902848
1251408039820832769
1251408702600556544
1251409617059446784
1251410115598704640
1251411180037517315
1251412411208392704
1251412415817961474
1251414287119253504
1251415928694243334
1251417144069406720
1251417378682015744
1251418094268035072
1251418420064792577
1251418629217947649
1251418707466883073
1251419155653439489
1251419205351727108
1251419431517016064
1251419432687226882
1251419492544102403
1251419505823232001
1251419969298071552
1251420023765204993
1251420040827633664
1251420120032870400
1251420230963740678
1251420312262062080
1251420533138350080
1251420557993803782
1251421065873707008
1251421888322179072
1251422367076823040
1251422378699239424
1251422394142556160
1251422541761204227
1251422542209986566
1251423873343590400
1251423982533971969
1251424106664337411
1251424173186048001
1251425659827740674
1251426108463026178
1251427854862221315
1251427898197770240
1251428046831341569
1251428620838539266
1251429321589358592
1251430849825955841
1251432516151652352
1251433452429344768
1251433631769296896
1251434287515275264
1251435335134871552
1251436364010315780
1251437285905743873
1251438993000062977
1251440312398032896
1251441687840329730
1251442008624947201
1251442425178075136
1251442473408307201
1251442847510921216
1251444894624813056
1251445607694241793
1251445823147323392
1251446718257758210
1251447568619507713
1251448044941389826
1251450887572205570
1251452465670688768
1251453172331225090
1251454519294164992
1251454670326939648
1251457056877490176
1251458046179631117
1251460029892435968
1251460199384260608
1251460315545559041
1251460775467769857
1251461093320466433
1251461217585160198
1251461293925695490
1251461359021293568
1251461543721611267
1251462868899368961
1251464102901415936
1251464236271796225
1251464400487288833
1251464424843612160
1251464622181421056
1251464938817818624
1251468630228860930
1251469250620948481
1251470504420093952
1251470805743042560
1251473112094453760
1251475286501330953
1251476417692532739
1251476430132850688
1251476518456504321
1251476675067555843
1251478449027457024
1251479161882972160
1251481048921276416
1251481239976120325
1251485374762926080
1251486088662843392
1251488729887375360
1251491848322985984
1251492763947995136
1251492958693724165
1251495555416481796
1251497347806310400
1251498601332776960
1251500334167531522
1251501581872369666
1251502612308013056
1251503457015681024
1251505550791147520
1251508217168920576
1251509177459113986
1251509958253907968
1251510408529293313
1251513514843308037
1251514378849042432
1251522216149364736
1251525219707166728
1251527479040319489
1251528297370050560
1251530424280592385
1251532456815099906
1251533380501602309
1251536098762858500
1251537565565542400
1251537699581890560
1251538403323252736
1251539425814855680
1251540584826908675
1251541685928185858
1251542235746795521
1251542928410935297
1251549939953471490
1251551595403382785
1251557623637344256
1251561110349713408
1251563034792902658
1251571023784394755
1251574599994806273
1251577033509031943
1251577636268265473
1251578900557201408
1251579036901552128
1251579684116193281
1251582286295949318
1251584147472224263
1251588567559745542
1251592318244831240
1251602243322814476
1251612160742117377
1251615181739896834
1251616013617115138
1251619054131064835
1251620981543763969
1251621202227007488
1251623215316770824
1251626023541706755
1251626116923744258
1251631732874412039
1251634494458810370
1251635712132296704
1251644366730428416
1251646756770721792
1251649628749135872
1251665125737746436
1251671161404088321
1251688747420262400
1251695898847055872
1251698989860302848
1251702701727121409
1251708903085297666
1251719186247811072
1251735106080964608
1251766539474345986
1251881283426430977
1251910101574787072
1251961133059182595
1251965698840178690
1251979374070509568
1252063250017026048
1252106812092043269
1252463298035023872
1253118391252144131
1253177873491390464
1253192779460685826
1253914466837823491
1255771700882440195
1257683118129065990
1257963160742629376
1261168511306674179
1265353359609008132
##1251286032923983872##
1251291760908779520
##1251435158818951169##
1251435825394565120
1251444442659250178
1251474609897177088
1252901632049889280
##1251437475949576196##
1251437806230126593
1251438433425334273
1251445778318491652
1251446499399159809
1251446617863073795
1251446778156777473
1251455920837722113
1251457021527941120
1251470572946669568
1251474331382800389
1251490138741407744
1251490969972805632
1251497880290037766
1251509027181338625
1251541876508852225
1251545122929598464
1251568693584297985
1251568799163256838
1251572816555782144
1251599353489358848
1251622500011847683
1251644250317611009
1251776341713866752
1252007747601731584
1252038990015930370
1252379996716326916
##1251493213506023424##
1251495271957176320
##1251542017013776384##
1251545154206523393
1251545485329997826
1251574641287671808
##1251548051623284743##
1251568194776707073
##1251654120513122305##
1251655231974318080
1251684276422283264
##1251922549304365060##
1251922980034281474
1251925740590960645
1251944951723720705
1252036734981996547
1252138927865069568
1252247793818898435
1266256954839535621
##1252003464227573760##
1252003596465590272
1252036384870871042
1252036447475052546
1252036589594738688
1252140988761608192
1252141132240338944
1252141289736491008
1252141378500546561
1252141798320934912
1253046061893070859
##1252588493982793728##
1252616735494221825
