##1239129226709798913##
1239136555131797504
1239242244764381200
##1238114197030014976##
1238115551949377537
1238121320585535491
1238139450837925888
##1238585738868011008##
1238658771532091397
1238693232076341248
1238706229704298496
1238754065837891584
1238754802269650944
1238763678738059264
1238807006661746688
1248020148092416000
##1238607653481459714##
1238607760729821185
1238607942678646784
1238608333583667200
1238608473002254343
1238608718998233088
1238609819621380098
1238612313764245504
1238613892525445120
1238617327257690112
1238618232887574530
1238625353226223618
1238628537332047873
1238630860359950336
1238643980579024897
1238684207716667392
1238706662627778561
1238722655760646145
1238724317338312704
1238724899893641221
1238726866296594432
1238727074858315776
1238739807976722433
1238759981673054209
1238767064321536000
1238801007796277249
1238803982618955776
1238804029284790272
1238848627562422272
1238864048264863744
1238919851827134465
1239312953574391813
##1238976572503269376##
1238977334666985472
1238977654843375616
1238996553781727233
1239232972554985472
