##1246099592594235392##
1246104723146641409
##1246408796840300545##
1246427249198465026
1246440372626210817
1246464640797868034
1246503063524794368
1246519956289839110
1246520322880352257
1246521749103169536
1246580666373996544
1246644241918550018
1246668558341492736
1246746073961508864
1246827429907378181
1247504217524355073
##1246181568382672902##
1246212282486525953
1246262389428887552
1246294100594372608
1246300836575285252
1246301449375662080
1246302787559964673
1246303696415330306
1246304665064570880
1246305152811831296
1246314405802971136
1246317700571451392
1246318462412210177
1246319626922885122
1246322463857934339
1246325989057101824
1246327480761356288
1246327867648204800
1246328267650609152
1246330617970769920
1246338574510886912
1246339010043228162
1246339035137802241
1246339508997586944
1246339955879788544
1246341434866831361
1246341624482988032
1246341893388206081
1246355011044597761
1246355908172619778
1246364586175062017
1246377484892999680
1246378368821612544
1246387299262308352
1246387888809443333
1246388507821641728
1246392550275125248
1246398209305567232
1246401139706339328
1246402597147176961
1246404651462901762
1246412603443855367
1246430427763609601
1246431010155364353
1246431595730538498
1246432210154070018
1246448685250236416
1246464760536805378
1246539400500129793
1246544151686131714
1246558638132596739
1246559587689467907
1246564725435125760
1246585781545771008
1246587495476801537
1246611747684958210
1247263821628088324
##1246182194537693187##
1246182347445280775
1246182937890099200
1246182950653345792
1246183012850597890
1246183082471960584
1246183593229107201
1246183775391842305
1246185751601197057
1246185823051091969
1246185887500767234
1246185888801054725
1246187860048465921
1246188902962126850
1246189576231817218
1246190513562288129
1246190973375348738
1246191211678965764
1246192322787921923
1246192931284946946
1246193291277873157
1246193908645801985
1246194133590474753
1246196078753583107
1246200229424177153
1246202682345508866
1246205722632884225
1246208875788931079
1246210523861049345
1246210978053787660
1246214494075961344
1246224036461453313
1246227348938280962
1246227987814645760
1246231258193158151
1246231488443699200
1246235120039755782
1246239892650299399
1246249173130842117
1246260548494397440
1246264221408600065
1246270404165021696
1246273638283780097
1246283826369908736
1246289569345126407
1246296719270252547
1246297799269978113
1246300499072233472
1246304224046125058
1246308839231799296
1246311120144564224
1246313254911201282
1246327770898194434
1246332304915644417
1246336113549197312
1246340070526914561
1246343344873254912
1246344013856288768
1246348204465061888
1246349876146946048
1246354978375114752
1246358434880028672
1246362871963037696
1246370158668627968
1246371277536923650
1246380073114107906
1246383131902578689
1246385260318937088
1246393188673302528
1246403524369485824
1246405502705242112
1246405556950249472
1246420645229072387
1246423208150159360
1246424078170427397
1246424418609442817
1246427540987707393
1246427879849811968
1246433805088493568
1246445053859565573
1246448179479904261
1246457457318211585
1246496274209218561
1246532507228569603
1246705860564393984
##1246351607324971009##
1246351722378932224
1246383883429580802
##1246410638286639104##
1246418784224784384
1246542262953226242
1246542783596371974
1246543163231272962
##1246460980181241860##
1246462163058900993
1246463366912147457
##1246465703634513920##
1246467546968178691
1246552663984087040
1246748846430044161
1246840244319764480
1246847552349179906
1246906169094004736
##1246468119926800385##
1246469167160659969
1246469678463094784
1246473160859561989
1246490965172539392
1246507838026940417
1246512693785362433
1246533497356988419
1246534010395865090
##1246478762058944516##
1246481306579619840
##1246480650997321732##
1246480855733800960
1246481014689587200
1246481261922791424
1246481394764853248
1246481533084536837
1246484119015641090
1246484379528040449
1246484586072289280
1246484708638298113
1246484735695687684
1246484756163956737
1246484810333409280
1246484920006049793
1246486591620681732
1246486700878114816
1246487256866619392
1246487745222053888
1246488569461555200
1246488603515146246
1246489055736614913
1246489588073484289
1246489824267309069
1246490541409406977
1246491589129748480
1246492269471023104
1246492417756454913
1246493766703362048
1246493777965068288
1246497591875063809
1246497894301138945
1246498232886312961
1246498335013421061
1246498393150627846
1246498728351010817
1246498972484673542
1246499226453934080
1246499424253153280
1246500588097077251
1246501530884280322
1246502217554804743
1246502284651106308
1246502613241249792
1246503548319338496
1246503873516273667
1246505722285867008
1246505841924231169
1246506215036895232
1246508358028443648
1246509249120829441
1246509855638159360
1246510722567241736
1246511819746926594
1246513832878620672
1246517536771973120
1246518728667402247
1246521463961763841
1246521874093391880
1246525719615647744
1246526395662176256
1246531774043258884
1246533544328994821
1246535070585847810
1246538843815317504
1246539548924010502
1246540075191676928
1246540597567119363
1246542721659146241
1246545352033001475
1246545649023225857
1246545765436141568
1246547097756844032
1246547317467078659
1246550460955320322
1246558094777294850
1246561250789789696
1246563881620815872
1246564502843404289
1246564916187803650
1246564961985482752
1246568448383205376
1246570262545543168
1246573488527327232
1246575886478041088
1246577994849824773
1246583223527837696
1246584807259344896
1246585036503162891
1246585619796672513
1246586081828634627
1246593410691186691
1246595656686415879
1246616279961796614
1246619326913957888
1246628024746999810
1246629733867143169
1246639424202518533
1246640950992084992
1246641253707464706
1246642818053025792
1246643361110528003
1246651299015393280
1246661777309544448
1246679069393129474
1246680174663315456
1246689470608543744
1246704681121972224
1246712354093641729
1246715077543239680
1246717332765974528
1246718315634077696
1246721978985218049
1246738127206731776
1246762457642815488
1246762654057758720
1246768527949864960
1246777269026242563
1246793570708832256
1246821121376346112
1246821794499170305
1246840198589284359
1246845327711309825
1246876815475564544
1246888936389165056
1246934135106686980
1246974718571433984
##1246491228159348737##
1246492015031767040
##1246519644061564930##
1246524439883382787
1246525428560470024
1246528511583584257
1246541566396817409
1246546711670960128
1246563167641260032
1246563332376555521
1246679820240670720
1246766460766208001
1246775060171350017
1246885375966162949
1247469454335803393
##1246528629821054982##
1246534167883583490
##1246536690434551808##
1246537248281165827
1246578284994977792
##1246544957835362304##
1246545181433872384
1246621383133671425
##1246548406593638410##
1246548478739779584
1246548908685344780
1246548924053311491
1246549156837109763
1246549277519872000
1246549306343141376
1246549475830779904
1246549476237627392
1246550668975976452
1246550872873742338
1246550940309770242
1246550972396179456
1246551028390080513
1246551465914781700
1246554255865139201
1246554894720471043
1246555493574873094
1246556671696084992
1246559503048413184
1246567475921158145
1246568360562831360
1246579609010929667
1246586192545681414
1246593438558162944
1246597723966648327
1246603617966206978
1246691704482205696
1246766770830139392
1246893313262858246
1246929173832138752
##1246551217507090439##
1246551447744974849
1246556799114887168
1246563505953804288
1246580618894413825
1246585669260107778
1246585827939016705
1247226735923527684
1247227889210269696
##1246553944643514372##
1246555181103398913
1246555396103458817
1246556653102731265
1246557706489602050
1246557991240896514
1246559104874749958
1246563481400283139
1246564818796101635
1246565466967085057
1246569860223639553
1246572377930170372
1246573372680687617
1246578363239731202
1246578399814057984
1246579105732198400
1246580247547559936
1246638285130260482
1246662794868600833
1246680022624108546
1246681239970549760
1246693585937989640
1246693990642130944
1246702100039503874
1246800921209851904
##1246557287524847621##
1246561507552436225
##1246559320403214341##
1246559625601855490
1246559894683226120
1246560212330385409
1246560260615266308
1246565764003479553
1246568467299545088
1246569229274546176
1246575753384398855
1246582009780207618
1246603395097559040
1246614045748330497
1246615482003841027
1246624163625938944
1246639442766360578
1246643711867359232
1246646773789138946
1246663636619276288
1246664157803446278
1246671871619354624
1246677872040980480
1246684429214535680
1246693580682473473
1246702490579619840
1246721736407756800
1246727137798782977
1246748348222226432
1246748574932774914
1246750060957839365
1246774765693685760
1246778924094369792
1246821418773491712
1246826136467836930
1246843968098353152
1246850128746549251
1246865828651454464
1246867649239429121
1246879765396586507
1246880428306374656
1246884216345956353
1246887092443119617
1246899934705655812
1247003279873265665
1247075315219927040
1247293525580042245
1247577495446130689
##1246560833041285120##
1246650955023745024
##1246568406473748481##
1246569735355076609
1246573430146809858
1246577775525404672
1246584635951366145
1246591654171197441
1246599068635324417
1246608077052395522
1246638388989562880
1246640296198275073
1246640302846345217
1246649106719821826
1246671539308834817
1246672454904426497
1246680729448263682
1246684060195401728
1246690237738291200
1246704679964286976
1246712089571405824
1246715368724447232
1246721076689809408
1246761262622662656
1246761436799533056
1246783977056239617
1246786145280720898
1246806842812108800
1246849081890279424
1246861075775205377
1247063385600122880
##1246569079298838538##
1246569880419282946
1246649663471661057
##1246570218329116672##
1246578463257038851
1246580482437009409
1246649234784260096
1246779908006785024
1246780695650938880
1246821959171743747
1246839512615002112
##1246573779079200768##
1246575242715201536
1246575254522204160
1246589813765165056
1246607524050219010
1246685761128333312
##1246575275468558338##
1246576066585649152
##1246576080120696832##
1246576164652683264
1246576193572405250
1246576222265577473
1246576610331045889
1246576855928524800
1246576971481481220
1246577020374581248
1246577488911896576
1246577605651947520
1246578160818360320
1246580484156674055
1246580670941585411
1246581147238371329
1246582001660039169
1246582440363261952
1246582827321380866
1246582880647753730
1246583468101980166
1246583748407316482
1246584643673116680
1246585216015220738
1246585850907025410
1246586684545916936
1246587393995653120
1246589695401832449
1246590536183689224
1246590537458737153
1246590980037509122
1246593255216734209
1246600497181659136
1246608505492180994
1246615629475569665
1246620059696615425
1246623989709123585
1246630952643813377
1246631718444040192
1246633450729324546
1246634458100482048
1246634888058540032
1246637087752949761
1246652859728437251
1246661402733010944
1246675565437952000
1246681440366006274
1246683072331952128
1246686417784393734
1246686704175591426
1246696139618951168
1246696521254481920
1246698147532898306
1246703449099689991
1246711564364898309
1246713974944645120
1246718881323986944
1246725715153780736
1246731584839004160
1246734653794459648
1246743173537435648
1246743912447795200
1246745342458171392
1246751085982814208
1246751582508789761
1246751934318600192
1246757015394881537
1246757760034844672
1246766412842053634
1246777755980697600
1246780058976563200
1246785382865424385
1246788624177410049
1246799551786352640
1246799828681621504
1246803528951173122
1246814935553912835
1246825422098182152
1246825791746383873
1246843290550448128
1246845048110669827
1246868042937782277
1246933628556361732
1249787008798646272
1251995765800669186
##1246576718665715717##
1246577586064502787
1246632527357509635
1246888380052525057
##1246578049312862208##
1246664116116299777
##1246578312618663936##
1246579859939303429
1246579974926000129
1246580462245629952
1246584970673610754
1246587848490450949
1246608169704534018
1246619788677468162
1246620195986255875
1246624243191816193
1246628491644329989
1246628979970277376
1246637365722058753
1246637955755790337
1246645083350413317
1246645115554324485
1246650437228539904
1246665459702915076
1246668120128925697
1246670051299725312
1246671632225181696
1246673849774682113
1246679683518861312
1246683098420514816
1246689025794158593
1246695767298973697
1246696564011171844
1246696937514053638
1246697532236980224
1246706085647564800
1246706087203659776
1246706730551181314
1246707386481549312
1246716401793949696
1246717537137635328
1246717858719109121
1246723144146132992
1246728874941177859
1246729166978011137
1246750581185744897
1246750709770530816
1246770672279457794
1246772948284907521
1246777456897544194
1246778051071000579
1246778791332110337
1246780605515337729
1246781912288497665
1246789874918752257
1246793482494189568
1246812524760256512
1246845371311099905
1246852004808462336
1246853167469465600
1246864399664656384
1246876875898699776
1246880652340928523
1246883131329859584
1246891157411397632
1246902619228028933
1246908817088155657
1247031131242987521
1247038762976247808
##1246579123750932480##
1246579189530198021
1246579321763958786
1246579670981709829
1246580159618179076
1246580882456170498
1246580979470401537
1246581206101233664
1246581859905044490
1246583234982490113
1246583689544335360
1246584278663692288
1246587975779209216
1246589692528562178
1246617424872472578
1246671543381504000
1246675998575398917
1246720004013334529
1246760536060170240
1246782404947255298
1246931860325896193
##1246580685286060034##
1246580981986996230
1246581178695667712
1246581672310702083
1246582855041519619
1246582860028489728
1246584215132672003
1246584526165495810
1246585674163240960
1246586052892114945
1246588407511465985
1246589975669411841
1246590563958378497
1246591008277704706
1246592877028876288
1246594197865594882
1246596996892430342
1246597384353861637
1246599489508577281
1246606115791687681
1246698676740898816
1246732917960736770
1246737401067831296
1246741023881134081
1246803617731969024
1246822446835040257
1246849569952083969
1246854966989504517
1246869921142919177
1247218176301109248
1247318786799292416
1248593483029303302
1248635388027166727
1251483437736824834
1255718238375350275
1255848382205243394
1257292736522342401
##1246600339631026176##
1246602888710938627
1246785521323556864
##1246644994150207488##
1246645497089138688
1246646001630314496
1246655560826617857
1246834536937336832
##1246663788750929922##
1246664682133491714
##1246687233488322560##
1246737376765972480
##1246771211398496256##
1246772029182836736
1246772342367363075
1246772978035109891
1246775635638435840
1246776939584655360
1246782473998077954
1246788603386179584
1246790641834754048
##1246781536596353024##
1246784023722065926
1246784165472763904
##1246819846681251843##
1246820195173380098
1246838328852439043
1246994810940076032
1247059386582867969
1247171549842608133
1247959376985567233
##1246890532435038208##
1246891137102688256
1247775188176867333
##1246890885125734400##
1246891115036450817
1246891954236870656
1246913913624694785
1247130975324307456
##1246905195235328000##
1246911570984103937
1246912510277582848
1246913763690917892
1246914413082415106
1246914702116040705
1246916820969254912
1246917652381151233
1246919607891476484
1246919894052020229
1246921571471589382
1246926738703233024
1246989375944220673
1246993686514356228
1247003963238449153
1247004850291949568
1247005273375617024
1247010063006470144
1247013711933571077
1247026098136809472
1247040435106742272
1247041877322465280
1247044293174362122
1247057440459436034
1247064933650640898
1247066765806440448
1247070093747671040
1247071452102303744
1247076816621371392
1247078846056316928
1247091013082132480
1247093806064971782
1247098060863397893
1247101618891390979
1247105996545298433
1247114414668595200
1247117612653436930
1247118254067404800
1247126878596579328
1247127100928274432
1247128405289697280
1247129201339183105
1247144327962415105
1247144606061539328
1247146168951463936
1247147088170942465
1247147384360046592
1247154864422940673
1247160773450723329
1247182762261516288
1247188775043772416
1247214804328218630
1247215882562088963
1247238355852709888
1247245145789149189
1247251009795248130
1247258393271812099
1247258420258000899
1247268233142468609
1247275129966669831
1247363572331614208
1247951322650939394
1248028249579491329
##1246910482675458049##
1246911990603358209
1246916134810550272
##1246912431353364480##
1246913270264606720
1246913631289303045
##1246913321917448198##
1246913683164364801
1246913953017606146
1246914230307217411
1246914842717499400
1246917621573922816
1246919590346711042
1246975953349246977
1247012979536793602
1247019933436952577
1247035295314345984
1247166443558285312
1247192579474624517
1247243456877137920
1247249426151870470
1247250623873069056
1247254343637782530
1247256135423471620
1247281255302955013
1247362877339688966
##1246930783761285120##
1246931664581931008
1246932527480266753
##1246938322968158208##
1246938638652489730
1246940742301384706
1246944083047784448
##1246958349914116096##
1246958863246598145
1246961788849131521
##1247011193778208773##
1247029474937405440
##1247078459802714112##
1247158599480197120
1247166175789953024
1247173280521281540
1247173675687628800
1247188100738097152
1247195569975627777
1247198464452235264
1247200015463972865
1247203689368084480
1247207196590514178
1247451039302930433
1247678769017618432
1248413283742146565
1248643855542636545
1250081328223191040
1251038135980560384
1251521600333242369
1254081727103983619
1257583514016452608
1261598611076415489
1261688128466833409
##1247180993166966792##
1247182084336205827
##1247226912302411780##
1247227113276661762
1247227117231890432
1247227162043744260
1247227280054681600
1247227502449303552
1247227512238804993
1247227519696240642
1247227813121478657
1247227858805837824
1247227871447388163
1247227885771010048
1247227966632976388
1247228082894843906
1247228093640605696
1247228134623186951
1247228180429234177
1247228289204224001
1247228440069234688
1247228752012115971
1247228854638436353
1247229119286464517
1247229149665726464
1247229530957385728
1247229743541485568
1247230425635921921
1247230710093660165
1247230728494034944
1247230896794734598
1247231070686326784
1247231718307909632
1247231841033224199
1247234230402285576
1247234498615525384
1247235242336948229
1247236050239586307
1247237969435557888
1247238254304407554
1247239272463306752
1247239598805266432
1247239896693080064
1247240165141237763
1247240244434518018
1247241168418672640
1247241849389154306
1247242069619486726
1247242487019667456
1247243367131631616
1247243709290369025
1247243760976658434
1247244165802594310
1247244463702933504
1247244649623846912
1247244986195693569
1247245161362599940
1247245935350071299
1247246589623783427
1247247215267061768
1247247322595065858
1247247919935258630
1247247990777053187
1247248119974309892
1247249063482925056
1247250262596689924
1247250425616760832
1247250921492492288
1247254069066059776
1247254798535217152
1247255997074280449
1247258044649607174
1247260382118494209
1247261117199630339
1247261269507354628
1247261764493946881
1247262693272309761
1247263746613022732
1247264280849891331
1247264406637088768
1247265858344361985
1247266385627095043
1247268066347700225
1247269903318605824
1247271689865568260
1247271895482990599
1247272557096644614
1247275545307594752
1247276758627467268
1247279111036375041
1247282682389827593
1247283475767590914
1247284350334504966
1247284834654998529
1247285175194660865
1247286013178843137
1247286190958678016
1247287247973560320
1247288189934428161
1247289164711768070
1247289686160220160
1247291224857460736
1247291337164062721
1247292596537495558
1247292644499349513
1247295995140026368
1247296169237196800
1247296377761259521
1247299106646736897
1247301568321523712
1247304399187324934
1247306015516831751
1247306329104007170
1247306714434744320
1247307981835952128
1247308829274132484
1247310011459608582
1247310441187065861
1247311114330914818
1247313645685669888
1247313951953690625
1247314753493614595
1247319286084972549
1247319768509698054
1247320321100861442
1247326524388278273
1247328880417013760
1247330059112910859
1247330111306817536
1247333340878909449
1247333484722561025
1247336624205246464
1247339218524942337
1247340507430301696
1247343449533276161
1247349082131218434
1247350147576668160
1247352004336390144
1247365222815404032
1247384674906918913
1247385787458519040
1247394786568556544
1247403840338624515
1247406981192843265
1247427919770681344
1247428507820535809
1247428871768678401
1247443653703995392
1247445151305383936
1247446372846120962
1247457200706068481
1247468259290603520
1247487317369110530
1247513531378995201
1247516901716021250
1247522740350771204
1247524173481574402
1247529279706947591
1247558147495153666
1247560163743195137
1247562656661352448
1247592388450795520
1247595913343885312
1247629943598723074
1247732506490810368
1247955791375671296
1247994733084971009
1248056916305162240
1248058392087756808
1248059494824886274
1248167488472395777
1248186830501154816
1248388582840000516
1248390349724069891
1248468448293740544
1248500690827149314
1248512108326608896
1248582330635243522
1248696789470973953
1248774924761776129
1249678176126672896
1250262111814443009
1253858861410390016
##1247234213956456450##
1247234855907229696
1247238869457809409
1247413181544308736
1247490707788627968
##1247303984425177088##
1247305102014197762
1248400399989493764
##1247617204390150145##
1247618205226582016
##1247619043592470528##
1247628940258299904
##1247662089793044480##
1247664770683211781
1247667523123806208
1247669516194189312
1247671010771558400
1247682361820680199
1247683672276373505
1247689664443699200
1247761722070282246
1247789562467733506
1247850760777449473
1247994632656629760
##1247846680122318849##
1247849077078994945
##1247982908620640256##
1247988491931262976
1247993471442485248
##1247995831673860096##
1247996745717624834
1247997172534120450
1247997418634805248
1247997969116418049
1247998800372916227
1247998881519955968
1247999455791656966
1247999636599603202
1248000771695804428
1248004007534223364
1248008175015493635
1248013360509026304
1248017905255501824
1248034481572896770
1248051335892697090
1248053400853450753
1248122028818862082
1248141952157192192
1248144598855286784
1248144957518512129
1248148833542049792
1248214905309798400
1248232084470140929
1248346323239264259
##1248005213824225281##
1248006510581448704
##1248138574890856449##
1248166798593273856
##1248231253050097665##
1248231316031713281
1248231549734129664
##1248343708417822721##
1248344174828666880
1248344527468933123
1248345129959796737
1248345493207502849
1248345572454608898
1248345887853686786
1248346517762707456
1248347210246471680
1248347260808724490
1248349611770744836
1248354690460528643
1248400404104151041
1248430968752365569
1248456539544797192
1248502278450843649
##1248351871208771584##
1248359606608433153
1248361859020918786
1248367164157054981
1248373290357231620
1248461549628354561
1248492233076006915
1248517034641678336
##1248367394428420096##
1248510497445548032
1248541438700408833
##1248390226931666948##
1248742789854134273
##1248623051261894656##
1248623332930383874
##1248677341091504130##
1248685793536851970
##1248679378776723459##
1248688547063889920
1248697918728605697
##1248747588804677632##
1248757856712699905
##1249111626621448193##
1249111970097139712
1249112609921486849
1249418358220603393
1249447849785544706
##1249159057811914752##
1249159338041671680
1249467560980070401
##1252849536176844802##
1252929840279367682
##1253448708382998531##
1253449408215240715
1253449890895626240
1253453157931384832
1253453810925809666
1253454999503409153
1253460980425687046
1253470032002256897
1253478520006873088
1253691371472539649
##1254176448849592321##
1254182480573337600
##1255895157658005507##
1256338663597838336
