##1252236345222676480##
1252236889198755843
1252236937668161546
1252237052902432769
1252237083638263810
1252237135223984128
1252237163116163073
1252237241361055744
1252237271706853378
1252237336408207363
1252237373808668672
1252237411808993280
1252237472429477888
1252237561486958592
1252237628084281345
1252237691913191424
1252237762679496705
1252237783776681989
1252237824293654528
1252237829469466625
1252237830451089408
1252237841632985088
1252237869491486725
1252237871127257089
1252237892992339968
1252237919844216833
1252237929235255301
1252237998378418177
1252238001494560775
1252238012219420674
1252238016212598786
1252238071661092867
1252238097812582400
1252238134005374977
1252238207665819650
1252238211432275968
1252238225055383553
1252238288317898752
1252238437740093440
1252238513736691714
1252238676760956928
1252238695391952901
1252238766187532290
1252238950032277504
1252239095679586305
1252239109659037699
1252239123202691072
1252239230492913664
1252239245105922049
1252239362202365954
1252239371438350338
1252239453579608066
1252239493727350785
1252239581165936643
1252239736955121665
1252240022251507713
1252240098411700226
1252240144796614656
1252240354578923520
1252240368059351041
1252240449278038019
1252240458106929158
1252240500486258697
1252240528185397249
1252240608753864704
1252240613749202944
1252240706351087616
1252240715750539264
1252240756275888131
1252240801003954176
1252240865810092032
1252241077622509568
1252241111831031809
1252241444317913091
1252241459694243847
1252241495228403712
1252241573489840130
1252241668574715908
1252241797130133504
1252241856240537607
1252242095198416897
1252242137615347715
1252242258553864194
1252242321023864833
1252242488137592837
1252242692341469184
1252242736482320390
1252242844967976960
1252242993047879682
1252243018557652994
1252243458850463746
1252243600819335168
1252243717081178120
1252243847998038017
1252243929975738369
1252243974854717441
1252244018978861057
1252244041879752706
1252244075861983233
1252244099014561799
1252244156996554756
1252244408491278336
1252244544101416961
1252244774570135553
1252244942174502913
1252244944590381056
1252245044213493760
1252245198953906176
1252245227097784320
1252245270181675009
1252245739167768577
1252245816330330114
1252245835020210177
1252245906390425602
1252245919313137664
1252245942029488133
1252246086674194441
1252246175832518657
1252246176985948161
1252246251187376134
1252246604553367553
1252247187834142722
1252247310211387393
1252247370777137157
1252247557033656323
1252247612188758017
1252247723912413184
1252247901453062145
1252247932549705729
1252248059804819457
1252248279930359809
1252248297223446529
1252248304412475394
1252248448398753794
1252248465448538115
1252248472180441091
1252248743279280134
1252248766972866561
1252249019562237952
1252249372735266816
1252249381979459584
1252250041919700992
1252250403879747592
1252250518967156739
1252250831266754561
1252251793712611329
1252253035599978497
1252253070878277632
1252253190373945344
1252253302009540609
1252253365997899778
1252253637650284550
1252253904634511363
1252254671776997378
1252254732900581379
1252254782070366208
1252254959464329216
1252255022789857280
1252255112506019843
1252255375719567364
1252255623179382784
1252255731346276354
1252255737734139904
1252256922507624449
1252256979017445377
1252257132008935424
1252257442106355712
1252257559131688967
1252257641163866116
1252257661988593667
1252257781954068480
1252258368217067521
1252258386391023624
1252258528229761025
1252259652433215492
1252259660549230599
1252259786105729024
1252259829713899525
1252261170540617733
1252261474040516614
1252262497169690631
1252263022334222336
1252263907583983617
1252265042214559747
1252265075303424000
1252265265175330823
1252265455412273152
1252265895549972482
1252266060532908032
1252266609227546632
1252266656946106370
1252266941273837570
1252267748404723714
1252267829933617153
1252268574896467970
1252268702982176769
1252269792716820496
1252270162050498560
1252270224604368899
1252271395725291520
1252272122589859841
1252272452639563779
1252272858853761026
1252272926675566597
1252273308529299461
1252274754888835073
1252274815031029760
1252274932882518019
1252275110096093185
1252275246960381952
1252279177253990408
1252279405268938759
1252280320667385857
1252280415160872962
1252281348913614850
1252282657116995586
1252286546406969345
1252287217344675842
1252287832099561478
1252288147746152448
1252288717806546947
1252290688781344769
1252291541688868874
1252292430952632322
1252293204382269443
1252293232257531904
1252295313542598657
1252295971150626822
1252297928825339914
1252298636928712709
1252299310185799697
1252300318278397952
1252301419136397315
1252304902661058565
1252306812461776896
1252311124986527746
1252315855330869248
1252316992687783937
1252319647099228160
1252320697822711808
1252325566621065220
1252327064465805312
1252331147805315073
1252331686932725760
1252334295848452097
1252334847386963975
1252337128932962304
1252338574717927427
1252349609688457216
1252353723948429313
1252357092930805767
1252357329187565569
1252365856341811211
1252388185964867585
1252392923854827521
1252424382841942019
1252434223777996801
1252441712632516608
1252451096410361856
1252465739132518400
1252468157224280064
1252490513384722432
1252502697615462400
1252527855717810176
1252551272340901889
1252671825588490247
1252671883822223363
1252672679641038851
1252722866883301378
1252730135591124994
1252735714967670785
1252738540963848192
1252786024297742343
1252850636598636546
1252913641009098752
1252923831989104645
1252942680033824768
1253586325569245185
##1252240205362446336##
1252243772999716869
##1252238296828149768##
1252239587021410304
1252265446994251776
1252293349584887810
##1252239637659213825##
1252239708777840646
1252248337589428230
1252253148326047747
1252253683359846401
1252254225846824961
1252256129234673670
1252276094897664000
1252278267467517953
1252279057074585602
1252279975576768518
1252285436627689473
1252306215671119872
1252306774125875200
1252308261400915969
1252324988708847618
1252333310921056256
1252338263030816768
1252452907485626368
1252454982151999489
1252477227079553024
1252493615022125063
1252507443113967623
1252508771726876672
1252512203753828352
1252545157960028160
1252597996509954048
1252601696666226700
1252602455298379776
1252647734752010240
1252702644365406214
##1252247951537246209##
1252247998937079808
##1252252734327336965##
1252263087945715714
1252305143594471427
1252318086591627264
##1252295146806353920##
1252295230503768065
1252295457310720000
1252296012380717056
