##1252278353299529729##
1252279014359695360
1252279456552681472
1252280395665682435
1252582215541809153
##1245398801004847104##
1245423965658587144
1245424473454645258
1245435536589967360
##1247854374640062470##
1247854398484680706
1247854723325181952
1247854984420626433
1247855030931197958
1247855052393459712
1247855924301172736
1247857055098187779
1247857480601939968
1247858380527542277
1248119569694232581
1248161854628773890
##1245824590934413315##
1245824767044792322
1245824941708193793
1245825106976354310
1245826152641564674
1245831501574529024
1245839105742843905
1245843712263049218
1245849093160742914
1245854338653671430
1245856195442704390
1245859731589062656
1245875552810131459
1245878261562966016
1245878345168019458
1245892312112205825
1245901471075401728
1245922631968272385
1246049975676649472
1246068621559738368
1246069237258452995
1246107152995008513
##1245838477989740544##
1245850401053782017
1245882309162696705
1246391007333228544
##1245850455986417664##
1245853721914789889
1245860528305483777
1245863368461713410
1245867889581641728
1245868651913203712
1245869333802176513
1245872810666360833
1245899467867422720
1245937665448595458
1245939103134334976
1245951759710924800
1245968183124729861
1245969266857447424
1246020949796950017
1246027135598374912
1246557439203426305
##1246900824556605443##
1246900924985081857
1247088534332354561
##1249095538454208517##
1249097735728439302
##1250030189452636161##
1252216687551819776
##1251957069118410753##
1251958932505079970
##1252363271354474497##
1252460832581193728
1252478857313161216
1252584901137895425
