##1252723927639564293##
1252724038092443649
1252724176537911303
1252724296876797954
1252724333157416962
1252724506445205505
1252724536564383745
1252724631422808064
1252724664260009985
1252724840999596035
1252725154695823366
1252725194852118529
1252725396040187904
1252725583865434113
1252726319835725826
1252726393349328897
1252726405957386242
1252726566922211328
1252726641723420683
1252726765937659904
1252726850910064643
1252727296533958656
1252727333817135112
1252727504319766530
1252727575555837954
1252727618333523976
1252727760742756352
1252727800445968385
1252728103274758150
1252728311962374145
1252728559388499968
1252728701135060995
1252728830835523585
1252729540482347009
1252729873715642368
1252730662223843328
1252730889311793155
1252731358339883009
1252732056867672064
1252732113259986944
1252732262178869248
1252732289378848770
1252732457939611653
1252732654044184577
1252732782670905344
1252732956982095875
1252733018264961027
1252733146770149377
1252733274666995712
1252733370993389569
1252733485011349505
1252733590112276483
1252734054677520385
1252734312455311361
1252734582069305348
1252735025201758214
1252735197851893761
1252735223504265217
1252735249458528256
1252735430858022915
1252735651675607040
1252735763445362690
1252736487285837830
1252736643070595073
1252736933660446721
1252737443771699205
1252737671958614018
1252737698005159938
1252737753214849024
1252737767924269056
1252737949399224320
1252738016436801537
1252738057985458180
1252738728310771713
1252738752306348035
1252739143886614528
1252739322358439936
1252739598159155200
1252740065576595457
1252740104088621059
1252740306325377024
1252740627705614346
1252740652560986112
1252740717165924358
1252740792369774593
1252741484945772545
1252741669432279041
1252741691875999744
1252742305171341326
1252742617110061056
1252742822291218434
1252742916776345601
1252743082090598400
1252743212407689216
1252743291646476289
1252743354280001539
1252743371703169024
1252743430159114240
1252743723651411968
1252744552907255808
1252744712861212673
1252745499700072453
1252745511335088130
1252745708479930368
1252746090669125632
1252746133279068160
1252746291823681536
1252746663493500929
1252746899284733952
1252746938870611969
1252747369965371394
1252747561166942209
1252747882161192960
1252748108716552192
1252749175911059457
1252749417620406279
1252749633618694144
1252750587919302657
1252750844535222276
1252751322643927041
1252751560616161280
1252751623232815108
1252752173559164931
1252752717476478976
1252752915703496706
1252753005168013313
1252753699811688448
1252753806749818881
1252753897200013313
1252753980733771779
1252754163689230342
1252754498554118144
1252754575863545864
1252755262542434309
1252755341479219200
1252755443614658566
1252755605409931265
1252756097347325954
1252756382656454657
1252757017661526016
1252757039287201792
1252757099303632898
1252757179465154561
1252757773307113473
1252757794337566721
1252758224325009408
1252758405665763328
1252758439455076355
1252758540843876352
1252759467458007042
1252759583698944011
1252759754058817536
1252760099820535808
1252760805612929024
1252760940992516097
1252761106474565634
1252761734995206146
1252761769778581504
1252762818597838851
1252763133250240512
1252763180142661633
1252763838824529920
1252763847297024000
1252766022999965696
1252766570394329088
1252767409762598916
1252767454771757056
1252768880004599809
1252769521628254208
1252769958767058944
1252771176901939212
1252771308162691078
1252772030031761408
1252772120284794882
1252772610745733121
1252773098396495872
1252775130788495360
1252775391283929091
1252776224700665856
1252776409271078912
1252776805192343552
1252776886582812674
1252776934825754630
1252777716224573441
1252777752568217600
1252777986991980544
1252779949246697477
1252780387497107457
1252780738803613696
1252780898753425409
1252781405660160000
1252782542207549444
1252782916112875520
1252784428910346240
1252784609890271235
1252785248305324033
1252785946451460096
1252786540583018496
1252787601075027969
1252788170573438983
1252788534697775104
1252789152489385984
1252789923201060871
1252789977949364224
1252790208518590467
1252790556264194049
1252790851320909827
1252791335486185473
1252791454705102848
1252792029383405569
1252792074707046400
1252792621409480709
1252792626589376514
1252793633092354048
1252793835140321284
1252794083573149697
1252794155106959360
1252794258525995009
1252795153389150208
1252795694668283904
1252797744173002757
1252797914482606081
1252798230150238208
1252798908574715906
1252800482319331331
1252800592277364737
1252801016111616000
1252801072818728961
1252801973897887744
1252802260200878082
1252804401170804736
1252805218984759296
1252805324806844417
1252806188082880512
1252806297679876097
1252806798748221440
1252806893677903883
1252807601835794434
1252807989896994818
1252811742712741889
1252812498098479104
1252812901997404161
1252813815864950784
1252814073000951814
1252814890185527296
1252815904380837889
1252817339898191872
1252818722261135360
1252819209140109312
1252820166758416385
1252822545042046982
1252822744363790337
1252824762713161730
1252825022705438723
1252825315358896136
1252825333683720193
1252826508931895298
1252826962805977092
1252827697962553345
1252828445144309765
1252828868932546560
1252829044451667970
1252829874756005888
1252829974429483013
1252830221121671170
1252831045142999042
1252831175351001090
1252831194598608896
1252831671847550977
1252831955369918466
1252831961929748482
1252832663175487494
1252833164906516480
1252833189862637568
1252834237918502913
1252835012883300353
1252835760429916160
1252836380964601856
1252836493090934786
1252836676247814144
1252837511040126980
1252837569949130760
1252838037995716613
1252838316992430082
1252838399481745409
1252838399905423367
1252838430725177344
1252838464556417024
1252839602261385217
1252840592117084166
1252841219568230403
1252841428129992706
1252841784985546757
1252842289371598854
1252842835881025540
1252843481887674371
1252843891453095939
1252844158168920065
1252844981699530752
1252845927745720320
1252846045316280324
1252846150673039360
1252846450850988039
1252846497827139584
1252846951021731843
1252847143523508225
1252847262843039744
1252848058770927616
1252849340533501952
1252849600295124993
1252850400799019008
1252850757834911745
1252851016510304262
1252851052652584960
1252851360241905665
1252851644070412289
1252852078520623104
1252853740614254594
1252854002280087557
1252854939484688386
1252856961801965568
1252857557707681794
1252858250967478274
1252860377416609792
1252860565086588929
1252860832058273794
1252861681186648064
1252862381715161089
1252862666814582786
1252862724163268609
1252863134710165505
1252863428244328449
1252863980852269060
1252864106253565953
1252864566905630720
1252867555426840577
1252867913343594497
1252868068448940034
1252868313006239747
1252868848811864064
1252868891740495875
1252869123467444226
1252869473641480192
1252870386926014465
1252870652635148290
1252871984775442432
1252873870438100998
1252875156323659777
1252875964213637120
1252876551353331712
1252876597238968324
1252877060558614532
1252877408501301248
1252877509785337856
1252877578047614978
1252877907636043779
1252878079011115009
1252878124104085505
1252878214399029250
1252878669506211842
1252879023752929281
1252879327076552709
1252879998244937729
1252880067589365762
1252880643740106752
1252881692194291714
1252881699370758151
1252882641826660358
1252882905019191298
1252883442179727361
1252883538875219968
1252885185613271040
1252885493047492608
1252885498537799682
1252885579672498177
1252886350312861697
1252886573647093760
1252886604236099585
1252889571748175873
1252891125196697600
1252891463811305472
1252891489039978496
1252892039613755393
1252892547632029703
1252893216002670593
1252893619066933248
1252894002636107776
1252894020638031873
1252894230982295552
1252894971226660865
1252895388647985152
1252895582341025792
1252895969034862592
1252896068708249600
1252897812762841089
1252898204837969925
1252899260229488640
1252899519404130304
1252900546916253697
1252900617917542400
1252900664352669697
1252901248313053184
1252903275449454592
1252904045016203267
1252904880769052672
1252904972032921600
1252905993807237123
1252906749981532160
1252907433531445248
1252909006974263296
1252909054197993472
1252909356284284928
1252910668384210945
1252912815335190530
1252912942733037568
1252913493482835969
1252913685699362817
1252914833449771008
1252915116162588672
1252915541066616834
1252916722534924288
1252916819297546240
1252917066090364929
1252919115842490369
1252919749685596162
1252919755134164992
1252919761748537345
1252920950473003010
1252920976687464448
1252921385862811648
1252921485817262080
1252923368703250433
1252923746949758978
1252924282650480640
1252924881093767169
1252925225030868993
1252925516535009280
1252926544772763648
1252926699299385344
1252926999775100928
1252927418429472768
1252927728120139776
1252929345519321089
1252929393690886146
1252930073726005250
1252930250016731136
1252931058829492225
1252931525663997953
1252932399736000513
1252933697273290753
1252935942467457025
1252936076349620224
1252936538180276224
1252937509929172992
1252939087666872320
1252940235924701184
1252940302580678656
1252941349764108288
1252941777021140992
1252943598993039369
1252943951608401920
1252944098828394498
1252946831044157440
1252946918134644737
1252948149980758016
1252948203290398723
1252948347494846464
1252948812659920898
1252953373097279488
1252953900233228288
1252954447912873984
1252955893467099136
1252956723121455105
1252958664597688321
1252959121596461056
1252959852315521024
1252960097732636672
1252960379497578497
1252961766977437697
1252961774837608448
1252962846616543233
1252964171202940928
1252965183171055617
1252965918596096000
1252966309689778178
1252967306570891266
1252967771245142017
1252968085545459714
1252969212563333120
1252969416784056322
1252970015898456064
1252971209492480000
1252972152552337408
1252972703868424193
1252972711166517248
1252973657787375616
1252974122709196800
1252975039844139009
1252976997573132289
1252977519608938497
1252977814346903552
1252981212639084544
1252981256540827653
1252981931492376584
1252982386574405637
1252983208452526080
1252983530361061376
1252984077105401859
1252984659459354624
1252986653087543301
1252987816847572992
1252989162329911296
1252990109869395969
1252990318489874433
1252990367433216000
1252990650708099072
1252991497441607682
1252991549710970880
1252991803403485186
1252992313019846657
1252992733809172489
1252996467129815042
1252996949554466816
1252997386160549890
1252997419790413825
1252997507724050432
1252998647043760128
1252998730418130945
1252999272024465411
1252999425938636800
1253000278091223040
1253006550798647305
1253008813730467841
1253008915903574017
1253009103930228736
1253009543388368896
1253010629834821632
1253011109398839301
1253013618859393025
1253013657266552834
1253019526679142408
1253020842096820227
1253024567716708352
1253025220002226176
1253025635347431425
1253027056000139267
1253027720457486338
1253029499349975041
1253029534556962816
1253029814765830144
1253030292262137857
1253032733808496643
1253034718876049409
1253034949801914371
1253034962040901635
1253036199545094144
1253036635794612225
1253037094705999873
1253037362977878017
1253038803197059079
1253039196178178048
1253041709807788038
1253042289217277952
1253045379760783362
1253049446671298563
1253050253244280832
1253051855464214528
1253055648780222465
1253055710872600576
1253059134385242112
1253059526971912195
1253060840313544707
1253061017262796800
1253061760849981440
1253062351902912512
1253062481242664966
1253063742809616390
1253064072163098625
1253066440363646976
1253066764965076992
1253068181603782656
1253069284663873536
1253072414633852935
1253073335522648065
1253078524597960704
1253086561538899970
1253088704895365121
1253093139809779716
1253093712818823173
1253094208480727041
1253097094635753479
1253104779129217025
1253105900925128704
1253112893240946688
1253114117952540674
1253129517905870855
1253133181148069889
1253135308272685059
1253160500944343043
1253171226505293830
1253171806128791552
1253193447303000064
1253206848053735424
1253218506931417100
1253222805581299712
1253225713848717317
1253238697962725376
1253255812174303232
1253266782888001538
1253277287971201024
1253277545430163456
1253310336935043073
1253312709384339456
1253314050743775235
1253318113568800769
1253327819335057408
1253340305379561472
1253344125014945793
1253354295329730561
1253365274591612929
1253369133108002820
1253384147546013696
1253423576276848641
1253431722005295105
1253504548196552704
1253543504766263296
1253623307305390080
1253658851502698498
1253710596823891973
1253717671826391040
1253782137750372354
1253831404187779078
1254104797864755200
1254160672444878849
1254303914662326272
1254358305771851777
1254395740740300803
1254716823456579584
1255030774811762688
1255141311994191874
1255228268510433281
1255278286328025088
1257868411075518464
1259060022648229888
##1252733943125852165##
1252829934482907139
##1253336810882621442##
1253389561721434112
##1252717202660261889##
1252717396567212033
1252717733000761346
1252718015306780680
1252718342168809480
1252719295337037828
1252719909458542593
1252720599828500490
1252720808776138752
1252721302709899271
1252726806215565314
1252784938858033154
1252811875529588736
1252814204676919303
1252814709012566018
1252833695599226881
1252836300341669889
1252861757191647233
1252897886070870016
1252898067050889216
1252900635500044288
1252918247042748417
1253033771714166784
1253034558456565763
1253145122629464066
##1253100161821270016##
1253120157494530055
1253313415201853446
##1253055051628773378##
1253055167496413185
1253055169614544896
1253055222626344967
1253055234693312521
1253055476314619911
1253055515719897088
1253056102461300737
1253056197529415681
1253056248880287745
1253056515449270273
1253056518511083520
1253056585858977793
1253056639088852996
1253056741606072320
1253057009362108419
1253057369543716865
1253057452003778561
1253057864127729667
1253057909174435841
1253058720931680257
1253058943863185408
1253059369056468998
1253060937969537026
1253061583187652613
1253062386065555456
1253063173302824963
1253066355588415489
1253068571682451457
1253069325235298305
1253070683355176960
1253075228407869440
1253078841393909761
1253079451509940225
1253079671555620864
1253080530842722304
1253083630882217991
1253085587155947520
1253088178766036992
1253089258090508291
1253096398133751808
1253097002461782031
1253099731779121153
1253104870334365698
1253110116519424001
1253114405375655936
1253121636691304449
1253131510049320960
1253142655334338560
1253147499260456963
1253150532233056258
1253152203767939072
1253152332780617729
1253195992242978816
1253200258496180224
1253201238696644608
1253213711508148224
1253239575910273024
1253241383948898304
1253266302342438914
1253279880873234433
1253283157421498369
1253324097724899330
1253324788510031876
1253325095558250496
1253326478432825344
1253327350046965763
1253328976061149187
1253334065320587264
1253334708491972615
1253335481648988161
1253455808647618561
1254080042407256066
##1253055059581173765##
1253058078175637507
1253208147994517510
1253416883560181763
##1253055545038245888##
1253056216143626242
1253262469012828166
##1252646074721894403##
1252646356726005762
1252646546316935168
1252646736461549568
1252646849183387648
1252646888169443329
1252646934776557569
1252647583023054848
1252647588710551557
1252647693425532928
1252648041296904194
1252648089787170816
1252648124344143875
1252648865729257473
1252649591922712581
1252650552284110848
1252651181513551873
1252651217567834114
1252651627930177544
1252652081472835592
1252652572940394496
1252652929208717312
1252653136675778563
1252653820267634688
1252654202691768322
1252654993913655296
1252655239842406402
1252655920041070599
1252656369511079937
1252656540814893057
1252657704629387271
1252659120047611906
1252660102886285314
1252660852332924928
1252661449714995200
1252661902922125312
1252662239464697857
1252662353939832834
1252663880964333569
1252664563343986689
1252664818466775042
1252664821243412480
1252665107353649152
1252665149519007746
1252665339701313537
1252665717259984896
1252665845953769472
1252666076678303748
1252666220702244864
1252666248154005504
1252667068194881536
1252667766185877511
1252668200187310080
1252668228616237061
1252668515099783172
1252668548616523777
1252668713867845633
1252669481924657152
1252669626015780866
1252669726452523010
1252670337067692034
1252670356411875329
1252670667696345091
1252671852494938113
1252671866961039361
1252672719449133056
1252673395780657155
1252673409726595072
1252673890180046856
1252673948711555072
1252674094304243712
1252674132644429828
1252674432520327169
1252674487520288769
1252674750096252929
1252674883882024965
1252675465254486020
1252675539690799110
1252675751092137986
1252676044143935489
1252676405734891520
1252677868372582407
1252677901293674497
1252678026644635649
1252678041593163779
1252678284585971714
1252678320396931079
1252678467172401153
1252678662564052996
1252678705991876609
1252679056316866563
1252679276396191745
1252679385280323584
1252679504398561280
1252679570777612292
1252679768245493765
1252679803603423238
1252679835555676161
1252680186493112321
1252680578400280576
1252681045599834116
1252681134212816902
1252681350441832448
1252681468427591684
1252681512962723841
1252681633649614848
1252681711969853442
1252681780219523073
1252681892748570626
1252682223880454146
1252682536129630210
1252682566186008584
1252682596619878400
1252682623035609091
1252682625602531331
1252682850094235653
1252683033955753984
1252683205121097738
1252683269759553537
1252683783616245763
1252684083743899651
1252684412728365057
1252684471020781568
1252684516570914819
1252684828056616977
1252685421554946050
1252685731211948032
1252686030605606913
1252686063086247938
1252686079649632258
1252686167390195715
1252686348558966793
1252686387729612803
1252686709432569856
1252687275848335361
1252687535006003202
1252687632334761987
1252689082959962113
1252689852736450561
1252690009280274435
1252690383856963586
1252690398251749381
1252690574186106881
1252690628154208256
1252690682977943555
1252690693732077570
1252691271048744964
1252691831437037569
1252692327983984640
1252692762643791873
1252693196523667457
1252693417370570752
1252694044511293442
1252694164472504322
1252694622658273280
1252694666111266817
1252694836114796544
1252696253990871043
1252696514583035904
1252696534895992834
1252697711540830209
1252698388686155776
1252699399639248896
1252700591782010880
1252700751589236737
1252701540567187460
1252701752945790981
1252702077463166978
1252702408012152837
1252703070171082753
1252704895955865601
1252705127061950466
1252705300873916416
1252705605971738626
1252706306097590278
1252706338930647040
1252707091648823296
1252707192412741639
1252707388920078341
1252708274123702279
1252708608246190088
1252708797275090946
1252708807031087104
1252710861128556550
1252711832772583425
1252712212025802753
1252712669066530817
1252712777904459778
1252712927993397250
1252714980467769351
1252715762365628416
1252716983256256513
1252717687609966600
1252718202943082496
1252718306508800000
1252719056827879425
1252720954821742600
1252721346200690690
1252722974001696772
1252723498688151554
1252724203331125253
1252725625506455552
1252725688412647425
1252726091984355328
1252726100968554497
1252727755583651842
1252727788106383363
1252728491449233411
1252729947577352193
1252730885977317376
1252731142383570945
1252732648130256898
1252732723829116928
1252733118810918916
1252734887670493184
1252735398419271688
1252735872820293633
1252735925542674435
1252742489947209728
1252743892774146048
1252745982946750465
1252748281001771011
1252751236434145280
1252752207776231429
1252752390358532097
1252753555787825152
1252755481581453312
1252759872980090882
1252760179592101895
1252761481076244485
1252763277777678336
1252763946009923585
1252765083492659200
1252765544924807169
1252765612742512640
1252766052980842497
1252766899169112065
1252769106295689216
1252769187614908419
1252769623604428804
1252772364640833537
1252772393115926530
1252772814253363200
1252773412981923845
1252774602264248326
1252776705950973952
1252776836745986049
1252777188295835648
1252777955513810947
1252778417323421697
1252778994304417793
1252779091683672064
1252779846272417792
1252780467172052997
1252780622449381377
1252780691600953350
1252782865596776449
1252782933288595456
1252784315987083264
1252789284526055424
1252790507677405188
1252793011446185985
1252793611156107265
1252794136215851008
1252794650232074242
1252798004408483843
1252798305144365057
1252798410589188096
1252798833412788229
1252799068725633024
1252799556502388740
1252802251933941760
1252802384968867841
1252803511835746309
1252804595061010432
1252805556718440448
1252805672321851392
1252805673198501888
1252806837331582982
1252807654994399232
1252807673726169089
1252808105630535682
1252809889157484546
1252810132691419136
1252810267085266945
1252810461524881413
1252811213743853570
1252811376096972800
1252813820940087296
1252814570889940994
1252816898598727681
1252819336982487042
1252820088425603072
1252820920428711938
1252820931061272577
1252824329416409089
1252824344008384512
1252826148804804610
1252828245835182084
1252828583002689536
1252828868165038086
1252829467317112832
1252829525416620034
1252830027403558912
1252830276658450436
1252830768478384130
1252831536249888770
1252831819772203008
1252832533043048451
1252834951646416897
1252835348175925248
1252835580771045376
1252835975639621634
1252836287725187075
1252836519607328768
1252837334921310208
1252838989423194114
1252839322975301635
1252839862861918209
1252840052691894273
1252840192412532736
1252842297835704320
1252842753068691461
1252844741944725513
1252846667532926977
1252847415435997184
1252847605148577792
1252848267471097859
1252848472144752640
1252849048219815936
1252850015745085441
1252852397291958272
1252852411787382785
1252853464855482375
1252854045212995585
1252855616319524865
1252855648527609859
1252857286847983617
1252858143341604864
1252859097088548864
1252859594939887616
1252860335167377410
1252860540172431360
1252861412218531840
1252861898216714245
1252862025711054848
1252862511012966405
1252862557401931783
1252863626823692292
1252864010392711172
1252864207164289024
1252865164367425539
1252865218926919680
1252866634605195267
1252866911748022273
1252867889570344961
1252868131946524672
1252868309361410054
1252868321185161218
1252868643311849476
1252869091452305408
1252869321996374017
1252870166867668999
1252870309813776386
1252870637984481281
1252871027312353281
1252871180144439298
1252871953414672387
1252872056699367424
1252872284185870337
1252872434660724736
1252873176607911938
1252873187706105858
1252873337480466432
1252873985471082496
1252874099103162368
1252875251450437632
1252875426281578496
1252875526936510467
1252876011374428162
1252876136503074817
1252876267260534786
1252876791191986176
1252877269552390144
1252878086745415682
1252879072486547457
1252879890262548481
1252880969058541569
1252881313800962048
1252882362330828800
1252882664169721857
1252883056567803904
1252884637401186305
1252885188461252614
1252885602158010368
1252886194662322178
1252886750877437952
1252887040234065921
1252887488957382656
1252888249665798144
1252888431946084356
1252889728837451778
1252890222968418304
1252890258347343873
1252890608592707585
1252890861848985600
1252891682724593666
1252891979677122560
1252892561867452417
1252892624119369729
1252893454708936704
1252895945437720576
1252896475912208385
1252897088633032704
1252898367061008384
1252898499571712001
1252898514863927301
1252898915038433280
1252901333532844032
1252903934483628032
1252904135273439232
1252904830764486656
1252905569419132929
1252906710408232960
1252907020765798403
1252907819021582336
1252909249434456064
1252909344993222656
1252910189411475456
1252910279647735809
1252910324782714881
1252910368608919552
1252911139790430210
1252911536462585856
1252912029205180416
1252912679804710912
1252912945719361537
1252913635346780160
1252913922052550659
1252914064545767424
1252914157722238976
1252914605069926401
1252916045758726144
1252916179146084352
1252916196569219074
1252917383108444162
1252918284359524353
1252918386662813696
1252922622419111936
1252923256014856192
1252923981201637377
1252924808532197376
1252925339866628096
1252925606062407681
1252926427940478978
1252927195795918849
1252927564588384256
1252928449456607232
1252929339848605698
1252929735950295040
1252930722266066944
1252931112042663937
1252931794527236096
1252933867704594432
1252934009480458241
1252934504693538817
1252934702236868608
1252934821975928833
1252935080982523904
1252937430283497472
1252937484813635584
1252937869456404480
1252938858024632320
1252939136501264386
1252939391770787840
1252941537563906049
1252942182199197696
1252942745456476160
1252942795687542784
1252943501643448320
1252945015942283266
1252945028680466432
1252945698896691200
1252947356829519873
1252948593851465728
1252949297970233345
1252950583159525378
1252953976598941696
1252957093029539847
1252957698615848961
1252959952194482177
1252960230604001281
1252960800366628864
1252961188322914306
1252962879642492928
1252965386238246912
1252966507442814978
1252967132150759424
1252968137739456512
1252969190262276097
1252970095799926784
1252970317888270336
1252972074735489025
1252974052152614912
1252976329320005636
1252978244284026882
1252978300118597632
1252979545709268993
1252979958672248832
1252980189946052608
1252982045866889216
1252983369291436038
1252985390010707968
1252987585036615681
1252990508793827340
1252995302186987523
1252998193958268933
1253003890187997185
1253004372021297156
1253005738093490176
1253007484886933504
1253008000597532677
1253009379768623107
1253010967165894656
1253014039476699136
1253014701400784897
1253014950840328195
1253015166280704000
1253015513816600576
1253015620993646592
1253017478734778368
1253020588991545345
1253028367005351936
1253029017835450372
1253029416860618758
1253029480186208260
1253033805457133569
1253034508284317696
1253034928595447809
1253037937631072256
1253038955399974912
1253043085203976193
1253044923621916673
1253046532804411397
1253048687590289408
1253051647858745345
1253051853752995843
1253052436039819266
1253058726002597889
1253062429443055618
1253069565413806080
1253070261315940356
1253071081675636742
1253072581428686850
1253083400568745990
1253084768419315719
1253086012907106305
1253087178101526530
1253113633321693186
1253118314852777996
1253138433951895553
1253159095743533056
1253163116659191809
1253168878621990912
1253169543087882241
1253190631494737921
1253199576250691585
1253208045032747010
1253215253955072001
1253217354923859968
1253228258675605504
1253232481341517824
1253255526730936320
1253260994408845313
1253266512942698496
1253279579365613568
1253282226172657664
1253282552259006464
1253289627542224896
1253299578629054465
1253319263575662598
1253335266074308615
1253335612238622721
1253378205618188289
1253404500813021185
1253405393105104897
1253435909002997765
1253471428755759104
1253485451442348032
1253486179355369479
1253492182427873280
1253505509216391168
1253529197215125504
1253592004392636418
1253636627261464576
1253660366669787137
1253745213992042497
1253752972774912001
1253951628367081478
1253984834713681921
1254046914422718464
1254166094648090626
1254188045714231299
1254445327337304065
1254909871486578696
1255377218240471040
1258848676451057664
1259599859511898113
##1252701674814267392##
1252760846587039752
##1252798494844297217##
1252798585076428800
##1252683521916915713##
1252686226009833472
1252686666734530562
1252689819278475272
1252716860669394944
1252874060012204033
1252916481857409024
##1253051066100396036##
1253051468971749376
1253054187606335489
1253065426243854336
1253073079426846730
1253076836499820544
1253083528780288000
1253099238998884354
1253135022724395008
1253146969125597189
1253182626564890637
1253184838120738817
1253209341336981506
1253209962895073281
1253240640483270657
1253243285122043909
1253273114940772352
1253275042282115073
1253276529431400449
1253313015702790146
1253321164677496832
1253321519679193090
1253343685812654080
1253344207026216960
1253471133548130307
1253472254639378432
1253475825917231105
1253481711427637249
1253483503397806086
1253668966943375361
1253797062010953729
##1253081678253297667##
1253081722675236866
##1253407201026244608##
1253407462369169414
1253412135628988416
1253415385178595328
1253418125300625414
##1253418227465457668##
1259974248002654209
##1252682489480523781##
1252682827700854790
1252683100846514177
1252683527725998080
1252683739563536384
1252683763177394180
1252683811378221056
1252684254997286914
1252684268331032576
1252684563916210177
1252685172551581696
1252685526227980290
1252685911172644864
1252685975471390721
1252686551252971533
1252686682522075138
1252687006167171072
1252687006175559681
1252687081391951872
1252687191022723072
1252688102272925696
1252688162352181249
1252688458130350080
1252689422925135876
1252689874324422657
1252689882444693508
1252690027227865088
1252690741320658948
1252691204669607937
1252691768241422339
1252691878111326208
1252693057046282240
1252693218258489347
1252693438199365633
1252694704413646859
1252695094194507777
1252695399065927680
1252697629911330817
1252698116731678720
1252699160689729542
1252699415883780103
1252700962805952512
1252701472736849925
1252701815323402246
1252702028066930688
1252702207922909188
1252704575590674436
1252705841146466306
1252707098464485376
1252708285549068297
1252708320818925570
1252708468399771649
1252708796033576960
1252710011131887616
1252711295918448643
1252715547890003975
1252718507629981702
1252719274604605441
1252720560351727619
1252721998217822211
1252723093459648514
1252723109712592898
1252723182274072578
1252723582976888833
1252724285648654344
1252725637451862026
1252726084455534592
1252728565654786052
1252733386864709638
1252735015584034816
1252737249214713856
1252744275865014272
1252750267734507520
1252750460932546561
1252752635964411905
1252757977414676482
1252762579149217797
1252763362447982592
1252781322235502596
1252801952485765121
1252812206174900224
1252822322282500098
1252834189503721473
1252837506849976321
1252838799496712194
1252884609970376704
1252896904796667906
1253179244424966145
1253186947536900097
##1252839692610842627##
1252839997599657985
1252842046773055488
1252848887888375808
1252858008817696768
1252858179479760901
1253001193938452482
1253001285059710977
##1253413728004927488##
1256764800585129984
##1252365722790977537##
1252434021407047683
1252826685822492672
##1252372756391321606##
1252373977617448960
1252377594575507458
1252386069598711808
1252412844361912320
1252417627500109832
1252513620694568961
1252548177221292032
1252589189562056706
1253102729976852480
##1252631185026617345##
1252631273924894721
1252631929528168455
1252632043239944192
1252632311113428995
1252632581922852865
1252632740333342722
1252632782263717890
1252633172468260870
1252633185046888448
1252633475259281411
1252633840163729411
1252634367987462148
1252634726382415872
1252636010908979202
1252636299124711426
1252636314111021056
1252636414640037888
1252636913489588225
1252637169614807045
1252637207984103424
1252637733446705154
1252637781064667136
1252637820822446080
1252638182660866055
1252638352693657605
1252639322794266626
1252639425164697602
1252639522254467077
1252639724809879555
1252640042998169604
1252640293855334400
1252640340479217665
1252641517270900736
1252641560388395015
1252641787430293506
1252641918812594178
1252641948936126469
1252642035363872769
1252642368710467592
1252644353304080385
1252644746964713482
1252646112441360384
1252646471712808961
1252650248473849857
1252650979918577675
1252652435262365701
1252653325780160513
1252654324183896066
1252654339199578118
1252656515087044609
1252657613612998657
1252660470659584005
1252660879558148098
1252660961518985216
1252661145082757130
1252664943268200448
1252668179219800069
1252668747971690499
1252669703811665922
1252671125106106368
1252671267523747841
1252671382074384386
1252681657309593602
1252684300769800192
1252706344341311488
1252707565248659463
1252709162498379782
1252719862646026246
1252721223110402050
1252723973869240325
1252728558880985091
1252729039640563712
1252738764872523783
1252743291088572419
1252745925367382026
1252753375499862021
1252755074276868097
1252787383336144897
1252788595712315392
1252870851017367552
1252877810131103753
1252899124321693697
1254915619243413504
1256897876199964673
##1252673334464086017##
1252674240270172166
1252677134939836416
1252683844651757570
1252686916367134720
1252687120726200324
1252687607638654977
1252687647740497921
1252687708817948672
1252688291985592322
1252688643422072832
1252688855955841025
1252688889145364480
1252689728765399041
1252689875444232192
1252690527402721282
1252692795774717953
1252692912632139776
1252694150346088448
1252694968495411204
1252695257969459207
1252696209665470465
1252698156363583494
1252698938341232643
1252700016227094530
1252705700922433536
1252706246941200390
1252707295148081153
1252709140390182918
1252709531433545728
1252718997084295170
1252719901330092033
1252724341890076672
1252728600052355072
1252729450237747200
1252729549013626880
1252730147213623296
1252731096275587073
1252741562045468674
1252746510544093184
1252751860693377024
1252788331898961921
1252819047239962625
1252831124390174720
1252854024597954561
1252855545242910723
1252863675108454402
1252871002716946434
1252875083460169731
1252884470123896832
1252899660529795073
1252982828469542912
1252990151350988800
##1252694593197559808##
1252697852066828295
1252698327738732544
1252699040740933632
1252699108659380225
1252699547664560130
1252699987844136962
1252705630726631425
1252717811337768960
1252726126025334787
1252828987664957441
1252831019268358147
1252934811414650880
1253015810626502656
##1252696579129171969##
1252798990367649792
##1252718689247428612##
1252770139923152896
##1252772521121849345##
1252772636104560642
1252772800156352515
1252772935217152001
1252773292626325505
1252773350939799553
1252773412226899969
1252773445441634306
1252773496612061184
1252773814011920385
1252774678659203072
1252775105798733824
1252775316931719169
1252775340872732675
1252775576756158464
1252775991572934658
1252776144644059137
1252776262558498817
1252776280992501760
1252777299977613313
1252778443495952385
1252779034318123009
1252780656708517893
1252783620898652163
1252785027206672384
1252786696300769280
1252787482825023488
1252787997566816256
1252788099698098176
1252788375465181184
1252788492872146944
1252788836909932554
1252790441608650753
1252791999196999680
1252792004662169602
1252794049771290627
1252795919017353218
1252796410547843072
1252797624580800515
1252797763538075648
1252804354349776901
1252806806092386306
1252808169094434817
1252809187676966912
1252809904554819586
1252811809804783618
1252814145948286978
1252822913796829184
1252823613075369987
1252836426799972352
1252837249588183040
1252857284675244034
1252860551949987840
1252863347877281793
1252863665088282625
1252863816523583489
1252864584991428610
1252870618627715073
1252875295863918592
1252876365914726403
1252876438874685441
1252877712160485380
1252883984687796224
1252890691644121088
1252902787702292480
1252902874184585219
1252906140687577088
1252908540852871168
1252912413478879233
1252913077135257600
1252913167753232384
1252913451367829504
1252914018077093889
1252914022443298816
1252914210889179137
1252914361452105728
1252916173274075136
1252917589384343555
1252919806740791296
1252922783216144384
1252939852619939840
1252941576562790400
1252943300497203203
1252946818708766721
1252949393835204609
1252961225283112962
1252965416630181890
1252970280265355264
1252989880059285504
1252998155668459526
1253004118685343746
1253043479858552838
1253228954028212225
1254855126512054279
1256428452514803713
1256675611403259905
1264796264497139713
##1252933491957936128##
1252933974814535680
1252935168559628289
1252938890870173697
1252941125515644928
1252941700944797696
1252942623368716288
1252950134897414144
1252965977865834496
1252973185726898176
1252991969783152642
1253012446152966144
1253012997666222082
1253033345207984140
1253055873246728193
1253067480039383041
1253089344463736835
1253499909912788992
1253655736871202817
##1252957673231912960##
1252958804163117056
1252962641712209921
1253035940555227146
##1252990430205091840##
1253011292899729409
1253076607654338562
1253536231662780417
##1253010478885826562##
1253011052532576256
1253012722033229825
1253017759048511488
1253019686104715264
1253040013421563908
1253045221195120644
1253056389922070528
1253059096514879490
1253117306844086274
1253201414869921792
1253398934699065345
1253808486468800512
1253808529888227328
1253808696876044288
1253818611745128448
1253826491365892098
1253827869014401025
1253828346905014273
1253841914383736833
1253863242520317953
1254471255920689153
##1253029144964861955##
1253029416856420352
1253031832846729219
1253040124079865861
1253040253465694209
1253073866446049280
1253095197539434498
1253221670237679616
1253305699985174528
1262563886122897409
##1253043768833515520##
1253093780368039936
1253323690369900549
##1253048454374404098##
1253049404954722306
##1253052596035739655##
1253113589034037249
##1253060902095663104##
1253065065072341009
1253075323559776256
##1253068530246967300##
1253068647238643712
1253068861869625344
1253068885789683712
1253068959307497475
1253068974809628673
1253069057168990208
1253069531171479553
1253069584850190339
1253069935775043585
1253070086405083137
1253070120911601664
1253070211521171458
1253070251987742720
1253070461136777216
1253070496666697729
1253070662937296907
1253070709389221890
1253070941543948291
1253071349922369541
1253072035724566529
1253072065969692673
1253072288007757825
1253072645198958593
1253072672008929280
1253073883189710848
1253073894275252228
1253074739003830274
1253075155695304704
1253075207964762119
1253075369034493954
1253075425871478794
1253075567571861504
1253075685721157633
1253075842810499077
1253075862301245440
1253076873048973312
1253077061893271553
1253077374901551107
1253077673917714435
1253077938498568192
1253078933819600909
1253079019379200003
1253079626324365317
1253079762609868801
1253079914577825794
1253079963139477507
1253080002566008834
1253080389050085378
1253080486999732224
1253081456055930882
1253082960363958277
1253083008023789572
1253083997980295168
1253084168147415043
1253084344958287872
1253084429024706561
1253085240249237511
1253085276290912270
1253085523356327942
1253085718601240578
1253087092655247363
1253087197726638080
1253087669741129740
1253087837148385282
1253089039072329728
1253090660653191170
1253091399966380034
1253091509361991680
1253092254090215424
1253092606852161536
1253093149762883585
1253094582746841088
1253095120389406722
1253095218469130244
1253095528122011653
1253095782485540864
1253097344855400449
1253097600762470409
1253099407651811328
1253100933040484352
1253102913670590465
1253103389631791107
1253103681328812032
1253103767110725632
1253104058421989377
1253105791038631941
1253106276868984833
1253108074153496577
1253108561581797376
1253108918227795969
1253110135188316172
1253111758769848322
1253112197070426112
1253112232474546178
1253113060060999690
1253114644501352448
1253116575793778688
1253118614170894338
1253120513490239490
1253122693420986371
1253124553578024961
1253139685804838912
1253142903054008321
1253143725036974090
1253143928368443393
1253146793040154626
1253147220121202691
1253149441785245696
1253150513580912642
1253151756483207170
1253157236408549376
1253160943279837189
1253163328735674368
1253166841746395136
1253167634620743680
1253168574258126849
1253169016132243458
1253169989244407808
1253170266420715520
1253171872855994379
1253172464940711936
1253173340208009217
1253175464174247936
1253178749325135872
1253179117962477574
1253181412548673536
1253181464809791488
1253182272666243075
1253182776393768960
1253183443468419072
1253185626284982272
1253188008624488451
1253188251495563266
1253190307652538368
1253190697429196805
1253201595195678720
1253202443585949696
1253203618637000706
1253209246692306944
1253211995651936256
1253212902275809280
1253213593081991168
1253215251299999744
1253215581039460353
1253218761877991424
1253219818217582593
1253221368688230400
1253222675780116480
1253223916895600640
1253223939586826245
1253224220152279040
1253226208831168512
1253232261752926218
1253232663579832321
1253240011572547584
1253240558438547457
1253247688885309442
1253248583295537154
1253254312572092416
1253258905473482754
1253259842673938432
1253262998329835520
1253263441021882369
1253269891777470468
1253271135405383684
1253274554920820736
1253279037511929857
1253281828460466186
1253282042277740547
1253287189796044801
1253288210823774209
1253288642115710976
1253294870741032963
1253302512586809344
1253307329652625408
1253308772094803968
1253309283330031618
1253317869758066695
1253322097301942272
1253326673509904385
1253354727934513153
1253354948097687559
1253369104389623810
1253369950913388545
1253397880099962880
1253398878403125249
1253400807212486656
1253418876773085185
1253423388816625664
1253470734011301889
1253692735405637634
1253857768336998407
1254840027546337284
1257035917786841088
##1253074278616088577##
1253074931027513345
1253074934823374849
1253075729090334721
1253076846108909577
1253078424861552641
1253079817173557253
1253089908740239360
1253091111649886209
1253095515543257090
1253101640497926145
1253150283082932227
1253198000425484291
1253240220901953537
1253286418778112000
1253304420860821505
1253308893188546561
1253337026448875524
##1253088693285466112##
1253088890426142721
1253088894884761605
1253088901138395136
1253089076703453187
1253089257721389060
1253089327384530947
1253090005825830914
1253090059835838467
1253090084120924160
1253090337926643715
1253090384722321413
1253090625261617153
1253091083279650819
1253091316768083971
1253091527913549827
1253091612986609666
1253091789206171654
1253091862967173122
1253092094543093760
1253092103904772096
1253092882740850691
1253093797778554887
1253094007057629184
1253094136233766918
1253094347916148736
1253094469064437770
1253096214456926209
1253096482720317441
1253098535832227846
1253099270724616203
1253099308905377792
1253101488370483200
1253102956377001985
1253103446695260161
1253103648277749760
1253104500413534209
1253105389933072391
1253106698497265667
1253107278678548480
1253107806888173569
1253112560938823682
1253113304458895363
1253114843768463362
1253124921422733314
1253131278146306048
1253135952903647235
1253139444699463680
1253152861900472321
1253157745299251205
1253162095773978624
1253168008761094144
1253175196401512449
1253177434230358017
1253183292196769793
1253189236477636610
1253189456967983104
1253201766671409152
1253201958942408704
1253202531683098625
1253206349548261377
1253228415550992386
1253245106595016704
1253438221087891457
##1253220929041240065##
1253222518300737538
1253222541222711296
1253223892891688960
1253224033514139649
1253228101770842112
1253241516379779077
1253345782872379394
1253345959196725249
1253354328166989828
##1253284965351112705##
1253285484324958209
1253311123052470272
1253321571189485570
##1253394953042120705##
1253396959387439104
1253397212794585090
1253397961113034753
1253642008456986624
##1253396669015654400##
1253396725789843457
1253404999801020422
1253463755675111425
1253595531646992384
##1253450969620365313##
1253451729242292226
1253452536322940932
1253453751001780224
1253454050013691904
1253458663500591104
1253460930974924802
1253465379084668930
1253468641682751488
1253497213935812611
1253558082984120320
##1253760704752103425##
1253813491313659904
1253861121402064896
1253863762886627329
1254053807870353409
1254105359226109953
1254110743269695488
1254259824679964674
1254474018096328704
##1253809445701853184##
1253810971128270849
1254252988253777928
##1254119353148149760##
1254142373774471181
##1254178092366606339##
1254180784270970881
1254184980793753601
1254187819003777031
1254192127841533953
1254196313454972929
1254202426426454016
1254220357575245824
1254487299800412163
