##1234562992647393281##
1234563658493157383
1234565084162265089
1234568914300014592
1234575015074508800
1234704853345210368
1234733510025457664
1234735136186490881
1234757571854118912
1234763607298232320
1234805945802334208
1234806313252724736
1234816332916576256
1234822397443874816
1234826448566923264
1234840921205809152
1234845038695374849
1234852641097887746
1234868268818718721
1234871564077760513
1234877895073382400
1234878971369660416
1234879266090819585
1234879699391860736
1234880368832122881
1234882566529912835
1234885085574422530
1234887288313741314
1234896243207307264
1234903871614525441
1234906763889127432
1234908257623343104
1234910045898338304
1234910283497459719
1234910948760137728
1234913754963423232
1234913927936593920
1234914620521013248
1234915455921467392
1234919762997760001
1234927194977206282
1234931643821023233
1234932265970536448
1234936548434620416
1234942222166044677
1234942887483334656
1234947434318614528
1234950833642639360
1234952036891971592
1234959996967845888
1234961364797575168
1234962474014781442
1234971451586797568
1234976517207117824
1234981483909042177
1234994194759868416
1234994444954259456
1235018071171125248
1235032918038372352
1235043793943977986
1235047027366486016
1235052184535830528
1235053512662208513
1235074469808365568
1235097189229133824
1235100864035115008
1235133915800776704
1235154052926799872
1235187014556938240
1235194906437705728
1235213530741301249
1235244380019142658
1235281493330743307
1235397271493185536
1235399578498842626
1239245225228451843
##1235032292755730434##
1235033558923857921
1235043974324211712
1235145607632867328
1235152547826061312
1235184160442109954
1235233309556428800
1235399486538727430
##1233825740577263617##
1233996764946063360
1234000780849549313
1234027470682238978
1234027659363069952
1234028531077861376
1234042090193113093
1234046175508123649
1234052981047398401
1234053906193354753
1234055001171021824
1234060967937486848
1234071231126818816
1234073787081117696
1234074970675982336
1234083883114778624
1234090958435864578
1234107334152114178
1234109371434573827
1234114342834102277
1234121583075233792
1234138030333726721
1234155931300237315
1234228465873891328
1234557310720258048
##1238571893428572162##
1238572372476624896
1239415491074154496
1239416246279573509
1239417727992967168
1239418265732108289
1239418956252930049
1239419469488848896
1239420126069493761
1239509547548577794
1239543422547111936
1239545576620019720
1239551284400644099
1239558023628165121
1239563453184069632
1239564031507210240
1239564335225192449
1239565686801862657
1239566269982150656
1239569027716075522
1239569046477168645
1239571115992911872
1239571352757075969
1239571941373157376
1239572550058983426
1239572802191208454
1239573102352367616
1239573719732944898
1239574649010339844
1239575314688282625
1239576434328383492
1239576742563471360
1239576971929100288
1239578111957745665
1239579080514830336
1239580934300667905
1239581980582387712
1239581998290817030
1239582692150087682
1239583766995034114
1239583831545589761
1239584066464288768
1239584544552095745
1239585398919254017
1239588475642548224
1239595831835209729
1239596257976430596
1239596265220050956
1239597662380441607
1239599409530355712
1239599458494689280
1239667047925194752
1239670817237209089
1239671878568087553
1239673690004037632
1239724324464009217
1239983008670760960
1239989286071566336
1239997055415783425
1239998108089679873
1239998291074482178
1240001608093753344
1240011507519434753
1240012314029457410
1240014266343849985
##1233305551158874114##
1233305708936024064
1233305717584646144
1233314109468422145
1233324395692789760
1233336953174511616
1233427558236147712
1233478450075316224
1233496905415569410
1233516537543372801
1233665233648078849
##1233124358060748811##
1233124837280944129
1233125071495090178
1233125743498014724
1233155712798339072
1233165951069310976
1233203128440258560
1233257000294912001
1233276076039790594
1233298369860317184
1233298587766882304
1233303497862455296
1233307077411471360
1233308309781958657
1233327087760691201
1233330323636748288
1233334453491113985
1233336624932671495
1233337350933110784
1233348953883713537
1233359911825924101
1233379061210255360
##1235877692291125249##
1235879767926288386
1235879972549599233
1236157098607734786
1237337720005038080
##1235940981863788545##
1235946161699205120
