##1243303761264640003##
1243304366758670338
1243305765701586944
1243361468608688128
1243595493046919172
##1243304484685692928##
1243333885792059395
1243334221931962373
1243335407468773377
1243341326902595584
1243348490979328009
1243351667829018628
1243352122198052869
1243355352780820481
1243355745849970689
1243356744442466304
1243369479301746694
1243371691864186880
1243378664814723073
1243378975214354433
1243383891722817540
1243392165583052800
1243411179323572231
1243426029663711232
1243426965626818561
1243427301569826817
1243430367287283713
1243436384020463616
1243436550479847424
1243439983081467904
1243440944030023686
1243450081896017920
1243450286557069312
1243450602081923072
1243452502793687040
1243452786970411013
1243453076759105536
1243453166072532992
1243456141981614080
1243457493738676227
1243464954965082113
1243465231042580483
1243465870946508801
1243465963133009921
1243467468766658560
1243467581106925569
1243467887165177856
1243468247611125760
1243470271874564096
1243471173012381698
1243472657548541952
1243475476993146880
1243475957203247110
1243475966795579393
1243477091603173376
1243478387278131201
1243478719701880833
1243481682965082112
1243483578438213634
1243484094551506946
1243485209514987522
1243485775888551937
1243485968654569472
1243489513307025408
1243492934693027843
1243493659825373192
1243495814992998406
1243498089530511360
1243501915947667456
1243502690749034496
1243503797416181764
1243504778107400193
1243505100557074432
1243508019939377152
1243509699556892675
1243509816770867201
1243510090344411140
1243512382384738307
1243513895517433856
1243513922176585731
1243514373018132480
1243516645517262850
1243517220577304578
1243518918767136770
1243519999370768384
1243520401973673984
1243526984535285764
1243527996616650756
1243530442986467329
1243534899547684866
1243538373773574145
1243539246058811393
1243539738964959240
1243540000073035777
1243540562709483524
1243541309887000577
1243541716013125634
1243542573307789316
1243545441712640005
1243546814336376832
1243548684614348801
1243548793712381953
1243548969474629632
1243549154095366145
1243549549647585282
1243563719852003328
1243566510163005440
1243567016260382720
1243567550967025666
1243569574429298689
1243571456874668032
1243571694087933959
1243575126446178306
1243575308684611587
1243576307402842121
1243579556159725569
1243580668841467906
1243581019674075139
1243584153142116354
1243584775534845952
1243584956254892032
1243586602934427649
1243586740453019649
1243592895409643523
1243598249572929539
1243598581375827968
1243600194492653568
1243614744927440897
1243615584908128256
1243621669224222721
1243623117475532801
1243638174192144384
1243639822419259392
1243655541206986754
1243656610460962818
1243657363888001029
1243664052901031936
1243665452406013952
1243667264550981633
1243669782584573959
1243672362853240832
1243676769447579648
1243692243443167239
1243693068831928326
1243699685992382464
1243703789284196358
1243720319485050882
1243728590052757505
1243741337813487617
1243759991481348096
1243773814300868608
1243787378210283520
1243837564911583233
1243900117536694273
1243994055383691265
1244423631763058688
1245422052120637440
1247090982769827840
1247095494695948291
1247147230110367744
1263155753256452096
##1243304055197380616##
1243304492046712833
1245422556204670976
##1234536198393270272##
1234536283663425537
1234753643393540098
