##1239648944218669058##
1239649005363179520
1239649703849070595
1239652119294234626
1239656323240865792
1239663127437946881
1239678387096039424
1239792106664857600
##1239669368948170753##
1239669604672208897
1239670084592963584
1239670841299939330
1239675186405879817
1239677057715654658
1239692787676839936
1239822009078550530
1239849031133794305
1239866925221543943
1239899109143842821
1239904640646303746
1239928128128135168
##1239685065975771138##
1239838966297309190
##1240002630052708352##
1241161574066327552
1241161633701007365
