##1224019735605628928##
1224019938618363911
1224020055815528448
1224020124572753922
1224020586227216384
1224021218090766339
1224021666646372352
1224022764706848769
1224024226115522567
1224024417359073281
1224027035179405315
1224027156839313408
1224028663869558786
1224028948784394242
1224030474944892928
1224030972288688130
1224032587288653825
1224032738111520768
1224032972237615104
1224043226740482049
1224051194584293376
1224054170350686216
1224054685851627520
1224056357244018688
1224064885040013320
1224069377651302400
1224071469715591170
1224073979301974021
1224074836236034049
1224078185387692033
1224085409229156352
1224089199135072257
1224089926783918081
1224100740928614400
1224117795849244677
1224122428928024576
1224123664381227009
1224139759599009792
1224165459622334466
1224167887750995973
1224172537883643905
1224178801409699842
1224180502535528450
1224198268671971328
1224248823263956993
1224265438219186176
1224270605509369858
1224277024157700096
1224279568485404672
1224280796556677121
1224400362788048896
1224456951242706945
1224457061703933953
1224457321511710720
1224457722487164930
1224458383387836421
1224458910154792960
1224459656661209088
1224459765952192513
1224459795111010306
1224461946793136129
1224462161222819843
1224463016051249152
1224465765249822728
1224465767376343042
1224468352590143492
1224471501098885121
1224472264357437441
1224472740335321090
1224475076013281282
1224475887145496576
1224477472684695553
1224479481613750272
1224483082436337665
1224505187034902528
1224524544007987200
1224536917200510979
1224548850800775168
1224557578014920705
1224578983888592896
1224591772527013888
1224595424188731393
1224597848655790080
1224630707500306432
1224645291451863040
1224728778963931148
1226582981273440262
1233873600945491968
1233875556548141056
##1224025446997807107##
1224031976493064199
##1228409143637291019##
1228409174616420352
1228409198955941889
1228409206602190848
1228409209114562560
1228409217821892608
1228409224662802432
1228409235374997504
1228409245726629891
1228409258347311105
1228409268065521665
1228409287690424320
1228409340849160192
1228409355470548993
1228409374969913344
1228409391264735232
1228409398973935624
1228409399967920133
1228409434923290624
1228409450500886529
1228409485154308096
1228409606675795974
1228409643204063236
1228409655841476610
1228409663441510401
1228409665765171202
1228409713655566336
1228409723952803842
1228409781284675584
1228409797793415168
1228409842211094528
1228409884221329409
1228409886897299457
1228410005495435264
1228410204498337795
1228410234965778433
1228410270609035264
1228410284798246917
1228410359612088321
1228410377135960064
1228410435893944322
1228410449084981254
1228410541363863552
1228410759513808900
1228410769718566916
1228410788207046662
1228410831177543680
1228410908571029507
1228410957828968448
1228410989613326344
1228411049914834944
1228411277678125058
1228411320250269697
1228411350126387200
1228411366656159744
1228411388772724748
1228411406283919360
1228411633111830528
1228411649280921602
1228411751814877190
1228411774145323010
1228411798052855808
1228411814209257475
1228411861323874312
1228411920421728257
1228411973861347329
1228411974209372161
1228412036738056192
1228412052378660867
1228412074755268608
1228412165310291968
1228412233237004289
1228412652189343747
1228412761601970176
1228412762247790592
1228412917315403778
1228412927302144005
1228413002874900482
1228413056985726977
1228413118373670913
1228413170684960770
1228413208341483520
1228413256374640645
1228413360661815296
1228413397110345728
1228413512730411011
1228413810681229312
1228413862136946690
1228413912418279425
1228414007591219201
1228414028453642240
1228414841569849345
1228414930564587521
1228414985140948994
1228415341367320576
1228415509445648386
1228415515200294913
1228415810814824448
1228416151287422977
1228416308473192449
1228416438794424320
1228416542666260480
1228416900775936013
1228417083043700739
1228417671303221250
1228417881295245315
1228417970281631745
1228418186636333057
1228418231305670656
1228418251593592833
1228418496381542400
1228418729589067776
1228418924238311424
1228418990038450176
1228419117075529729
1228419506822930433
1228419791414845442
1228419887275610114
1228419985225195520
1228420122777399296
1228420263366320130
1228420530178580481
1228420776157732865
1228420965769580545
1228421069398257664
1228421306632331264
1228421499968724993
1228421817112711178
1228422106368659457
1228422419389599747
1228422463094165504
1228422539350880264
1228422818947305472
1228423136481247233
1228424087451717638
1228424592546553856
1228425106227179520
1228425209159520256
1228425435610046465
1228425719199522817
1228426152689184768
1228426160587104256
1228427378898219011
1228428121331904512
1228428254509502465
1228428282200240128
1228428697537064961
1228428807842992136
1228429719651147776
1228429952770547718
1228430059373047808
1228430204198100993
1228432469441105927
1228432975127289862
1228433025140166657
1228433482029895681
1228434036508499968
1228435851484508165
1228436138840465408
1228438203197206530
1228438429769306112
1228438678684524544
1228439474532683780
1228439499706949632
1228439965736013825
1228441848399716359
1228443164614316034
1228444068151205888
1228444536285863944
1228445266799452161
1228445830190960644
1228447188923158529
1228447239233818625
1228447579924553729
1228448125548933121
1228448236605558784
1228449169079226374
1228449763344965633
1228450734766743555
1228451556275605504
1228451900066029568
1228451984757403648
1228454383958011905
1228455211976593408
1228455265927942144
1228455755667378176
1228460166393323520
1228460620611227650
1228463567915057153
1228463790909513735
1228467204364079104
1228467420538511361
1228472013548859397
1228473582742835200
1228477485819494405
1228477633102589952
1228479897087156224
1228486989525155841
1228488098528538625
1228490398428991489
1228490521842257921
1228497153213026307
1228500317651816449
1228502439344713728
1228504376219774976
1228508994769235969
1228512532312330240
1228515662877818880
1228516201745309697
1228518365796458496
1228519810100875266
1228521409288208384
1228525390861389826
1228525396880216064
1228534132453625856
1228538724562194432
1228539569513156610
1228545974492188672
1228550617846685696
1228552647323594752
1228553641910587398
1228557157198684167
1228563628548292609
1228576898332209152
1228578504868073472
1228578729351372800
1228581453023383552
1228585722246025216
1228588085677641729
1228588574431498240
1228589333239812096
1228591549447049217
1228593913063186432
1228601666162905089
1228604427101188096
1228609091523809281
1228610550252343299
1228612309913829376
1228615399605985280
1228615959532974081
1228622562214674432
1228622576269844481
1228626432588382208
1228628940065005570
1228635836746473472
1228640959958835200
1228649576455950337
1228659317349474304
1228665408166793217
1228669215047024645
1228674750454620161
1228686909708361731
1228688782368661506
1228697394176577537
1228699675227774976
1228702052416708611
1228702983178870784
1228703882282401794
1228704007901917184
1228719169199333376
1228722905837600770
1228732173798256640
1228732736736722945
1228733288296173568
1228734497509736450
1228735506743250945
1228735787631628288
1228739098707406848
1228749955633991680
1228749956758097926
1228749993244340225
1228759159518175232
1228759938417205251
1228767797066567682
1228794573834641408
1228794636967333888
1228794640436006913
1228794669653471232
1228794700582334465
1228794716843540480
1228794754181345280
1228794818815561729
1228794987959242755
1228795023065538562
1228795109342404622
1228795168553340934
1228795334094139394
1228795339659976705
1228795485068124162
1228795500780040194
1228795521734729730
1228795525455020032
1228795600277250054
1228796415129858048
1228797250467454976
1228797427492294659
1228797545750650881
1228797584388567041
1228797614012928000
1228798000161574919
1228798326394494978
1228798981519683585
1228799062427734016
1228799098020651008
1228801085776760833
1228802251357065217
1228803545224351749
1228804924303192065
1228806898679525377
1228808156647694338
1228808710430056449
1228810673569792000
1228810894831955970
1228811954204049408
1228813962365546496
1228815237308178432
1228816562917924864
1228816937322500096
1228821819353948163
1228823011953971205
1228837284235096064
1228840942028939265
1228876822240268288
1228883647614324736
1228887027199987713
1228892859723632640
1228900266180796416
1228902122550431744
1228907469390405632
1228909074407993346
1228919112472154112
1228919242868822016
1228923323217858562
1228925872364818432
1228952276443811841
1228984398940340224
1228996114088628234
1229081193234259968
1229083175713943553
1229133698202841089
1229135513187180546
1229239844498530304
1229841969641226240
1229847142128373766
1229855868063223809
1229868969944809472
1229869150052536322
1229869318697029634
1229869394471378946
1229869427677634565
1229869628010246144
1229869692568948739
1229869820902068230
1229869838920753153
1229869906969141254
1229869964397621249
1229869993069772800
1229870342203674626
1229870460617285632
1229871093877551104
1229871419342848001
1229871692379496448
1229871749468246017
1229873061509390337
1229874176523145218
1229874199688335361
1229874903647690760
1229875021721542657
1229876433775927296
1229878127343611904
1229879073914179585
1229879089491779585
1229881004082507776
1229881777654816768
1229892484081356805
1229893619898863619
1229893949671780352
1229894988064022529
1229900550340255748
1229910529701040129
1229971810646679557
1229978026798145537
1229979680608018438
1229980514347560962
1229987118551793664
1229993765760356354
1230012587905036289
1230067015005724673
1230121879198982144
1230122570164449286
1230137199443808259
1230182987452604416
1230330384044433411
1230386225061801984
1231170158250598400
1231482284953436160
1232587840166428673
1232723383726546944
1233063303976452096
1233750091443449856
1243091847414775808
1243586677827911680
1244773875449298945
1258480378123345920
##1228439609358585856##
1228447662074142720
##1227476392511713285##
1227478159160958976
1227509539462930432
1227522102686863360
1227535403609182208
1227539342832361473
1227731005785726977
##1226615186422980608##
1226621256713359362
1226624672869027840
1227317136445579270
1227392500408688640
1265017581066477568
##1227261397110648833##
1227299900167249920
1227399038754066433
1228103101477007360
##1227297932166270976##
1227298586557370369
1227301627113041920
1227307414397034497
1227313611577679872
1227314180367290368
1227323501670998016
1227326602020839428
1227422925554364416
##1227526867722350593##
1227528285627834368
1227528989205463041
1227530290878435328
1227531636679626752
1227532992991510528
1227535621415149573
1227536628970860544
1227537942601719808
1227542587592060929
1227543107274706944
1227543658498531328
1227546235789365248
1227547218963566592
1227553265887383553
1227560288398008321
1227561264324501504
1227561725081374720
1227566831503843328
1227581608758272002
1227616818568859648
1227623110465269760
1227650468626784256
1227652370642984961
1227720233072254976
1227725021365374976
1227745668229423105
1258480038862782464
##1227542808300572673##
1227542926798008322
1227550775313915904
1227552929839751171
1227554204367060993
1227571509264338945
1227837064672169984
1227880968498839552
1228384697706799105
1258480172740812806
##1227546837055393795##
1227561901946810368
1227563500299526144
1227598643714285568
1227622986523566081
1227633558078005255
1227646921440931841
1227667578794934273
1227672295487004674
##1227615117988200448##
1227619595198050306
1258480115819974656
##1227953800146755585##
1227954038521638913
1227958129075392513
1227980018292269056
1227992869509718016
1227997343393468417
1228012855577976838
1228085024135811078
1228388014109417473
1228553396392747008
1228740592349347843
1228747183392002048
1229107641399402497
1229161166158680070
1230554861818634241
1235659433184722945
1244826443630157826
##1228154663901388804##
1228157445165506561
1228162598656331778
1228202263912402946
1228212300668010502
1228220768267337729
1228222193772851202
1228223702522687493
1228229379303469059
1228248616348856320
1228256448574083077
1228258375655415808
1228274142853697536
1228301591314337793
1228379803386105857
1228397263581581312
1228398767243698177
1228806440300707842
1232781898914492417
##1228573338961874944##
1228580183093006337
##1224584105729327104##
1224607901874098177
1224610474626555905
