##1241364692519583746##
1248683798130294789
##1242104950940930050##
1242123287930580992
##1243607953183301636##
1243608149703131144
1243608222394712064
1243608972134961162
1243628438507917313
##1245654719445360642##
1245659925138702339
1245662837327839232
1246010286634676224
##1245794713388679168##
1245796407262535681
1245797196097863680
1245797898568286210
1245811176325472258
1245811361025798144
1245824352408436738
1245929224789082112
1246044717940432901
1246045066210181122
##1245844193890762752##
1245844469267566592
1245847148220108801
1245851921921048576
1245855162977021959
1245894177495416845
1245943612631846917
##1250365766949617667##
1250556916738199553
1253027818176483328
##1250871583486468098##
1250880400739774466
1250888505783390209
1250913096937414657
1250986203802939402
1251188493587550209
##1251502930013892608##
1251518901424238592
##1251835081716568067##
1251858406056615936
1251868832970477568
1251871216094380032
1251872929291345920
1251876175586234370
1251876271187021826
1251876599311601665
1251892590955376640
1251892803904385027
1251923321005969411
1251952889779687424
1252040925720776704
1252524245571325952
1252536486735429633
##1251968843427217411##
1251968992878776322
1252020390278213632
1252121257006567424
##1254011382271488000##
1254015385868869632
1254016545648529410
1254126983312805889
##1254361012003909633##
1254361735835811840
1254389101559779335
1254389200050360321
1254389256614797313
1254415188960391170
##1254518329236246531##
1254520375263846400
1254520551357460480
1254520612237819905
1254676201987334144
1254759464214953986
1254969338483953666
1255420192999473153
##1255539138490744835##
1255539765430099968
1255540209917267968
1255541139773575168
1255541269570433032
1255564966456950784
1255570462303649792
1255575152097726464
1255782469422452743
##1255637091024846855##
1255688405083660288
1255872164558929921
##1255941733663346688##
1255942514596548608
1256018661913001985
1256040410067189761
##1238154922014752768##
1238155523595304960
1238222585369972737
##1240362285346029570##
1240362379424206848
1240362395136073729
1240363933464215553
1240402003467042818
1240447981071056896
1240448312941084674
1240449059443400706
1240449663376986112
1240450993386594306
1240453615296434176
1240479982180327425
1240481840923901953
1240511653336276992
1240527196059570176
1240538356322361350
1240538904404594688
1240540329016778752
1240550160549187590
1240551621970595841
1240556822890766342
1240569837744730112
1240578782391668741
1240627399584296963
1240976558187134976
1242055972102832129
##1244380655905054721##
1244386726107205632
