##1228437240575152130##
1228448090014789637
##1228804787015241730##
1228805037767503872
1228805120504233984
1228805394388201473
1228805552869924870
1228805621396443137
1228808086258900994
1228809292381380608
1228809584397180931
1228809902019227648
1228810706302197761
1228811488225353730
1228816188521811973
1228817302671503360
1228819443578527749
1228819605000478726
1228822896279244800
1228834793573449728
1228836852020453376
1228839437922111489
1228863587206205440
1228877704742735872
1228877957139247109
1228879751072419840
1228884891569393664
1228885596766167041
1228885675853959168
1228885773149184007
1228888624038543360
1228898130638364672
1228900027835338752
1228901396407255040
1228907073854943233
1228913923455356928
1228927429462368257
1228927608408231936
1228930273691209728
1228931063927463936
1228931503062736897
1228934793519337475
1228936265237778432
1228936381159833600
1228939454611623936
1228939786825629696
1228945004246261762
1228960148384894977
1228967355092480000
1228968300110962688
1228969177504985089
1228972474437529601
1228973113024577536
1228973141269078024
1228973150462869504
1228973241244553216
1228974083154509824
1228975097987424257
1228976211147313152
1228981025788891139
1228981633296084992
1228984153850421248
1228990462045847552
1228993524827328512
1228995147033120768
1228995795048960000
1228996359577112576
1228998429227003905
1229004502428266496
1229011934068006912
1229013101040762881
1229014105627013123
1229015438480285696
1229016177512456192
1229020466209271809
1229023831064555520
1229024301761867776
1229035978490290176
1229046460571955201
1229053413578559488
1229054416738770950
1229072549054701571
1229076089332518914
1229086191133380609
1229088647015804928
1229091465936228353
1229096204354686976
1229110218182856704
1229125025275531267
1229125576453169155
1229125600067145730
1229138445211185152
1229146088281694209
1229153832053067776
1229163919358427139
1229265170297499649
1229273568103534595
1229559738037346309
1229858760534974464
##1234794400619864066##
1234795193267826688
1234797391443824645
1234798050239025152
1234798342640742400
1234799086655635456
1234799122231808000
1234801794083061760
1234803739082547200
1234806451090198528
1234808965374058496
1234809729282641922
1234812945193930752
1234816138867085313
1234816179543433217
1234816512952852480
1234817561998561281
1234818968755593218
1234819164503781376
1234822557381074944
1234825586469691394
1234832170658795521
1234835698911514624
1234837845833109510
1234838545422045185
1234844766682173441
1234850881063063552
1234857258439323650
1234864711063265282
1234865712503697408
1234866643597250571
1234869911400460288
1234882052786397184
1234882328431923200
1234884044221026306
1234884175775379457
1234886023307550720
1234894394454614017
1234899541331238913
1234912432386191362
1234946701242372097
1234949518459834369
1234955582899138561
1234957272549335040
1234958989068308480
1234966682944331776
1234970916200710144
1234971539319078912
1234977151968874496
1234996307749556226
1235068419591925761
1235092477922574336
1235205244373610496
1236383953260621825
##1227875399054524416##
1227876068188737536
1227876965794877441
1227877447514890242
1227889244154273796
1227895981179621379
1227896761546629120
1227917434813894657
1227923343564775425
1227928813071470592
1227935339844685825
1228235594217578502
1228303797648314369
##1228426390476926976##
1228429730090770432
1228442585666064389
1228443246713503744
1228445644953702419
1228451485043875840
1228576410257764352
1228582556284719105
1228586324803964935
1228607944805187584
1228625721578442754
1228634513196142592
1228635139032395776
1228639806508486656
1228646708311142402
1228651783746183168
1228652014206410752
1229023464109023233
1229068214501625857
1229288323316842496
1229569166992171009
1229940355887435776
1230010681606492160
1230053841191698434
1230219740326572033
1230236094827986950
1230310626548998144
1230346582882734081
1230352069426581504
1230415789796315136
1230428093942243333
1230473561736871937
1230478394862768130
1230557134590365696
1230958421664567297
1230976403270709248
1231169905220816896
1231733364530581504
1231866544843612161
1232601001561141248
1266319742115160065
1266326735559237632
1266346732276920320
1266370854197157889
1266387945524781056
##1228654951896961025##
1228655141345222656
1228656549415051266
1228657366918410240
1228660644255346694
1228702234428559361
1228716408386838533
1228727515419639808
1228890730929758212
1229467972869271553
1229506439678439424
1232112148916133888
1239546388112908292
##1228315227017678848##
1228366950365048833
1229159257179856908
##1228701849378787328##
1228711766454145024
1228746445957849093
1228759737199665153
##1228702033840091136##
1228703241300561920
1228712241018626048
1228712872123019266
1228714672469266432
1228717064682180608
1228720228328185858
1228720915875270661
1228721093868912645
1228721493716193280
1228721792421900288
1228721946143215622
1228723191700447233
1228724779575848961
1228728359892520960
1228731132398706688
1228731274006847494
1228731313068421120
1228734014267240455
1228734337815842818
1228736603511762951
1228743818943631360
1228755149092478979
1228755175684419589
1228758010476027905
1228764482941390848
1228768890391605255
1228770360591605760
1228771206830182400
1228775525541388293
1228780077728632833
1228789774519087108
1228791734789951488
1228796545509810177
1228801434789064705
1228804333854248960
1228807427480604672
1228811410433564676
1228811782434775040
1228813099198795776
1228813914642800642
1228814546732769281
1228814995871367168
1228817001474334721
1228821679083868160
1228827217691631616
1228828064269963264
1228836621962874880
1228836736861691905
1228850209029054470
1228850245032869889
1228852238296154112
1228857245863206918
1228858053627437057
1228858928940900352
1228866141831016448
1228877171248246784
1228880766756696064
1228883958567403520
1228884382691274753
1228901849505390592
1228903854462427137
1228920598497288192
1228923476402212866
1228949995442909184
1228950352508211200
1228970697575272449
1228975746615513088
1228977912960950273
1228981341514952705
1228989426254131201
1228994552368857088
1228998373694373891
1229000218546495490
1229019993947410433
1229021698986586117
1229022009029427200
1229030464637280257
1229032562867175424
1229047395805204481
1229051585742987265
1229053841603223552
1229070860562157568
1229089702944354305
1229095358539730946
1229152301941743617
1229172752663371776
1229178328365576192
1229193642990018561
1229403884193566720
##1229060544474337280##
1229060810053476352
1229061521420038144
1229306053088681984
1229589713436192770
1230859600548782080
##1232980645707735040##
1233071593347256321
##1228439985122140160##
1228513714996903936
1228662778866601984
##1228770957990518786##
1228771008078852096
1228771017121763332
1228771025132847105
1228771060495065089
1228771061229137921
1228771065314381824
1228771074709561347
1228771081357582336
1228771084973023240
1228771090069098499
1228771102048079875
1228771107383193600
1228771127369052161
1228771135703134208
1228771135996747776
1228771149213028358
1228771152035766272
1228771249347813376
1228771277839753217
1228771303265619970
1228771331304574979
1228771332294352898
1228771343669264384
1228771344906584064
1228771406726549507
1228771472409149440
1228771508996190211
1228771528004833280
1228771631880949761
1228771643964755970
1228771715968356352
1228771716299620352
1228771717063028737
1228771770905305089
1228771788466851840
1228771829726240769
1228771925658415105
1228771929756241927
1228771988308742144
1228772016498581507
1228772054352224256
1228772085113262081
1228772133490380802
1228772161592139776
1228772197201829890
1228772245943857152
1228772254722535424
1228772276994289664
1228772281272479744
1228772326365372418
1228772342425432074
1228772357961142273
1228772369793257472
1228772466627141634
1228772485052747780
1228772554472611840
1228772554732601345
1228772633812045830
1228772707988312066
1228772709322100737
1228773126143696896
1228773142228873217
1228773181818884098
1228773233433944064
1228773480570773504
1228773507775057921
1228773603010863105
1228773620526338048
1228773755448627201
1228773870028627970
1228773900911304704
1228774004552601602
1228774033187123201
1228774107107426305
1228774112283283457
1228774184966377473
1228774214045458432
1228774232387194880
1228774273189371904
1228774295318470656
1228774532414136323
1228774549623361536
1228774603318874114
1228774636923604993
1228774650810978304
1228774710273564672
1228774816884383746
1228774894793523200
1228775173370925056
1228775524899729408
1228775706643116032
1228775813178220544
1228775846971879424
1228775980870840325
1228776023036190720
1228776074412249091
1228776232495480832
1228776236702404608
1228776297549254656
1228776476687978496
1228776494631149569
1228776550507646976
1228776665649745920
1228776890338619392
1228777247227760641
1228777595971481605
1228777679228428288
1228777833146789895
1228778862705881088
1228778863376949249
1228779018532589574
1228779120030552070
1228779186128609282
1228779470384963589
1228779553264406529
1228779809540628482
1228779822849122304
1228780511411261440
1228780633478123520
1228780640360968193
1228780773316190214
1228781377220435974
1228781973205852161
1228782451331358720
1228783040060706823
1228783357586214912
1228783551061118976
1228783589254475778
1228783618090307590
1228783790522277888
1228784354136072197
1228784552191176706
1228784666989256709
1228785137913122816
1228785412736454658
1228786083229466625
1228786231020007425
1228786478236545025
1228786863256854529
1228786937441509379
1228787114470408195
1228787960088272898
1228788290939170817
1228788484619558916
1228788590823583745
1228788925340274691
1228789490195537921
1228790297095741443
1228791351959019521
1228791364906823687
1228791367448612864
1228791685460701186
1228792125518729217
1228792607544922119
1228792646438735874
1228793021552111616
1228793109951152128
1228794637541834753
1228796385870434305
1228796667987714048
1228797122704793602
1228797323419013122
1228797369468301312
1228797595079892993
1228799707662647297
1228800375656009729
1228803768579502082
1228804733672075264
1228805035397701632
1228805267787255809
1228809642219855872
1228810363380076544
1228810629533835267
1228814425727086594
1228816248823136256
1228816680136200192
1228816996055310341
1228817872610349056
1228819094666973185
1228819855433961475
1228826573077270528
1228827026330652673
1228827249190866944
1228827749437054976
1228828267278368768
1228831180633624576
1228837357106888704
1228838510242779140
1228839281512284161
1228842213347557376
1228850007371108358
1228856957714550784
1228857164795727875
1228859524263661568
1228865928852639744
1228872841388593153
1228873658808053760
1228879058286653440
1228879610143744000
1228882338643431425
1228885442793222144
1228889034199568385
1228891103727890432
1228891369835499528
1228896883504025602
1228901811970609152
1228901812419338240
1228902597001654275
1228906405014446081
1228907489061675008
1228910439154757637
1228918648271753216
1228918846712668160
1228919010517016576
1228919012135927813
1228919143983976448
1228919331339341824
1228919360879722496
1228919564248940544
1228919668854939654
1228919738396532736
1228920137144729600
1228920334461669376
1228920515479441408
1228920546051723270
1228920993344868353
1228921876371648512
1228923038927917063
1228923273876066304
1228923627661381633
1228923792614883328
1228923950513737729
1228925815565451267
1228926135578263552
1228927171600797698
1228927521607102465
1228928313118380033
1228930859132227584
1228932096028291072
1228934012611239936
1228934899735855104
1228935358185984000
1228936676392755205
1228937454117380097
1228937684632113152
1228938528849088512
1228940228183941120
1228940312237789185
1228940402453090305
1228940563916972032
1228940871963414529
1228941525888966656
1228942158398468101
1228942206192451585
1228942413214908418
1228942689770627073
1228951134108291073
1228953972595097600
1228956097882525698
1228956477945253890
1228958045864157185
1228959668875284480
1228964337764700162
1228964652287250433
1228964861327134721
1228967615441272832
1228969740070277120
1228969771473002496
1228972783654363136
1228974555512922113
1228978536934989825
1228979106567655424
1228982949611278336
1228984359627218944
1228986968874328064
1228987560837382144
1228988100308873216
1228992831982899200
1228993480204193794
1228993579890114560
1228996024674459650
1228996793171660800
1229003023353098246
1229010108589449216
1229010497120460811
1229010697687912452
1229011770804776962
1229012288096612354
1229015859156455425
1229017076867772416
1229021979245715460
1229025776328114176
1229029255335546881
1229032954925649920
1229034516284674048
1229040499832639489
1229052399987384322
1229059900619337728
1229062051366080513
1229066725318176773
1229071277824073729
1229075500192104449
1229081150708232192
1229091387142004737
1229133720084504576
1229139858662273024
1229154477585915905
1229249905585278976
1229254606212993024
1229294214565048322
1229305331320311808
1229316498293960704
1229316557022560257
1229829780037677057
1229847129939640324
1229991243024883712
1230413198572113921
1230433523905040385
1231231254294605826
1231246604600037377
1231417416057573376
1231482768254738432
1233829603627667457
1243091567516278785
1243586587310600198
1244773790682398726
1250434730677260289
1261351111539044353
##1228925332880793605##
1250435742494363654
