##1253754986196013057##
1253755041741234178
1253755047554547712
1253755053594288130
1253755072523186179
1253755072703533056
1253755073785729024
1253755090546110466
1253755100994121733
1253755113589690369
1253755185328992256
1253755222847107075
1253755223413317632
1253755253960433664
1253755255679930368
1253755312735162369
1253755337599000579
1253755376719269890
1253755376836771847
1253755416275714056
1253755420230987777
1253755437381492737
1253755471724412929
1253755508051214336
1253755533305266180
1253755542876704772
1253755552758468608
1253755572224241668
1253755639286976512
1253755677908119552
1253755699923992576
1253755741472686080
1253755783965220872
1253755801988145160
1253755838881284098
1253755862054834177
1253755863749341186
1253755984562053126
1253756007072833538
1253756069752573952
1253756159598776320
1253756260694011905
1253756376180043777
1253756395104673793
1253756417099653121
1253756611333627904
1253756758029414402
1253757013676503040
1253757159361220609
1253757165946515459
1253757592888840198
1253757604687499264
1253757715312259072
1253757740490665984
1253757819674865667
1253757864256159749
1253758166195679232
1253758167005179905
1253758171363119106
1253758272470953987
1253758375860621315
1253758400485371907
1253758813435498497
1253758870452830210
1253759064745611265
1253759364860690435
1253759605848580098
1253759759137857538
1253759897486929922
1253760027481038848
1253760055960383493
1253760271815979009
1253760380742127617
1253760960172634114
1253761995716866048
1253762091988799489
1253762179347689472
1253762314794401793
1253762388697980931
1253762619443425280
1253762642927386624
1253763093873725441
1253763109283598336
1253763113725374472
1253763148168953864
1253763188262305794
1253763212945829889
1253763285209538562
1253763503200010246
1253763687439052800
1253763788781871106
1253764281017028609
1253764687474425858
1253764777614114817
1253765664898265089
1253766034261192705
1253766060551090176
1253766238276386816
1253766547803303936
1253766664363130880
1253766787734343680
1253766856185348098
1253767530507841537
1253768025221869577
1253768197620355073
1253768329241792514
1253768854557376512
1253769047474405383
1253771144332705797
1253772008162197504
1253772070791581697
1253773072513056769
1253773530535211009
1253773676778065922
1253773952436047875
1253774066122702848
1253774757679509504
1253775829395484674
1253776301498019843
1253776477352538112
1253776545338064896
1253776669250392070
1253777091495170048
1253778974632824834
1253780386724937731
1253781333169577986
1253782244726112256
1253786456063127552
1253787202477264899
1253787527317782529
1253790021540352001
1253792414264963075
1253795187853328385
1253795211043577863
1253799798286794755
1253800858493628417
1253801780615557126
1253808819949514756
1253809102645538818
1253810077569597442
1253810510547558402
1253810556181590017
1253813022646317056
1253826915653353472
1253830954159951874
1253834185099395072
1253834305387855872
1253835547329671168
1253837595945164803
1253838306963591168
1253842468384145415
1253856654887735296
1253858636721504261
1253859351212810241
1253868372200128513
1253881596693950464
1253885528258338820
1253886097257574400
1253896870058954753
1253905849816358913
1253929297099751424
1253960956008423425
1253970086404259841
1254014076017139713
1254027230251974659
##1253766797213532168##
1253767382063108096
##1246921888141639681##
1247038352571990016
1247040781724123136
1247040792155303936
1247050876017160192
1247103356562280448
1247104614178185216
1247130048815157254
1247153532702035970
1247184338887770118
1247196183526850564
1247196196038422528
1247196308185776130
1247213689201139712
1247226607863058434
1247276521494065153
1247294619513167873
1247304585963884544
1247357346835243010
1247482574450065408
1248042288095416327
##1246922721910501377##
1246923049649221632
##1254153043521810432##
1254175772924874753
1254349951339028480
##1255934948244172800##
1255935578325102595
1255948499281154048
1255951638025637890
1255952437581697025
1255981811391508482
1256113732494729217
##1235306196715917312##
1235312003528478721
##1247149906361532416##
1247149946207428608
1247149960803606528
1247150002465583111
1247150059340382215
1247150059420037121
1247150079682719744
1247150331563249664
1247150410378498048
1247150463608393728
1247150561079721985
1247150588049141761
1247150597104635906
1247150737026682880
1247150791120621568
1247150809760088064
1247150916492550145
1247150953784127488
1247150995102208000
1247151140678119425
1247151275868913670
1247151318927650816
1247151370664378368
1247151784453271554
1247152404862308357
1247153085379723264
1247153399163842561
1247154157196169219
1247154180952690696
1247155076612771841
1247156246865682432
1247157123504435201
1247162361682612224
1247170941110685698
1247172823111487489
1247174848847233027
1247175490651242498
1247180926901248007
1247182982995197955
1247184970839457792
1247193717531951106
1247196157345968128
1247210254753988615
1247225029751906306
1247229456512663553
1247234264107749381
1247251353669447680
1247252836586577920
1247270562046640128
##1247149986015477760##
1247150106966659072
##1247252986717495297##
1247253075858989057
##1232392373608624128##
1232394189524086789
1232450671330246657
##1237075802799460352##
1237076599394238465
##1237075973625044994##
1237087288615632898
1237110794933997569
##1237076041270808577##
1237076261949919237
1237078051122556934
1237078173461946369
1237078676153434113
1237081122917552129
1237082626168586240
1237083118718398465
1237088668726235136
1237089779092729863
1237097683153813505
1237101529234124801
1237155038335729664
1237306470359879680
1237373583061659648
##1237076109822513156##
1237076345773010945
##1237076118404059137##
1237078335823413253
##1237076298012536833##
1237077157735784448
1237078739382669315
##1237076529928179713##
1237081989133545473
##1237076530267860993##
1237086104370786306
1237086671927160832
1237088528686886912
1237088878135214080
1237089122906509314
1237093658194739201
1237150602460909569
##1237076712246202369##
1237079403869483010
##1237076819171594242##
1237077968486359042
1237078419499868161
1237079351453192192
1237081028830711809
1237081992572870664
1237082465644281856
1237082664127156227
1237082900597702656
1237082902783045633
1237083448134848513
1237083719854362624
1237085035544694784
1237086470223134720
1237087315077599232
1237087762068779010
1237087826237366288
1237091602625159173
1237092905271033857
1237098151993114624
1237098407426170880
1237101150765228032
1237105148163391488
1237115834742571008
1237131687605215233
1237141824600498176
1237177931761319938
1237187504329166848
1237208942641582080
1237220038395953153
1237343525894840320
##1237077433419018240##
1237100836603469825
##1237077501991620609##
1237081217314553856
##1237078320501501952##
1237258410250420224
##1237079120154112006##
1237079695251968000
1237080013444349959
##1237079246654320647##
1237084665296703491
##1237080229358850049##
1237080809103863811
1237082131169521666
1237084033667956737
##1237081767041028096##
1237082074902933510
##1237086126982279168##
1237089765536813057
##1231093582007853056##
1231098711553560576
1231109935678795776
1231115237576904704
##1231413369451597825##
1231413472484904961
1231413815369256960
1231415302908342272
1231416194013573121
1231416217379971077
1231416703948591106
1231427468529152000
1231427866644144129
1231435150254317573
1231436123022528512
1231441298168610816
1231475369691226119
1231476186729123840
1231476475091726336
1231496808033136641
1231526910770982912
1231527961146351616
1231562997195210752
1231563673577103360
1231582120243613697
1231678508340072448
1233361675971170304
##1231580466228211712##
1231598306423398406
1231601025263513602
1231610830493507584
1231617444097273856
1231631403382689792
1231634465996365824
1231636156854472705
1231641516445184000
1231647872367632385
1231656404903251969
1231656779982962689
1231887538228428800
1231887605094133763
1233725535559262208
##1231584683508535296##
1231586513487638529
##1231639441929838596##
1231828471699124226
1231829572464844800
1231830104252256256
1231830361249845250
1231831280976830464
1231834097942659072
1231841194960982017
1231845316128890880
1231850532723138560
1231853912367542273
1231874628370522112
1231897090499977216
1231962894595772416
1232411484845748226
1232534442083803136
##1233407551003353088##
1233412194035019777
1233437315223236617
##1239676145244819458##
1239679947008102401
1239694685901381638
1239816472660185088
##1240118527710965761##
1240118593007820800
##1241701825486651394##
1241724450615316480
1249637564698542080
##1242009752613408769##
1242010072097730567
1242011000968273922
1242025968916627466
1242026077087764480
1242026486254706688
1242026824118554626
1242027431134986240
1242028080304185344
1242028681729540096
1242035950944993282
1242037803590062082
1242042397812547584
1242046489112850434
1242050572372639745
1242062837742284801
1242075355202105344
1242103371433115648
1242152243513774086
1242162649531658242
1242178864564129792
1242209462548680712
1242245557512437774
1242249570886782980
1242267156131262464
1242296551378243584
1242321174396313603
1242378883900608512
1242383313437970432
1242412108958089217
1242414373857103872
1242499582178852864
1242585686563307524
##1242904389880360968##
1242908979874889728
1242917257287696387
##1242929966427320337##
1242929994088792071
##1243199364887203840##
1243200787586695168
1243201668939997187
1243219290796560384
1243220879959605249
1243220940319678464
##1243230649303138305##
1243230671834886145
1243230681150500865
1243230916765462528
1243230923707035648
1243231146143555584
1243231681122914309
1243232464379805697
1243232515948785664
1243232657783357447
1243232732332863489
1243232821172371456
1243232988848181254
1243234625431973888
1243235024813666311
1243238778778550273
1243240271095218176
1243240313893859328
1243243369536671744
1243243494552059905
1243245074420576261
1243246032626081792
1243248762975326210
1243257753159811073
1243259820033150977
1243261085752451077
1243268650674655233
1243269426608320512
1243284284011667461
1243285742362779651
1243307774433427456
1243307884412317701
1243310429662822400
1243314738924261376
1243321147095224328
1243324875906756609
1243483895670149120
1243508477097652225
1243511048423997441
##1243266596489084928##
1243267025520267264
1243267100522749953
1243268488875180033
1243268523549511681
1243272234342453255
1243273201200828416
1243273771752083469
1243278241865097218
1243287521397739526
1243308614661681158
1243431968966049792
1243449868418416643
1243478002303893504
1243571191585091586
1243571443528617990
1243663073271066624
1244060812135870470
1244309524741263360
1244310295499149317
1244311670438100996
1244314001892229120
1244316172436344834
1244384613344194560
1244559015725711360
##1244903945178427394##
1244904118008688640
1244953085967040512
1244989321989500929
1244991784826089476
1245229357620232192
1246073460587024385
##1245810737060012033##
1245811377412792326
1245812003613995008
1245814697951145987
1245816773439602688
1245859747460345856
1245889870909902850
1245913574716866560
1245946596111646721
1246014113773477888
1246217256008327175
1247706547435773964
##1246544290760753153##
1246545162861453317
1246546713726332932
1246554650565844998
1246576190913228801
##1246548767895171075##
1246549466762657792
1246555206680285184
1246563222406266886
1246575075026964491
1246587005032595462
1246594662716014592
1246671930591186944
1246708092160684032
##1246889091851071488##
1246889618286534656
1246889784477224960
1246889873010823170
1246890027105353728
1246895571434188804
1246916952582426626
##1246905449640685571##
1246923949319114753
##1246921871456641026##
1246923040707022848
1246970639862444033
1246986907269111808
1247036233651494914
1247038156173606912
1247038493056008192
1247040675180433409
1247045179606994945
1247048923652521988
1247050731858866176
1247051508736278529
1247053700927021056
1247054769484705795
1247058000260599809
1247059900867510278
1247066077655433216
1247066601356132353
1247066692158664705
1247072848876843008
1247077856624214016
1247081500526489600
1247081746245574656
1247084329710354432
1247103291076591616
1247104249068208130
1247110670266650625
1247111962724630528
1247113670376775680
1247114455286255616
1247121125278208007
1247136989800955910
1247138104328294402
1247146446316548097
1247146791407161344
1247149759200182273
1247155991444992001
1247159464257441798
1247162834120630274
1247179169240408064
1247184017654497280
1247187667038715908
1247193228350291974
1247195796631703557
1247198372911611908
1247208385826697218
1247213281879691265
1247223966391054336
1247225012890656769
1247227601992777730
1247236456202067968
1247243347812659201
1247244906738876418
1247251165403926529
1247255728458543107
1247257376077623300
1247273892588195840
1247288021197754371
1247289830935052290
1247291785120022528
1247292018759532545
1247294474507730955
1247294626417041408
1247298175079251983
1247298386514108416
1247299159830429702
1247301472813006848
1247301645643460614
1247301762886840323
1247313140515307521
1247317820725133315
1247319696434700290
1247320686445694978
1247329172424359936
1247332768440365058
1247357201318055936
1247371281135218688
1247381271661228032
1247413040959688706
1247435481475842049
1247482533148790785
1247827213459664896
1247923757446049793
1248439862295961602
1248583793159569408
##1246921891404791811##
1247040840972861441
1247050884917399553
1247096526440214528
1247103413814538240
1247115079914524672
1247141826177482758
1247142030641369088
1247153547776364547
1247184355564363777
1247193211602337792
1247196225339830274
1247213716732620805
1247226607892340737
1247259535766683649
1247276615232630784
1247277262698876930
1247294725180346368
1247333517857619968
1247357359816654849
1247482604644904961
##1246922885677146114##
1246923058893422594
##1246935650370191360##
1246935749880094720
1246935887348412416
1246936500350173184
1246936561826004992
1246936991394037767
1246937028777906176
1246937256864210944
1246937330310696961
1246937340465025025
1246937612994203650
1246937658821148673
1246937994600288261
1246938739701661699
1246939145106120704
1246939389525139456
1246939787967201280
1246944734033129472
1246945800044847104
1246946262357868553
1246946597310795776
1246946604239683584
1246949114455166977
1246951145953800193
1246952433785417728
1246953051174375424
1246961049254998017
1246962387674107904
1246983211907010562
1246994940497817600
1246998271760961538
1247035145972056064
1247050036833333248
1247057104856383490
1247060808586182656
1247063468991287296
1247070185552588803
1247079291491364870
1247081339964272649
1247094839122034688
1247094880670822407
1247096904892243968
1247097121246982145
1247112124658319362
1247115306520240128
1247128432544227330
1247129622136971265
1247138984079306752
1247139005646454786
1247150932577714176
1247167213225701381
1247174615232897028
1247180612441722881
1247260873896443913
1247285406766432256
1248132938182602752
##1247150019406442496##
1247150253075202050
1247150462559813633
1247153996810399746
1247168108512645120
1247213339647913985
1247213550025740291
##1247150405651435520##
1247150459770544130
1247150466787692544
1247150540179595267
1247150580734267392
1247150687995203584
1247150715778347009
1247150763786342400
1247150999413768193
1247151061024018434
1247151093093519362
1247151116305010690
1247151190426693632
1247151192532234240
1247151337495760897
1247151467909308416
1247151550977507329
1247151626764324865
1247151842531979264
1247151930931109888
1247151942914228226
1247152172103397376
1247152436495736833
1247152521296187393
1247152652015652864
1247152861831499778
1247152862989299719
1247153275582984193
1247153544177889281
1247153630790254594
1247153634405539845
1247153685634965504
1247154455323107329
1247154546859704320
1247155497939030017
1247157882501488645
1247158269879021570
1247158940405608449
1247159390236364802
1247162126092787713
1247162201929961474
1247162658685505539
1247164110749331456
1247164299627368453
1247166959092789250
1247170551778619393
1247171615558963202
1247174179411148802
1247179072217718785
1247182726807126022
1247187769622962177
1247192338356752384
1247192800732594176
1247195812427333632
1247199446812721157
1247202237153251328
1247215464129986560
1247217962286710792
1247221288860606465
1247225987064041473
1247226570516893706
1247229612809170945
1247236528784527360
1247239783426002947
1247240149257371648
1247256706868031491
1247259023952334848
1247259203716157441
1247259681397116928
1247262930573365254
1247267687157424128
1247271699994853376
1247277829676556288
1247281696522874884
1247339123473551363
1247345126738923520
1247349102268035072
1247360442453954566
1247422220093227008
1247573664469602307
1247743548897636355
##1247150687601000448##
1247150737903235072
##1247156555830583298##
1247162659683721221
1247182850161508354
##1247170248094220288##
1247178791723687938
1247215275533127685
1247215411801870338
##1249023297691533315##
1249025034775134208
1249035889671626753
1249036592083275776
##1249835196561711106##
1249835494491521025
##1250047127683825664##
1250093903581270016
##1250049234080071680##
1250049270662782977
1250049394935808000
1250049487298576384
1250049550666137600
1250049619544940547
1250049724259991560
1250049824529035266
1250049848453271553
1250049991403548672
1250050095933992960
1250050380479762434
1250050441590853632
1250050457424273408
1250052911083728898
1250053081863196674
1250053920635924481
1250054260819189761
1250054447394369538
1250059885708001282
1250060012363407360
1250060396263870464
1250060829342433281
1250062068499300353
1250068292909379586
1250068768551768065
1250073733512994818
1250076101092786176
1250076350238646273
1250089080567869443
1250090228364259329
1250090432706621441
1250091372423544838
1250093957473804290
1250094748209217541
1250096664297299974
1250098395680854017
1250101646404788228
1250103204077023232
1250107756260085766
1250108440808230912
1250115355722334208
1250148766860140546
1250179068525502467
1250352808517222400
##1250049273191903236##
1250049365202403336
1250049509524111362
1250062638064828418
1250154033060470787
1250345006709092354
##1250050674324275200##
1250051226579931136
1250051342397308930
1250067921918984197
##1250051377365204992##
1250051405546741766
1250051552947077121
1250051604654546947
1250051632722857984
1250051894489350150
1250052054430728200
1250052233103839236
1250052716329656332
1250052883644588036
1250053001894596615
1250053441419968516
1250053467290337280
1250054977567014924
1250055909633658882
1250056062520168450
1250059891349340161
1250061802026778630
1250063840655613954
1250064516366336000
1250066618916503555
1250068936684638215
1250086999056429056
1250101298814488584
1250157637741805568
1250579421142167558
##1250192106255237120##
1250192358253232134
1250193077467254790
1250193466807717888
1250193609506410502
1250193656096661504
1250194579078500354
1250194649622417409
1250194874021941253
1250194960407764992
1250196050461298688
1250196667783135233
1250197403690512384
1250197573652144128
1250203752746962948
1250209323063619584
1250209807098880000
1250212377171238913
1250212512714424320
1250214538412261377
1250244501282729984
1250261764618387464
1250294664281784320
1250295813571358722
1250296287146078210
1250372432856301568
1250453329240621058
1250651721950519296
##1250194273074626560##
1250227481216536577
1250244130468495360
1250252745216532480
1250260864394874881
1250261231665119232
1250261483314794501
1250284004101644289
1250312733637001219
1250316176107823108
1250316737762824193
1250317999317250048
1250347222438268928
1250350952705490944
1250353303893856268
1250480133011656708
1250486010175205376
1250490467466297344
1250495657183449090
1250498306045874184
1250498807189639169
1250507488543281154
1250520750450147337
1251018976748081152
1251359135993643008
##1250411590903627778##
1250411840003289088
1250413235213422593
1250419378421551117
1250449797145911296
1250506045706899457
1250507916727275521
1250523941854117888
1250652216941334528
1255666961276710912
##1250805048264871938##
1250805204523630594
1250805233690836994
1250805304717201408
1250805433499029506
1250805577174978561
1250805686746910723
1250805852015144960
1250805900631293953
1250806005887270914
1250806053614301189
1250806080080351233
1250806141107535872
1250806178084458498
1250807110671249409
1251407624513486850
1251429711324090368
##1251099160775921665##
1251099639320805377
1251099947925192704
1251100055232225280
1251100134676496384
1251101248763330562
1251102675095244803
1251103452928802817
1251103682298601472
1251104686507253760
1251105895477641216
1251108590259240962
1251112772798156802
1251115970539720704
1251116801813032961
1251127240169062402
1251137135618543616
1251138238292647936
1251157276443856896
1251427452745928704
1251453915540918273
##1251285358806958080##
1251287038655172609
1251418745286918144
1251549508510650368
##1251637495227396099##
1251637762668855297
1251640148334391298
1252857212478738432
##1253153535199522816##
1253199217193029634
##1253391501259923462##
1253420911023120389
##1229780630948413443##
1232673501577981952
##1232112452499918853##
1232126574851493889
1239168666278731777
1239178783481085952
##1236366485926432775##
1236373747680063489
##1236376480298475521##
1236382419965685762
1236382616418476033
##1236720573750882306##
1240372962672496642
##1236768040139833344##
1236769370745044992
1236771839982088192
1236772114079850496
1236772162972856320
1236772545321480194
1236774824065843201
1236776485958094851
1236778095996211202
1236779226801545217
1236779743481147393
1236785219329499136
1236785962124001280
1236787576079597568
1236791860645048320
1236808137140776966
1236824119158677504
1236853411070513152
1244651039153950722
##1237011354776670209##
1237014334208970754
1237445797660278784
