##1236378748179677195##
1236378835429490688
##1236381538432036864##
1236381618417393665
1236381628169105408
1236381638420021248
1236381640768749568
1236381642710753280
1236381647202893825
1236381666798718976
1236381668539346945
1236381677229936642
1236381681096982534
1236381685459156993
1236381688726511616
1236381695378706432
1236381707911208964
1236381708481712129
1236381715951747072
1236381722012459009
1236381733861371905
1236381779289935872
1236381785220689921
1236381821505540096
1236381839310434304
1236381844561702914
1236381849733287938
1236381917882331139
1236381943387824128
1236381950748905472
1236381969002516480
1236381976933867523
1236382007816585216
1236382023218069506
1236382027341008896
1236382031333994497
1236382034957946881
1236382046395805706
1236382053605801984
1236382086157815809
1236382098228940801
1236382156949196800
1236382204479057920
1236382212519596039
1236382277535436810
1236382284523200513
1236382320313106432
1236382373543120897
1236382419743322112
1236382425724473345
1236382449455808515
1236382476412563461
1236382552795070466
1236382579345022976
1236382603915255808
1236382625050304512
1236382633942233088
1236382652405555200
1236382677894344704
1236382755086352395
1236382771809062912
1236382987857657859
1236383150068191235
1236383378162814976
1236383379987345408
1236383380289224704
1236383422165237760
1236383442503417856
1236383586410004482
1236383605301149697
1236383631997915137
1236383652038270977
1236383672934305795
1236383678273650689
1236383716194254849
1236383720678010917
1236383722364112897
1236383773270388739
1236383946113306624
1236383976018923520
1236384039310852096
1236384092410785792
1236384180050767872
1236384183917953026
1236384298539929601
1236384359021674497
1236384527041396744
1236384625724928004
1236384869770563584
1236384907041148929
1236384942835277824
1236385063094403072
1236385064046518274
1236385189615583233
1236385248742707201
1236385457254137858
1236385477638397956
1236385485251100672
1236385497993396225
1236385856887443462
1236385971752624128
1236385996805148673
1236386373625614340
1236386605344096258
1236386778040410113
1236386787205013506
1236386922924294146
1236387057733373953
1236387071654277122
1236387395202953218
1236387588983922690
1236387773843755008
1236387856035299328
1236387876830621696
1236387879515021312
1236388156729184256
1236388332084563968
1236389055337816064
1236389487862743041
1236389794659348482
1236389887135318016
1236390059743592448
1236390307849256965
1236390340258643969
1236390390518943746
1236390518793396225
1236390566650433538
1236390686494199809
1236390812549816321
1236390973124550658
1236391046466150400
1236391155245465600
1236391549405212672
1236391774849060867
1236392783545597952
1236393028450910208
1236393455166857217
1236394010094252039
1236394078432100352
1236394284393340931
1236394627810439175
1236395390401941504
1236395430398889987
1236396400679796738
1236396671371743235
1236397490938748929
1236397912365637632
1236398302037528576
1236398396027686912
1236398958626430977
1236398989018304514
1236399252479315969
1236399516074618883
1236400018745110530
1236400348568395776
1236401423555928064
1236401503503597568
1236402757017485313
1236402884650192896
1236402940996456459
1236402981559361536
1236402990933778432
1236403488533417984
1236404865913544705
1236405149050028032
1236405719630479364
1236405931468079104
1236407492760014849
1236407931412807686
1236407994071625735
1236408380928995330
1236408464357888000
1236409237540134912
1236409478955905025
1236410030032912384
1236410181266870279
1236412323839070213
1236412811988926465
1236412825293258757
1236413623402184705
1236415264033509376
1236418849949528070
1236419044347129859
1236420031459799040
1236420169796325377
1236421203050532864
1236421924076437504
1236424090577182726
1236424516848451588
1236431360870567936
1236440099598020610
1236441581613449216
1236446251069161472
1236454313016385536
1236470558340104193
1236477549062094848
1236478442352320512
1236481362728812544
1236483912169381890
1236484139152543750
1236489802251481088
1236494977754189824
1236505122194313218
1236508372150693888
1236509249301286914
1236512705302888449
1236514363378466817
1236518253767376896
1236520267540766721
1236528071081111553
1236532068617781248
1236533963209965568
1236535032031952896
1236535189876203522
1236541194194296832
1236543461639233537
1236544529945300992
1236550301135618048
1236552244264345600
1236552390066790401
1236552402003800066
1236552708561276929
1236552871061139456
1236552999067148298
1236553183389982720
1236553480006926336
1236553488047452160
1236553524516925448
1236553534801358848
1236553714527285249
1236553760622751751
1236554095537917952
1236554182343249920
1236554198805864449
1236554620601880576
1236554645130153985
1236554731134357504
1236554747886342147
1236555678866640896
1236555697120313350
1236556354699046914
1236556952911708160
1236557202736975873
1236557207145263104
1236557688307417088
1236557742397165568
1236558876499206144
1236559341353930752
1236560271013011456
1236562521269698560
1236562630380261377
1236563082375245825
1236564955249422336
1236565022567993345
1236567740191838209
1236567955804164096
1236568041263173632
1236568627094175744
1236571322710450178
1236571658401579009
1236572233809698816
1236575580583231489
1236579317754351616
1236579521681403904
1236585171098484736
1236586114808455168
1236586396732796928
1236586487333957632
1236586858089512962
1236588142905475072
1236590294394646528
1236590492776828928
1236596679861772289
1236597833614188545
1236598387618779141
1236598588937027590
1236599788403032064
1236602784067334144
1236602936882577408
1236603659871535104
1236604348123267072
1236608955100663808
1236611051988410370
1236612762903642112
1236612847511244800
1236615142152036352
1236623125049217025
1236623432634322946
1236633497940430851
1236643084726874114
1236644480515801090
1236647633474781185
1236655171763081217
1236663821395267584
1236665097495416834
1236670418766966785
1236693733304938498
1236713669309927426
1236715408457072640
1236715592977133568
1236734648916619264
1236734788658237440
1236739469405040640
1236749068925353987
1236770103036973056
1236879876860383233
1236900739659837441
1236900990047129601
1236923574407114752
1236931570558283776
1236931807117017088
1236932027808714754
1236932057877618689
1236932353924177921
1236932589572759552
1236932629083062272
1236932941273497600
1236932952128397314
1236933155204071424
1236933433605132288
1236933637045735424
1236935151671795713
1236935747158118400
1236936639286476800
1236937636691968000
1236937926375768064
1236937992192905216
1236938738112114688
1236939904652845059
1236948743376822272
1236955490950819840
1236955512144572416
1236963283057475586
1236966899013103619
1236971528094281731
1236971852024680449
1236977230825304064
1236977246818222080
1236980548112912384
1236983886783143939
1237005699202375681
1237007501134086146
1237015974378909701
1237021576777867269
1237036290840965123
1237095649763561474
1237097337052332042
1237101330973503489
1237125519054954496
1237131709113610245
1237136988966436864
1237174655225561089
1237213164619661315
1237321911899770880
1237329811368030214
1237336773035991040
1237339672755478528
1237355338569076738
1237372101272707078
1237447845172707328
1237596676832944129
1237602749509799939
1237641902217785344
1237826692917407744
1238099261717458944
1238138283571494912
1238164922888007680
1238215760243195905
1238411083561476098
1238884919109136385
1238985953647243264
1239500754236440577
1239559740876865536
1240238242617671681
1242273173732720646
1242358309727977472
1243090625823637505
1244773157791240198
1248021460842680326
1248540102902648832
1251464513054007301
##1236440165314375681##
1263541370607800322
##1236666321015918592##
1236671773103570944
1236674281335148544
1236677549360635913
1236683622943506435
1236684174150504448
1236716315588677632
1236726878234464256
1236729353670733826
1236734169880895488
1236744860104888321
1236752389450928129
1236759437752270848
1236768349713051649
1236770079842480140
1236770363943587842
1236770908620152835
1236777992661196806
1236778039196950528
1236778406655799300
1236784017711804416
1236791845637718018
1236798248964292608
1236803471250251777
1236831694352723969
1236879469467623424
1236882042765393922
1236956491288137728
1239201395305263105
1263540212401127424
##1236009846186610689##
1263541436030619648
##1236388241185673216##
1236389198468386816
1236389393625120768
1236513498294861824
1236554324257443840
##1236527716914036736##
1236533684653752320
1236533746599432192
