##1222620520065138690##
1222840474899226625
##1223199692919623681##
1223208926394691584
##1237888601918074882##
1237889795830845451
##1223549956889436160##
1223583409035010048
1223652067744669696
1223671065509056514
1223708133526310913
1223711341636128768
1223751227948879872
1223939904272551937
1223949497983754240
1226380177678241792
##1223267343675154434##
1223523041675792384
##1223348886888177664##
1223349112558493697
1223352870642290688
1223365141242302465
1223366521893924865
1223368148315000834
1223370672455417856
1223371235234656261
1223373477379477505
1223377052071612417
1223378837469384704
1223379162242670592
1223379391113322503
1223381391888592901
1223384831146496000
1223389840047321089
1223391062196150272
1223391602422558720
1223399303512760322
1223400960573235200
1223405078591221760
1223407339946106880
1223409075767123970
1223410968383889408
1223412404396097536
1223412515004211210
1223418111082274817
1223420225300914177
1223434217293520896
1223436063433162759
1223440778476781569
1223444703141670914
1223446231868936193
1223452587485270017
1223455953112182784
1223458415135150081
1223468277491535872
1223471534670589954
1223482900445913088
1223483896609804290
1223492228385067008
1223492859250212865
1223494079016849408
1223497796709425152
1223501182494289920
1223503292485001217
1223522856690122752
1223523518278709248
1223530774990852096
1223539058288267264
1223544373348048897
1223546858032762880
1223555586182328321
1223556492726538240
1223558078123184129
1223559251555241987
1223559975580119040
1223562654582747141
1223563674956201984
1223563984462368769
1223564175076732928
1223565104207269889
1223566946567933953
1223570245270622208
1223572066982682625
1223572845604876291
1223573187310641153
1223573290993754112
1223573664542724096
1223574561716875264
1223574921802022913
1223575083937079296
1223575288052883457
1223575870268432390
1223575978603094021
1223576273823420418
1223576587448262656
1223576654716510209
1223578241593683968
1223578360372178946
1223578997570883585
1223579140357599232
1223580079814475776
1223580099481677825
1223580322010423298
1223580429380395013
1223581038993117184
1223581262633480193
1223582901578665984
1223584104140148741
1223584426573037575
1223585857375997953
1223586375490002944
1223586540112076802
1223588908585443329
1223589132573847553
1223590151412178944
1223590499400986625
1223590622864584704
1223590786186563585
1223591215326736387
1223592103206440961
1223594916628123651
1223599030246289408
1223600020336861184
1223600072866156546
1223600099105955840
1223601889813716992
1223603386861400064
1223604970647408641
1223608469632307200
1223613312400855051
1223618708553289729
1223623936358985728
1223629642755661826
1223654467972689920
1223655547133710336
1223657085684060164
1223679648728539137
1223709552471920642
1223720539941937152
1223733722182307840
1223809610794053633
1223833932166246401
1223875372980297728
1223880112795418624
1223923742105051139
1224036954502836225
1224075514220109828
1225860283639439361
1230967915471679490
1243856007161397250
1244221067146772480
##1223622240517926913##
1223861804109115392
##1230930184510922753##
1230931712357675009
1230932051605540867
1230932721318453248
1230932921768431618
1230933000235487233
1230933038143561728
1230933190740709377
1230935612427055104
1230940387516276736
1230941064086855681
1230941713599954947
1230945955744272384
1230946245427986432
1230948418408808449
1230957314502467584
1230964439626715136
1230971296726573056
1230976136747851777
1230982398541795328
1230987888088768512
1231092440632827904
1231493150872653825
1232324834690043907
1233609060752281600
1233610586635849728
1233611254448689153
##1231050981116387328##
1231052105558958080
1231052679624957953
1231053815836745728
1231054821240774658
1231055842348339201
1231059237016653824
1231062547689857024
1231063983790206977
1231072014271754240
1231076388091940864
1231077717845716992
1231079131032539136
1231080798016737281
1231083519591559169
1231085902518267905
1231089255780364288
1231097758062391297
1231114554190565382
1231114715629334528
1231118452603183104
1231125476636319745
1231134480187973632
1231142866153541632
1231145921628557312
1231149219626520578
1231150200078655491
1231154076009795584
1231155232383602690
1231164148123414529
1231212565415550976
1231225112810205184
1231413925410942977
1231550225816457216
1231553159929237505
1231573870626398208
1231577393950752769
1231645511406555136
1231647135977922572
1231668589264023553
1231670154087587842
1231688562845913098
1231732939651735552
1231832763726286849
1231841442248740864
1231904809927790592
1232779012478570498
1240280956944166914
##1223658128513937409##
1223832817706131456
1223926775908044800
1223946390558081024
1223983279700893699
1224028219344654336
1224280198390087680
1224315037696888832
1224526469990404096
1224531703298961408
1225348693378969602
1225558498416758794
##1223903590777004033##
1223907174591750145
1223924146805014530
##1221779894683738113##
1221781734943002624
1221782641885810694
1221784503674425346
1221810269153910785
1221842113521954816
1222260413028622338
1222298599700254720
1222597405792751618
1223032560768421888
1223051035574403072
1226740733522083841
1238918033097338886
##1223195599165644801##
1223199657632968706
1223199809399656449
1223487004584882177
1223488652505948160
1223507542912962560
1223517179020226560
1223546776709476354
1227902355078877190
1230242951940526080
1230254118167621644
##1223252762198065152##
1223267942017662977
1223282605275205635
1223344748775211010
1223354964237524996
1223362930114207744
1223364284572368896
1223366157618614272
1223367344317136896
1223373558417698816
1223374304181735424
1223374863529906177
1223376103647129602
1223384357886402560
1223385264883732481
1223391930127613957
1223397601883697153
1223399239658737669
1223404303928430592
1223413089359495171
1223416772348514305
1223425105348513794
1223432390590246913
1223462912032985088
1223467017166118914
1223467569815998465
1223477233295286272
1223495110350004225
1223534422030520320
1223549482694074368
1223562812968046592
1223577242120441856
1223736733826719744
1223891099028271104
1223905117021310976
1223905540146855936
1223907777854263296
1223915475920412672
1223938506893950977
1223961546814119936
1223995339084107785
1224018702586257421
1224034713653915653
1224036013007409152
1224048279324889088
1224090864781340673
1224270951187087361
1224300821262864385
1224336224523079681
1224591137249398784
1224671034961530880
##1223512051965775873##
1223527561935958016
1223605148439719939
##1221887626724225025##
1221892021146869761
1221909149094699009
1221917750584664065
1221921015040741377
1221949421283422208
1221952605955469313
1221955752488787968
1221965575544614919
##1222088539766169602##
1222113337560981504
1222125710745243648
1222126782813523968
1222131006561538048
1222132778847887360
1222176802854055937
1222194037828079616
1222226100752912385
1222234242840760320
1222242969085976577
1222261783454457857
1222267746605502466
1222296471376158721
1222312918882144261
1222327344406388736
1222385236048334848
1222403501357260800
1222404465367703552
1222418314959446016
1222421021690560512
1222425065163296768
1222479901439205378
1222580820914982915
1222623161168080898
1222673218185465857
1222683548144087040
1222686203134324736
1222737860928950272
1222869537575620610
1222878058060926977
1222918509778427906
1222968936599150593
1222982501506985984
1223012800970268672
1223015263068741645
1223050724311031811
1223063084228587520
1223073840592498689
1223189319474720769
1223193907216994304
1223212310086418437
1223232351892918272
1223263304224776193
1223280967592312835
1223299888877838343
1223301993051181056
1223319358228910082
1223320533217038339
1223321294063702024
1223328748038238215
1223370103028375555
1223376377392640002
1223376648910917632
1223484735181160448
1223561002194755584
1223563309183533056
1223563949834231808
1223565239792414720
1223566504869928960
1223566650923941888
1223567929259806720
1223568605540954115
1223569604930363393
1223571085867782144
1223574827329638400
1223576947504177152
1223577918602907648
1223580424259194880
1224543190512029697
##1222799810455048192##
1223403894593724422
##1241093810131742720##
1241102840904417281
1241105316999299074
##1224030588845416448##
1224030809000202241
1224033956393373696
1224050233719640064
1224064636779220992
1224077565054406660
1224287218501550080
##1224398456279699457##
1224399086163501057
1224406369526255616
1224423845471440898
1224439326043340802
1224456449264238592
1224456607699914752
1224480053813182464
1224481686446055425
1224482895026364416
1224496836506988545
1224538343846961154
1224546072728653824
1224579915502231552
1224597555972952066
1224604038035013632
1224608363373305856
1224612328043401217
1224615049559519234
1224616554668744704
1224622238613299203
1224655251308994561
1224664299811024906
1224678854410764289
1224683762564378625
1224684283912212481
1224698802570977280
1224711282852552704
1224717355168694273
1224803819730690048
1224877706568966150
1224985571224969216
1225005690571411461
1225060604022546433
1225083104441880577
1225093091364917249
1225145339533045760
1225193447004438534
1225257994562220032
1225282674341957633
1225288404562325505
1225346103111036930
1225353685124943873
1225377364542181377
1225390410698240000
1225409467044564993
1225493331486093312
1225516617708249088
1225524707866423297
1225560293352366083
1225566217488027648
1225578296248848391
1225597608334327808
1225662839160881154
1225701686020276224
1225706196352536576
1225729322457149442
1225753101489012737
1225755776909742080
1225762979846684678
1226012249829101568
1226257715078553600
1226264759235960833
1226408672391303168
1226607516278231040
1226645157128351744
1226775816278769665
1227003809949417474
1228637113765302274
1232010663549116416
1232445042960166912
1244214160688365568
##1233699932688801794##
1233701090232848385
1233703732581367808
##1223574695489998850##
1223576288734203905
1223576403477659648
1224965031177211904
1232160604716240897
##1223582502088007682##
1223585764518309888
##1225692329366839298##
1225694730815586305
1225706596648529920
##1225709435714183170##
1225723617104814080
##1221894676028055552##
1222120612363194368
##1222621758919970816##
1222623218592296966
##1223373635836088321##
1223500755849613313
##1224716395226767360##
1224734965134503936
##1224752037692346370##
1224768702341615617
##1233328652844138496##
1233352915202510849
1233364382828126209
1233488916742918146
1233523193882775553
1233535875369373697
1233770475588902918
1233814339838259200
1235549557208961024
1235558014972768256
1235856342889332736
##1233363960063287298##
1233364421617111040
1233368692353912832
1233784352623992839
1233790238637641728
1233823795431051266
1234509370899210241
##1234058844776652800##
1234195345908871168
1235493069216247808
1235903189632856067
1236720321442582528
1237115567607287811
1237129714164269064
1237255676109426688
1237292863203016705
1237372743659728898
1238696245310427138
##1241867140157902849##
1241901180747427847
##1222616832923897859##
1222743908972666880
##1237142120454127616##
1237143879301976067
1237812388168175619
1238537736065335302
1239310145802457091
##1238175377505255424##
1238542479600877568
##1238235368798982145##
1238235477301485568
1238235923583770624
1238252763294969856
1238255772343177218
1238261313522057216
1238334116782911488
1238350531556409344
1238460794964189184
##1222059543926099969##
1222139700678479872
1222150866238570496
##1234015820558340096##
1234018593999872000
1234018763391086597
1234018822564327424
1234018876217794561
1234020774652108800
1234021924218572802
1234022039788363778
1234024209694765056
1234030030352736261
1234034781534531590
1234038283254059008
1234038524309102592
1234041459298504707
1234043802182127617
1234046131090477056
1234047958347341825
1234050511986417665
1234062329358274561
1234086705348501504
1234129250615255041
1234154113581113350
1234209065988960256
1234221094669881344
1234264511961600000
1234322272237891584
1234385277533249539
1237055025781899266
##1222070670458261504##
1222072152310108160
1222073422479527936
1222074840124993537
1222078710855106561
1222080254845640705
1222085732283637761
1222093082843328512
1222106409095122947
1222116812571205635
1222121603099774979
1222131636176932866
##1223227233021648898##
1223229352931987456
1223258063148343300
1223278692115402754
1223508036792340480
1229265399893590016
##1223216545024937985##
1223232127002710017
1223266798545657856
1223274839932395527
1223307977224048640
1223310413061857280
1223312968005443584
1223318645104939019
1223320254304133125
1223322268849274885
1223323320612945927
1223328887880351745
1223479000074477568
1223504114371506177
1223572690444963841
1223598166819426305
1234232220279361536
##1223231726870200320##
1223549713154220032
##1223282234830000128##
1223284072698589185
1223868481092886528
##1223337029431447552##
1223344887719960576
1223446041401462785
1223962638616551425
##1223329308162363392##
1223379773789036545
1223647410263642112
##1223301155377250310##
1223302993602392065
##1223296367289937922##
1223689830321750017
##1223521655227658240##
1223543753337688064
##1223014164010061825##
1223027647682351105
##1225052520822779905##
1225052964139732992
1225054477100769283
1225057837799354368
##1223714857104658433##
1223774772271763458
1223897244090404870
1225454508219813890
##1223596204782706690##
1223599421188968448
1223682181446492160
##1223529597796593675##
1223627637886738432
##1238068558921445376##
1238544893452132352
##1240775604863225857##
1240775762942267396
1240776019432243200
1240777710038892547
1240846286624096259
1240907466973511681
##1226817617912041472##
1226834785726869506
1228057859524644864
1228579689519833088
1229002384388419586
1229136217788309509
##1226769559950065665##
1226822195357388800
1226845543768494082
1226864028674404352
1226923777772150786
1227176003983855616
1227183735965192192
1227273466690359296
1227325019329568768
1227356643370979330
1227365812270518273
1227477901047738369
1227530020588900353
1227586131706994688
1227690976216539137
1227754127662501889
1227856795177234438
1227869821922086912
1227870423943122944
1227941881692205056
1227949626063544321
1227986644743204864
1228002423664496641
1228026551150751744
1228222871089991682
1228239414448377856
1228266793669742592
1228276506759245824
1228294992814317568
1228406288608088065
1228442640720506885
1228479009169838080
1228502257144074241
1228576137183449089
1228658361777950720
1228718547813257222
1230062518883831808
1230208173824495616
1232600494293557248
##1225715180497244160##
1225715479173566464
1225715583951478784
1225720997728411649
1225721757878890497
1225725747916132352
1225726258287345664
1225727779586613249
1225733487581417473
1225733732553953281
1225746391546421249
1225755807339470849
1225758833961816065
1225764879111524352
1225775833975021570
1225786691333558274
1225821596629250057
1225845898745393153
1225865118690480128
1225907847030083589
1225995081171296256
1226003731059052546
1226023229199962112
1226036105163743232
1226129996026171398
1226221592654512128
1226257324047769601
1226259878576082944
1226265139495788544
1226279643604570114
1226753040356651008
1226850060073340929
1227109137282162688
##1244367960535437312##
1244368469468086273
1244369144788779017
##1235642812043063297##
1235642940044857349
1235643408288382977
1235643648768868353
1235644171303571457
1235644384177270788
1235644732086390784
1235646128806387712
1235646503194107905
1235646907323543552
1235647651196137473
1235648801618014209
1235650163055738882
1235650428798251008
1235651766173265920
1235652035082477568
1235654882847158273
1235656183828164609
1235656723534196736
1235658183839846400
1235661234156036097
1235662202520186880
1235669490781876226
1235670591614615555
1235673839868276737
1235676825591803904
1235678928733433876
1235680657759760384
1235681234723811328
1235682146855067648
1235686550719131649
1235686604989177856
1235692856620265474
1235698942391676929
1235707056918679552
1235707813193601025
1235710046656278528
1235711702248951808
1235712908396507136
1235712996476739585
1235728400389562369
1235745896786202624
1235750344736432131
1235759786932817924
1235778062605787140
1235781784203341826
1235784511096524800
1235785602999693313
1235787152916647938
1235803256414023680
1235803551898558464
1235803750905679872
1235825433939066880
1235832029444329472
1235839982008320006
1235843320330346498
1235853069155328001
1235854942755160064
1235856493624213505
1235859886832881665
1235870801292861442
1235874618956607488
1235882025644634115
1235888448545964033
1235889239251918850
1235898172893024256
1235904529125818368
1235916478739857408
1235922947459764226
1235938667341975553
1235942991694528514
1235945593622663168
1235947323341049857
1235957384658522112
1235964094282452993
1235972864341413894
1235973198153420801
1235979891616727040
1236001148303282178
1236013618178789378
1236032104326221824
1236260893702459392
1236281721068322816
1236862669396770816
##1235331504168939521##
1236387005988208642
1236677012250603520
1237295448098058240
1238179552960053249
1241452152452767744
##1235163492749119488##
1235432446872694784
##1234656556475715585##
1234696572602142721
##1221834263403716609##
1221834439166218241
1221834608255303680
1221834705693290497
1221834997591609344
1221835831155023872
1221837257021239296
1221837482809008129
1221838338975506432
1221838893986742272
1221839859079417857
1221839992424665093
1221840466313973761
1221842451964604416
1221843755067748352
1221845437335949319
1221849253724786688
1221852153557454848
1221854200340078592
1221855147665580033
1221855511005614081
1221856773528850433
1221857962085490693
1221863272024068096
1221863907712733194
1221864584245661696
1221870345495498752
1221873962650652672
1221874717306642432
1221875815392129025
1221875942064295936
1221878382671155200
1221880462341279746
1221881517657313280
1221885307190153218
1221889458632609794
1221889758596608003
1221889865522040834
1221890671432339457
1221891142083629056
1221894329318477825
1221895092295913478
1221895209539293187
1221895545687564288
1221898309264191489
1221903749117108230
1221904518314708999
1221906646877777921
1221909370948243456
1221909979113959432
1221914897598111745
1221917000575918080
1221917666383933440
1221918921596588033
1221920204558675970
1221920899835801600
1221922246006136833
1221926038311141376
1221926977612939264
1221928220175609856
1221948736160571393
1221988873703653376
1222011302303977472
1222018286252064773
1222021461839433730
1222025817653276673
1222031034306437123
1222050271116890112
1222067468849557504
1222069201420070912
1222103428320518145
1222122520134012928
1222191944991936513
1222192348328857600
1222193336984969216
1222987524924002304
1223028951112654851
1225035609628192782
1225055238358470656
##1221842696144375809##
1222269316378386435
1222408277981585408
1222598936260698122
1223238155891019777
1223270264852664320
1223480813297291265
##1221980658823782402##
1221982413896724481
1221999502325882880
1222012760512397318
1222019125523943424
1222038469641416704
1222055002686087170
1222081611883216896
1222088547760582656
1222092004848480257
1222101564384534528
1222127984976572422
1222179247806124032
1222290043315855366
1222306573957107716
1222449865986199552
1222580385474928640
1222843164693794817
1222958593495924736
1223661406572118022
1223932582733254656
1224053597220020224
1224071609083932673
1224319592291602433
1224350003679940609
1224673791369981953
1224759143166369792
##1221932696395550720##
1221934785318326277
1221939258144980992
1221940877679120385
1221950662059139073
1221954327197241344
1221964566411784192
1221977489981001728
1222018972154859521
1222023026625130496
1222023718089764867
1222067480090370048
1222298660823863297
1222464867287871488
1222481349631774721
1222876461419376640
##1222017393448275969##
1222017882235842560
1222032693128507392
1222036503385251840
1222044928865394689
1222047122545049600
1222047715107971072
1222048484158775296
1222048977643810816
1222052041788395520
1222052459687960583
1222053440911806464
1222075026901520384
1222077327774908418
1222106060573552641
1222116391794417664
1222133064895213568
1222136342668365831
1222213888009220096
1222221596175273986
1222235014408130560
1222251543996641281
1222323824143884294
1222441686397345792
1222941325642883072
1222958642963587078
1225420590028292097
1230428585464336384
##1225736537322741760##
1225768360266412034
1225956552336642048
1226022447041957888
1227591142927151105
##1240093723666587649##
1240194234017361922
##1244722246863728640##
1245049589574574080
##1222994303120760832##
1222995805562449931
1222996269171462144
1223003237005037569
1223013752053714944
1223035702495105024
1223100114434027520
1223140119928016896
1223162884701802497
1223176926757638144
1223294600468664321
##1222072250813353984##
1222075766101463040
1222076295124791296
1222083180951490560
1222099598451277826
1222132778856337408
1222133071178346496
1222152859397083136
1222398009109028864
##1238570112594120705##
1238951925527298049
1239301066023489537
1239672206755586054
1240655331660836865
1240716762741723138
1240789198833168396
1241001874561667077
1241121321628688384
1241164734537359362
1241556457386016769
1258514269194252289
##1238586824362209280##
1238587016977231872
1238587075055833091
1238587219226615816
1238595442050502657
1238609242145292288
1238609802621837316
1238611364287000576
1238651773520359424
1238652744967348225
1238707954427330560
1238708427565785089
1238722667798282242
1238723034929868801
1238723360042946560
1238739457882415104
1238758181398097920
1238775765916934145
1238795405997019138
1238796613977595905
1238810167166349312
1238822759528046598
1238847511005204480
1238855520766828545
1238856769511833600
1238865659481722880
1238870337925910536
1238943639486824451
1238996809311289345
1239001213691219968
1239149518630858753
1239204112195096583
1239491084490809345
##1223382598749171713##
1223383869476495361
1223384059251916808
1223384615295102976
1223385269220659200
1223387506365927426
1223392413626118144
1223400361018494976
1223465326886772736
##1223918476013842433##
1223918982442496000
1223919138042716160
1223919278518341632
1223919404104278017
1223919493937799170
1223919572195201024
1223919783835570176
1223920351165370370
1223921248352292864
1223921883957071872
1223923499221377024
1223924314673565697
1223925355234373633
1223925852246880257
1223928904248852481
1223935623213522945
1223937096609562624
1223938807940239360
1223942668046274571
1223943093956874240
1223947762913423362
1223957319207268353
1223959596861198337
1223999394321784832
1224040179880558593
1225579908459618304
1231154490042130434
1232380762353172483
1241180640256679936
1241606907514757120
1245458933306863619
##1239206059828563968##
1239651721560961024
1239838369925955585
1240010104738627586
1240405954992246785
1240942676570189825
1241046332896358403
1241144364342091782
1241542255468519426
1241912859824738305
##1224078390900219906##
1224078776901996544
1224078831650250752
1224078889095434240
1224078993995063296
1224079309163450374
1224079402843168769
1224081298773417984
1224081300602093568
1224084423592816642
1224095986710130689
1224097469241360384
1224106555626459138
1224117368466673664
1224121202576371714
1224146993183936512
1224171346134994944
1224199843490549761
1224220550320611328
1224231462372769793
1224252159572828161
1224252903138955264
1224279716946944001
1224297858842624000
1224300673392685056
1224303955238367239
1224308784597798915
1224310737461567488
1224311629724168192
1224322723012390914
1224334151375097857
1224446249002160128
1224447250203435009
1224454101586440201
1224455109523861505
1224503287308832768
1224532832837566464
1224648661432487936
1224649621001195520
1224652469864628224
1224653407752945664
1224655867473252352
1224670408143785985
1224685641948155906
1224699421847359490
1224755704919134209
1224755889934098434
1224757742956695554
1224757915665473539
1224777782464520192
1225009898225795073
1225017431099432960
1225018450353049600
1225137552333639681
1225373271031500800
1226775464523464704
1228716636842201089
1232843491031560193
1233901302343753729
1234190005603635201
1234659777835175936
1241796689364746240
1241841882591887360
1242887020097286147
1242894383759921157
1243952011521019905
1244849129328648195
1246056415749439488
1246220415892144129
1248491040195002373
1248756857797332992
1248999761895710721
1250284950370189313
1252552395265056768
1253764310989488128
1264355988624326656
1265433613958557698
##1224254981869645824##
1224267135125540864
1224333521919102976
1230874782033469440
1231372616134471680
##1226645663741546498##
1241489725233549313
##1230377962387668992##
1230380119719645184
1230384994985631745
1230432517620027392
##1230596279807467521##
1230597110090911744
1230597210917785600
1230597642155155459
1230605840115228672
1230666338034704385
1230666374634246145
1230739346996641799
##1230950759870668801##
1230986428407926784
##1240577377534689281##
1240601421671735296
1242734851536621569
1262444898843873280
##1240641999079964672##
1240642115501244422
##1240751646977806336##
1240752329839841281
1240754393902956546
1240755760398770178
1240756846551539713
1240757985829363712
1240773632130985985
1241039703534637061
1241051798577741825
1241067719996342272
1241070870174601218
1241116820662366214
1241159790828666882
1241160381856391174
##1240768192231899139##
1240768430782984192
1240769108297293825
1240776033974079488
1240778091422777345
1240780248448368643
1240784369511534593
1240789033380458498
1240795045516754946
1240807615506067456
1240807948751974405
1240811779460136960
1240821022624034819
1240826966728720384
1240844039764742144
1240844414651699201
1240846290902278145
1240851082928144384
1240883453140389889
1240884786798960640
1240977646672101377
1241047342146637827
##1240769451718512647##
1240814863498297350
1240821431585460225
##1241949196841824263##
1241950259867246592
##1242201812683362304##
1242428383755153412
##1243150504898842626##
1243150831152742403
##1244033931915255814##
1244048931836878848
##1222630761502846976##
1222632012990812162
##1232959200583700483##
1232963912225693697
1233060444056805384
##1236081243659304966##
1236081423947370496
1236081740902473728
1236166227082579968
1236170328646340608
1236184743688929280
1236439138469101569
1236494640691339264
1239327302401613829
1239329275108560897
1239332765725863936
1246475923207139328
1248734400831000577
1248744600552030213
1254462644049903617
1254462964717027328
1254467103677087747
##1236376508094205953##
1236376669776236544
1236376814332903424
1236376985464721408
1236378963536154624
1236387617517731841
1236407354121498636
1236417234391752705
1236491959872761856
1236985194462302208
1237381572032172032
1237383984008527873
1237483971950325762
1238170682586017794
1241073689988411392
1241076628941307905
1241094888529244168
##1236798404434460679##
1236876305519587328
1238510169987919873
##1237480354421800960##
1237493946437304320
1237496852897021959
##1237770651265650688##
1237818822867980290
##1237798874560987136##
1237799769357025280
1237826413102800898
1238031872527138816
##1239313707299155974##
1239318442324512771
1239321996149821440
1239384438632521730
1239470906692366337
1239487168541798400
1239516194086027264
##1221902279328116738##
1221903942357004289
1221913326877364224
1221913378639286274
1221922441594920961
1221924990070808578
1221939686047875072
1221949692667363329
1221952693490651137
1221984960560713728
1222035220783882240
1222037266652172288
1222060417721098241
1222064952606908416
1222068982758420480
1222069266020782080
1222096162527817728
1222101413330931712
1222852017615405056
1222868268018479108
1224116093092016133
##1232441767758139393##
1232468224987385856
1232830753685299208
##1249464025693519872##
1249586779222675456
