##1223678308065468417##
1223680197700063232
1223680912791162882
1223689196021387266
1223995861874683904
##1223702135637975042##
1223704777726615554
##1223706758729936897##
1223706800920330240
##1223726528061636610##
1223727921971499010
1223733941976358917
1223746858159394824
1223828010664693760
##1224573955937312775##
1224575561533620225
##1223652388726300672##
1223669710476234753
##1223719155251261440##
1223719966580576258
##1224322902457298946##
1224326379434651649
1224396560643084294
##1223348094407974914##
1223353780730769411
1223358535934914560
1223359657697251330
1223359742640369665
1223369058642427904
1223374282421669889
1223383600705556480
1223384138843086850
1223388887982264325
1223402949659058176
1223411578969710593
1223497983670484992
1223631170165932035
##1223715181034905600##
1223730107266805761
##1223720668828766209##
1224028745708851203
##1223828229619953666##
1223836446357893121
1223845451339837440
1223848208159383552
1223857246662205440
1223896395196829697
1223998898798321664
1224083493598134275
1224222772387287040
1224309962370879494
1224761196475232256
##1223925284933722112##
1224059094044217344
##1224038112449437699##
1224039268642959362
##1224062647496253442##
1224062847912751105
1224063815794511875
1224070506271399938
1224071876810608642
1224083787627319297
1224095923619287040
1224101936867303426
1224182122187051009
1224184268227739648
1224184996145123328
1224191868570886149
1224204096015605760
1224222071414116352
1224242363494805504
1224252794904903680
1224309690479325190
1224360238964408328
1224367502127456256
1224378750231621637
1224386074073534465
1224678212581699584
1224764057531621376
1225103154297163781
1225104383685341185
1225119954468593664
1225265160346120193
1225551316409339907
1226203868813496321
1226580583679168512
