##1243618458417467394##
1243618935255322624
1243619086778630145
1243619108345741313
1243619903481012229
1243621436511719424
1243623543704817667
1243624578775212032
1243640375300014081
1243642639129468929
1243702993180078082
1243731108614807552
1243759571941969920
1243760961246429184
1243779386169491456
1243800682290970625
1243813019257376768
1243819208049336320
1243841568789934082
1243843820506284032
1243850611298271233
1243851306038710273
1243852288462028805
1243852843058069504
1243855749597585410
1243856050580787203
1243858164753338368
1243871706776813573
1243871867401900032
1243889097506263041
1243890128105455616
1243893168749400065
1243895015438454785
1243942246824714240
1243952713932644352
1243992769980502018
1244105564830994439
1244147499348242432
1244156085973536768
1244172049381298176
1244172672138915840
1244173446290059264
1244180060782936067
1244204386307518465
1244207957102952452
1244215980097712128
1244216487717502976
1244222236183203841
1244323146875973642
1244328466243375105
1244337489277583361
1244397411411341316
1244435320948568064
1245809787830444033
##1243629150616932355##
1243629506847551489
1243632043046719489
##1245290500858482688##
1245338036281450498
