##1223608938136047616##
1223609013465731073
1223609049666785280
1223609680473313281
1223610195840045058
1223614925278470144
1223615105503547397
1223615314015006721
1223615393757044737
1223617790122307585
1223617999917195264
1223619444871696386
1223621307461488641
1223621911780962305
1223622856673763329
1223625566718431232
1223629559939108866
1223629632169267200
1223631290399895554
1223637659609903106
1223640024530477056
1223647203635474432
1223665435582910466
1223694992700473346
1223700669812658176
1223706295255158785
1223713923142180864
1223745534588063754
1223869462534860800
1223891304729534464
1223896140036366336
1223907432918855681
1223908037544628224
1223946208361828353
1223948446278791169
1223997491319857153
1224051416345518081
1224207216644739073
1224238877969453058
1224351237841268736
1224364718904741889
1224366962119270400
1224497951210381312
1224520720400683014
1251610381123977216
##1224100685081464838##
1224375630315343873
##1225141880796733440##
1225362807602008069
1226044614852927488
1228561246456295424
