##1228674241542926336##
1228674983305584640
1228675025194102785
1228675058199093249
1228675187224256512
1228675335878848512
1228675364504899585
1228675947223801859
1228675990450311173
1228677223357526018
1228714305077510145
1228718000716623872
1228885648599388160
1235302887594569730
##1229150647293009929##
1229159398754463744
1229160201644888065
1229160737769164815
1229162286360801280
1229163231375233025
1229167581745106945
1229168470270599168
1229176701478940672
1229185918302638082
1229212219444989953
1229215846972755968
1229223704472715264
1229274139208429568
1229278097645678592
1229292743022858242
1229308270684385281
1229320150748401664
1229322826253062145
1229325304591716353
1229329827381030912
1229342942835412992
1229389050064384000
1229409875136057344
1229436108552986625
1229473971847995395
1229483446109601800
1229487136359043072
1229550196444598272
1229578483963191298
1229580034203115522
1229611708894863362
1229623723591962626
1229634900447416320
1229668570172403712
1229694115056685056
1229749992165953537
1229766282104442882
1229940496153399297
1230365199313534976
1230542517692751875
##1230209800476221442##
1230210057918349313
1230241394985275392
1230294570560299012
1230315575265701888
1230321017345568768
1230326803409055744
1231385122353614848
##1229905069329567745##
1229922613268492288
1229956341650714625
1230047670934425601
1230050662999887873
1230051740558536706
1230055807800221697
1230056294356221952
1230063150671835136
1230111593175879680
1230122551638134786
1230154304935297024
1230172949388369924
1230415921728163840
1230433919939567617
1230437847699722240
1230451301940695040
1230487138887749632
1230514113610162176
1230613815374614528
1230641795236798469
1230694074597789698
1230830272964419584
1230873605665361920
##1227655213798117376##
1227655594192068608
1227666991957381125
1227673606894817280
1227719461148467204
1227730601165381634
##1232352261487124480##
1232352535421296641
1232537140162179072
##1236574400939524099##
1236594237560496135
1236680526901260290
##1237444320585801733##
1237444485535207424
