##1235165302880702464##
1235165347264724993
1235165446342664192
1235166062565613569
1235166315763175426
1235166847688990721
1235167766069444608
1235168263694217216
1235169530252603393
1235172630111678464
1235173909185605634
1235174166107742210
1235175831187730433
1235180036317229057
1235184281896484864
1235187775189798912
1235193505892446211
1235198146675986433
1235198426104635398
1235199706575368200
1235207431422201856
1235210027738247168
1235210486158942208
1235218304102522880
1235228298403336192
1235228721008828418
1235229717084721154
1235242859873345536
1235278427885842433
1235300201163874304
1235307728228274176
1235405540139794432
##1235311825337667590##
1235365478991884293
1265024578826522624
##1235218391910273030##
1235219236286586886
##1235149866252283905##
1235153909607550976
1235154201300340736
##1235231401873756160##
1235240145865117699
1235252656131756032
1235296713495252995
1235303488718090249
1235340893890244610
1260915244450406400
##1235313016641642496##
1235365382950658048
1265024509792436231
##1238170473478983686##
1246709013632475136
##1240052823276032000##
1240230075657830400
##1250535619962589184##
1251005550747422722
##1235212103033778177##
1235212751078817797
1235215917925179392
1235216354640375808
1235217692598005760
1235220390269644802
1235223712372228096
1235227802145873922
1235235364463403010
1235240703170670592
1235244369592057858
1235521937603952640
##1235317982575894532##
1235323353449271296
1235329619202641920
1235365138829631489
1235420147587874816
1265024277126025217
##1235326243513434114##
1235364810679820290
1263235695856037889
##1236033056399601670##
1236034376871313408
##1235524709934075904##
1235524937445761025
##1254236167140192257##
1254357716207796231
1254360939962470402
