##1252726305000509441##
1252726772795346948
1252726846707433473
1252726949358772232
1252726994887901190
1252727073363365895
1252727192779440128
1252727942519705600
1252728102796562435
1252728536097570816
1252729541757480966
1252729946230882304
1252730016917606404
1252730095061663745
1252730443297968134
1252731182288195590
1252731408696606720
1252731432436449280
1252731550405402625
1252731883030548480
1252732968038268928
1252735316697452546
1252738903339081731
1252739307762262023
1252739677498597376
1252743497221799937
1252744917425807360
1252748349045985281
1252756343515209733
1252758915105935361
1252760539085910017
1252764328866058241
1252767648724799488
1252771243637583872
1252786700453019649
1252790081301237765
1252796228561240069
1252806005408161793
1252825090456080386
1252843686699794432
1252851492869992449
1252852030659416064
1252866167779110914
1252867570551545858
1252880841484595201
1252899458217644034
1252988848793157632
1253009468994060294
1253054827036397568
1253144328786120704
1253583551305592832
1254127506455777293
1262410460898439168
##1252735038015320064##
1252737524809809925
##1252564320854081536##
1252564639642193922
1252564682814173184
1252567282561286144
1252569067170549761
1252569432850788353
1252570339063840768
1252571287299522560
##1252886412891996160##
1252886520551428096
1252886532765122561
1252886619448885248
1252886768317108226
1252886791377600512
1252887018755043329
1252887056780533761
1252887286892703750
1252887367708545026
1252887483907551233
1252887584017129473
1252887587456536576
1252887633077944323
1252887777135538176
1252887798350262274
1252887958161698816
1252888273703354369
1252888274307297280
1252888338153029633
1252888475235426305
1252888787224596481
1252888818333687809
1252889201886068738
1252889312720490496
1252889926238195713
1252890182744973313
1252890283462836224
1252890386282024961
1252890479441719296
1252891282407555072
1252892298913996802
1252893141318934529
1252893642546610177
1252893765142020096
1252893877293461505
1252894516052402176
1252895113388359681
1252895444306444288
1252896035363606528
1252896146470682625
1252896423827431425
1252896669429043200
1252897365763198976
1252898052488208384
1252898094670385152
1252899638895673344
1252900301989769217
1252901762689884160
1252902128697389057
1252903133094838277
1252903173213347844
1252903278431608832
1252904590342795264
1252904701416411137
1252904775131299841
1252904912737972229
1252905067793076227
1252905278766538755
1252905769881808897
1252906238406471680
1252907138609004544
1252908809942597634
1252909028633653248
1252909125215944704
1252909535993487360
1252910400519180288
1252911565222957056
1252912111119990784
1252912740596764672
1252912848268910593
1252913259776225281
1252914805859667968
1252915309868089344
1252916025298952192
1252917497432604672
1252918193426923521
1252918593236369408
1252918992215461888
1252919664616841216
1252920004061933569
1252920449182425088
1252923228705693697
1252923697440194560
1252926441609736192
1252926606995329024
1252926866299772928
1252928462454693890
1252930036627320833
1252930050871169024
1252931196352434176
1252932883699904512
1252934743001309184
1252936165352767488
1252937200704069633
1252944642972286977
1252948346026831872
1252952162608521216
1252952386420846592
1252952570018004992
1252952869575294976
1252954674732425216
1252958543151616002
1252960533659242497
1252961468049510400
1252964842438381569
1252968176050028544
1252969017486311424
1252971012850933760
1252972923322843139
1252974385234874368
1252977357113131009
1252978809445457920
1252983462308560901
1252986242582667264
1252986407552978946
1252986576856121346
1252987674765471746
1252992677454512129
1252995850340569089
1252999929817182215
1253002351318835200
1253002920322371588
1253006275664916481
1253006399887609856
1253006550320517122
1253007073228533761
1253009060733075456
1253009731897241600
1253009767280324608
1253017473634439169
1253031810197532675
1253032110539014151
1253034140166955008
1253037161663823875
1253056471249625089
1253061524618346497
1253064635428765697
1253065240104833026
1253077337903636481
1253081792854327296
1253086738001678339
1253110962971951106
1253112054673813510
##1253019757181313024##
1253020221838897152
1253020310716252162
1253020385546768384
1253020449048612867
1253020557433606145
1253020681144541184
1253020729131577353
1253021896628715521
1253021917071708166
1253022374880034819
1253022778665680897
1253022923658592256
1253023632219086853
1253024093475164161
1253024148085002242
1253025362319151106
1253026061438287880
1253026272122462209
1253027705584603136
1253042659448545282
1253050132855128064
1253052689728094209
1253070803077341184
1253168600946483206
1253215909164056576
1253224855945838592
1253239958141313024
1254346412868939776
##1253042274067460096##
1253258527608655872
