##1237874745762185216##
1237874897314930690
1237874901291118592
1237874928864518144
1237874932891049985
1237874988469719047
1237875006425579523
1237875015917264898
1237875035760504833
1237875036649734145
1237875131671695362
1237875185711079424
1237875246700449795
1237875303302565888
1237875305466871824
1237875351927181314
1237875377617264641
1237875544596697088
1237875605955211270
1237875615891509248
1237875635642458115
1237875638578466816
1237875654370013184
1237875658740514816
1237875666973937664
1237875747324178433
1237875858892673027
1237875883395842057
1237875961950953473
1237875977398538241
1237876116817240075
1237876123414888448
1237876131208089600
1237876219527319553
1237876335541800966
1237876381490413581
1237876717823225857
1237876767349563395
1237876861285191680
1237876878611894274
1237877007955845122
1237877052482572288
1237877193016922114
1237877307458502658
1237877432293543938
1237877519870595073
1237877684841021442
1237878015918346241
1237878083882864652
1237878380273364993
1237878411843891200
1237879409744285696
1237879460088537088
1237879876624846848
1237879927510159360
1237879983797710848
1237880010708418560
1237880120771112961
1237880482794074114
1237881311018139649
1237881567550173186
1237881672130945027
1237886697662066691
1237889519422062593
1237890195074080769
1237895436100194311
1237896351297331205
1237897074206584839
1237903899065044995
1237911278447931392
1237919591730421760
1237926243531665410
1237954801440358406
1237978620108431361
1237981270539304961
1238001750625353728
1238003291017142275
1238007096156749824
1238011794620403712
1238028513518780417
1238029528561221632
1238053005754335235
1238059766561345537
1238067360856145920
1238075175142293506
1238261136086257665
1238296979387682823
1238432834462912512
##1236041549777166336##
1236041673945296897
1236041835405078528
1236041925716774913
1236042079823958017
1236042363778281473
1236043059084668928
1236043474069262338
1236043760099868672
1236043791687131136
1236043926534057984
1236045785151741953
1236046301806178305
1236046489748680704
1236226349951594497
1236236645063634944
##1240034684559437824##
1240036013109542913
##1238975033567043585##
1238976360862879752
1238983448410365954
1238991068126941185
1239021632934428672
1239245221147394048
1239311712349753349
1239502485234102274
##1233384142890467328##
1233384860494028801
##1233453501780496385##
1233460686904270858
##1233469469902635009##
1238565825688240129
##1233484875660963845##
1233490271171751937
##1233489254053031936##
1233524676267302914
1235355384967303171
##1244267028615180288##
1244290756766023683
##1247278973844930560##
1247298746934845440
1247457943219589120
##1249398357992312834##
1249398461713256448
1249398563722969093
1249399170630377473
1249412029410152448
##1234615189242359809##
1234616132180619266
1234781167066456064
##1234604394777366528##
1234604787028709376
##1237879231155040256##
1237879591705939968
1237880507238510594
##1238214575318843394##
1238214713814679555
1238215752160854019
1238393788604862465
##1238604517920423936##
1238604901229432833
1238607722188283905
1238613677814800385
##1233488174971793408##
1233492224752652292
##1238235304580046851##
1238237011535892480
