##1240595113518206976##
1240595411582271488
1240596233665871874
1240601407184687104
1240608488155312128
1240615501375647744
1241035842082217986
##1239649996783398915##
1239739748542889984
##1239650456181317632##
1239650525643264006
##1239255612279721986##
1239257809381974017
1239504009519665153
##1240584665414721537##
1240585241816948736
1240585776288747527
1240586060524146689
1240586215239438337
1240587174036324352
1240595850562281472
1240596220705464320
1240597135193714691
1240605018811703296
1240648686654435328
1241096138851332101
##1242572037996101635##
1242609049675485186
##1238919223927341057##
1238953027467444236
1238953292903964675
1238954008099917824
1239166359839391746
1239190623984508930
##1238970457153507329##
1238971186723332097
1238971515418402819
##1238971272257830914##
1238971597165408256
1238971737930452992
1238971927756181509
1238974088644825088
1238975831524999168
1239057181431025669
1239098179712356352
1239129088746536962
1239188705174306816
1239201014949052417
##1238972327683133440##
1238972540896370690
1238974053278535680
1238985378264211456
##1238972888935542791##
1238981025189048321
1238981444854308865
##1238974079606145024##
1238976846454239232
##1238974820618047488##
1238975209480347649
1238977654285623296
##1238975498061037568##
1238975763866664965
