##1234093291404173312##
1234095218837741568
##1243968371378528256##
1243978714922323969
1243985414018543617
1244125483115175937
##1243979922915373058##
1243980549703774208
1244000213171425281
##1233121514272239621##
1233122272925437954
##1234436005014523905##
1234449027233730561
1234449247573041153
1234449731839021057
1234472559686582275
##1234742806981283840##
1234745039504494593
1234908676294619136
##1234921568461033473##
1234950540645294082
##1234929055172091905##
1234929227595755525
1234931521267621889
1234961377749602314
##1237120725560983557##
1237120872667918336
1237120997284814849
1237121344061558784
1237121432276131846
1237121848179113986
1237122692060332032
1237124407576928256
1237126254018605058
1237132392135045121
1237143005968191490
1237177879471050754
1237219443614330881
##1233871646743613440##
1233872158679601153
1233874874495569920
1233874908402323457
1233874956217352192
1233880281616130051
1233994499552108544
##1233150584607379458##
1233203723691843587
1233205218688540672
1237631584745984000
##1237389022688768001##
1237393293211660289
1237393568844509193
