##1242158715131834371##
1242159061275152384
##1242230212965945345##
1242364951869771777
1242434384642412545
1242442197053714432
1242449476478029825
1242702158505676800
##1242399529732837376##
1242418953487446017
1242455891137437699
##1246563807125745671##
1246565126448316416
1246713413566431234
1246713775589396480
1246715584299126784
1246715723726061573
1246718625601523712
1246718727204339712
1246721191013949441
1246722688820957184
1246727838683860997
1246732280267235328
1246734177585770496
1246735189352554496
1246735410199494658
1246744872108908545
1246769665688449024
1246796105427410945
1246868896310800385
