##1247267837611094018##
1247268649771163650
1247269324034801668
1247269545540231173
1247269656341037056
1247270391028092933
1247271625860550664
1247278127388200960
1247278838008238086
1247279732175048705
1247284116212629505
1247389337915883521
##1248385200913911808##
1248385382871261190
1248385564597870594
1248386687358521347
1248386716274003968
1248387562579714049
1248387714631651329
1248387740359483393
1248388110141902851
1248391407959543815
1248399534041878531
1248406874388459527
1248417101439586304
1248448403387924482
1248470037515534336
1248489771317334018
1248538600209252355
1248564646065451008
##1245473168938197001##
1245520996263702528
##1245778324128968705##
1245779499729530882
1245784454859284480
1246802356513247232
##1245450586427994112##
1245604236215238656
1246015296533598208
1246801338085842944
##1247623865322389505##
1247626320395321350
1247628670312820737
1247650107501223937
1247656409539334144
##1245475092760604674##
1245475365063208961
1245475537109254145
1245476441392852994
1245477332279836672
1245546150297571328
1245547492428652544
1245557063750582277
1245591941875511299
1245623612725313538
1245657585216176128
1245673304721063936
1245684700275978245
1245710139795087360
1245755696139960321
1245773811817091072
1246802464323575808
##1247618291507564550##
1247638072579194882
