##1238970766105948165##
1239112489608065026
##1238970889162686464##
1238971150409007115
1238976640161439745
1239060091342671877
1239302663210176512
##1238974000715517955##
1238974048647942149
1238974135570771968
1238974378462728192
1238974394631938048
1238974394732613633
1238975060926509057
1238976205795332096
1238978784235261955
1238979168580308992
1238984859202334724
1238985227550232577
1238990095518248960
1239019150783254530
1239058559721144321
##1238977546382905346##
1238977781507264513
1238978012915404805
1238978680338161664
1238979036833099782
1238984144882933763
1238989006878146560
1238992574033080320
1239000415007584262
1239022846074126336
1239024948611514368
1239026353053347842
1239029204282458112
1239036966408200193
1239072056223858689
1239080028073340928
1239084998541676544
1239087708372455425
1239117728566390784
1239144393912786945
1239169890638090240
1239315182926598146
##1239215306389614594##
1239246513894764545
##1239295966831882240##
1239296074579415040
1239299285843357698
##1239337563015520256##
1239337832180854785
1239338345630765059
1239338964449931264
1239339826752688128
1239367892904423425
##1246574279015247872##
1246576026186141696
1246576418315800577
1246753965963980800
1246767298846830593
