##1238428942547156993##
1238429000751616004
1238429022926888960
1238429480714149888
1238429573181816838
1238429646154346496
1238429940875505666
1238430576698429443
1238431435192782849
1238433648984182785
1239127837904441345
##1238432258928848902##
1238432694796771328
1238433524048429059
1238454182505570304
1239371879552552960
1248274694899449858
##1236800616476934145##
1237306701600129025
##1236800685271900160##
1237306683124219907
##1232732619999150082##
1232803042707243009
##1232441173299494913##
1232441812691767296
1232443360775831552
1232462050275647488
1232475366112907265
1232555930660765697
1232567097793839106
1232579359258660864
1232621111772360706
1232703395221340161
1232707936025239552
1232716982732099584
1232744306001223681
1233232034308460544
1233346934485737472
1233721841216344065
1233723040191668225
##1232772019005087748##
1232772890241765378
1232773306773884933
##1233473247955558402##
1233473938786836485
##1232407414445629440##
1232408398785847296
##1236800727089131521##
1237306673561288705
##1236800766905659393##
1237306663843094537
##1236800804742406144##
1237306654833750017
##1236800842914824193##
1237306645509738497
##1236800879417753602##
1237306635997118464
##1236800924720541704##
1237306620507500545
##1238525233310699520##
1238525609057402881
1238525982195286018
1238526094262886401
1238526748649717760
1238526845848608768
1238528574124167172
1238529707160866816
1238530038095544320
1238530111055564800
1238531888651939842
1238532523048779776
1238537456280121346
1238558510004285445
1238579403044651008
1238581705604292613
1238582262683369472
1238627872228728834
1239134656819335169
1239136145214263296
1241599676501102592
##1238762599073931265##
1238780674611597313
1238831900896169994
1238849502154498048
##1239320092808286209##
1239320872172892160
1239320895459659777
1239321117543878656
1239321133331238913
1239322173782872065
1239322623911354372
1239323268450078720
1239325574495166465
1239331648333905920
1239334018698469378
1239340792763777024
1239358086642573312
1239369615337238530
1239378730197430272
1239415038609326081
1239546205107040256
1239549108198813697
1240629364745781248
##1239336677216305157##
1239339092820852741
1239341583725744128
1239344649275408386
1239348747995435010
1239351471893815296
