##1243497742594453505##
1243497811506798599
1243497837830320128
1243497946844467201
1243498250491002880
1243498830005444608
1243499022289117189
1243499274727456768
1243499601707048962
1243500094651072513
1243500280571932672
1243500350226804736
1243501375486603265
1243501825610985474
1243502244668084225
1243502725880520704
1243503696845115393
1243504787645255681
1243504788811255810
1243506303982604288
1243506399742767110
1243507764808294402
1243508150759759872
1243508821001146368
1243508999967969280
1243509063926853632
1243509196831821825
1243512675310723077
1243512796815527939
1243513729779630080
1243514145087066112
1243514471156453377
1243514813453606919
1243518792443068416
1243527298143354880
1243531806311362562
1243549305312608256
1243558488963457025
1243561641159122946
1243562611922423815
1243601286399848448
1243603515458629638
1243617504574005253
1243641960608477186
1243656805382787074
##1243501514632593409##
1243502638102167554
1243509258542444544
1243516690740187142
##1243546334654857217##
1243547871183503363
1243552262783479809
##1243668248022794240##
1243671473841209345
1243672240874553344
##1243679343349346304##
1243679694509178880
1243679846041112577
1243680924006526978
1243683474466377728
1243686296817631232
1243698009680068609
1243720805151920128
##1247164157067063296##
1247175400700227584
##1247263173645864963##
1247722633426280448
##1237520681987948544##
1237546485350141952
##1243499617007910913##
1243501482298740736
##1243510832140615681##
1243524953187680257
##1243635729592352770##
1243636279985790977
##1243950305517207552##
1243952350626275329
##1243497487891128320##
1243498543295483904
1243512075449745409
1243925144546009089
##1243497717852241920##
1243498129799905281
1243531645338226690
##1243497908453937152##
1243500348284731393
##1243498443206807553##
1243498591202803712
1243499676646727681
##1243500171301990401##
1243501023672573957
1243501687190556674
1243502077617340419
1243503342363512833
1243503746426044417
1243505698203459584
1243505921696960514
1243512269272764417
1243512702531706880
1243512984644747264
1243521397504311301
1243550374306418689
1243565487327522819
1243625368805953538
##1243500381331652609##
1243502337777377280
##1243503192899563523##
1243507733623705602
1243507737583071235
1243507741332733952
1243507770176999429
1243507817253875713
1243507872216035328
1243507895658074114
1243507939534688256
1243507970111156225
1243507980189958145
1243508012393926657
1243508640692285440
1243509547626528773
1243510127879225344
1243510152076156930
1243510245403635712
1243510435321651203
1243510728004378624
1243510765354614786
1243516298409189379
##1243507959155621888##
1243527988748189696
1243592738555248641
##1243509862081933313##
1243510416111800322
1243525277923319810
##1243515672715497476##
1243516193207734275
1243516777193263108
1243521350855208960
1243537860059332615
##1243553362903261189##
1243553647285370893
##1243617065279332355##
1243617277548933122
1243617403893952515
1243617430573850627
1243617478326042625
1243617531581149186
1243617901946511360
1243618044166971393
1243618060570898433
1243618842548543488
1243620263750701056
1243620578214494213
1243627099979735040
1243627212613484544
1243629660912656384
1243634777351225345
1243635185247289345
1243639265747185665
1243640119736913921
1243646192564781065
1243647456535068673
1243670547982176256
1243683286418886658
1243703673320099841
1243711911092539392
1243733845062627328
1243734622422392833
##1243619599364632578##
1243620833811222529
##1243640228776161289##
1243655363687260160
1243784605574074374
##1243657280832200706##
1243674380577779712
1243682851998097411
1243734354427330564
1243776516707823616
1243860897027821570
1243880659610935296
##1243667416338632705##
1243668653150744578
1243803004169568256
##1244341255334756358##
1244417419743047681
##1247105821709828099##
1247106460007436288
1247107327024562176
1247107510135336962
1247108211410436097
1247115505682579456
1247116095321931776
1247131976039043072
1247135797079429122
1247147750153748480
1247196792309063680
1247216951925096454
1247248226698264577
1247268933889077249
1247272130762473476
1255670104366473222
##1247873204678545411##
1247873385696239616
1247886543210999813
##1248339761078689793##
1248340263329726471
1248379976119758852
##1249394247133954049##
1249394583995387904
##1255922107793526784##
1255922665757474819
1255924313389240321
1255925026215378944
1255939457775292419
1255966569768812546
1256022270490947584
1256065511219171328
##1237518977015799809##
1237519092317331456
1237519171719589888
1237519197153853440
1237519305501110274
1237519882834579457
1237520074094698497
1237520319365046273
1237521088004804608
1237521775879008258
1237521838386720769
1237522298875211776
1237526348651827200
1237529139369742336
1237537613042483200
1237556461644857344
1237564905177284608
1237567245959614464
1237569171149303808
1237614741108989953
1237617979694735360
1237620963010924544
1237621678831816704
1237736236124602368
1237768815804583936
1237832150759727104
##1237521378011746305##
1237522636055470080
1237541096705540096
1237603781988061185
1237608221184933888
##1237524775091625985##
1237528574321553409
##1237526825519034368##
1237530689890701313
1237562610851049477
1237577343142465536
1237585085408276480
1237604342879801345
1237627274318536704
1237675764780355584
1237677745280344065
1237697419028189184
1237714898546765826
1237740218137972738
1237767475653218304
1237802384103006213
1237802820474191872
1237962590506139649
1242766068097130496
1242767771156516864
1242771613227122690
