##1234180553760530436##
1234251985295216640
##1234180645624176642##
1234556019461754880
##1235518893684334593##
1235518939850997761
1235518965138501632
1235518978937835522
1235518979894120449
1235518981030793216
1235518981328367618
1235518985002799104
1235518987414441984
1235519002689933314
1235519037402120195
1235519048227659778
1235519057425821696
1235519086236442624
1235519125260247040
1235519133623566337
1235519148693876736
1235519193363214336
1235519274606829568
1235519277261824007
1235519287793770496
1235519298434551810
1235519396166209536
1235519403623682048
1235519446522966017
1235519461962072064
1235519518686023681
1235519575078211585
1235519585266413570
1235519680506363904
1235519688949534720
1235519717143654401
1235519742028414976
1235519919086764032
1235519923792809989
1235519980940283904
1235520009641897984
1235520072946520064
1235520074494210049
1235520111060148224
1235520188692549633
1235520220220936192
1235520267834642432
1235520285505282048
1235520298885103616
1235520331332423683
1235520435841835009
1235520563591987200
1235520656483201026
1235520683288989700
1235520697646166016
1235520777920761856
1235520818542571520
1235520853149986816
1235520893591457792
1235521229349584896
1235521244495216640
1235521291089780736
1235521366352220161
1235521391245615104
1235521478029803521
1235521478235484161
1235521573609705476
1235521783895404544
1235521799577796613
1235521857547165697
1235521874983075847
1235521971510788096
1235522039391416320
1235522225316302848
1235522342023020549
1235522591084830723
1235522611217453058
1235522849495855104
1235522864025042949
1235523093780664320
1235523138097725441
1235523165423452160
1235523166660898817
1235523188332924928
1235523227415457793
1235523407640498176
1235523435381612544
1235523536875380736
1235523656937140224
1235524054972428288
1235524079802871808
1235524133393272833
1235524390189707264
1235524476848177152
1235524833506516993
1235524842696462336
1235525122837991427
1235525153053986816
1235525305206439936
1235525338702270465
1235525438065315840
1235525648573136896
1235526264703930370
1235526546527522817
1235526729587884037
1235527047809830912
1235527175635427333
1235527674585419777
1235527679690117120
1235527682420547584
1235527760745050114
1235527868458790912
1235527908380119040
1235528006581415943
1235528160533532674
1235528531855265792
1235529021464731648
1235529096505053184
1235529284669845505
1235529488991236096
1235530025799213057
1235530211191672834
1235530549755875328
1235530934662959105
1235531819698790401
1235532120854011905
1235532135014031362
1235532981894369281
1235533435848056832
1235533668552192003
1235533973830369280
1235534775621791746
1235536420598620160
1235536541247852544
1235537067792359425
1235537363171971072
1235537785651687425
1235538145074180098
1235538882105573377
1235539486596927488
1235539537314615296
1235541865702871041
1235541970019397633
1235543441599115264
1235543586222964737
1235543697477038080
1235548039030296577
1235549012343885826
1235549063526957057
1235549250336911367
1235551935475970049
1235552269564874753
1235553438408355840
1235555471244890112
1235556510048141314
1235556942950666241
1235557480115167232
1235557491351728128
1235557675703951360
1235558571867287553
1235558626967855104
1235558640423178242
1235559090035634178
1235559598897213443
1235559658795995138
1235559727062331392
1235559805374402563
1235559899066552323
1235560029341782019
1235560089827844096
1235560551994060800
1235561571641962496
1235562057312931841
1235562523820253186
1235563179406553088
1235564164015243265
1235565460944379905
1235566400644751368
1235567206337048576
1235568465248911361
1235570675689152512
1235571004094566401
1235573025245982722
1235575420352782336
1235576639783919616
1235579258958786560
1235579832542605313
1235580878723538946
1235583994105823232
1235587413541416961
1235588795535429633
1235591303200636931
1235591896254291975
1235594644727177217
1235594897132052485
1235595353174552576
1235595649724235776
1235596280866516994
1235598463435296768
1235600268068155393
1235603767967571968
1235607124710952961
1235610372628975616
1235613572287340544
1235615465386528770
1235625404402225155
1235627471959031808
1235627810741514240
1235629583912878080
1235631016557137922
1235642084847042560
1235643960934031360
1235650845515137025
1235672569472258048
1235673060260233217
1235676722374340608
1235690186916483074
1235695509064433664
1235703488811687940
1235713074574876674
1235721692334391296
1235722278215667712
1235724121536966656
1235739904430100480
1235751103284891648
1235820456172642306
1235834050008371201
1235857982535032832
1235875767915028482
1235887286509858816
1235903921912193024
1235909598567112705
1235909873625436162
1235921779287302144
1235927491522564096
1235938595296415744
1235956626257063936
1235956679923163138
1235956705474772993
1235956857312772097
1235957010765697025
1235957195298279424
1235957196669804544
1235957224494821378
1235957392044589057
1235957584852643840
1235957611276767234
1235957677739700224
1235957877954707456
1235957927539806216
1235958145505255431
1235958697668628481
1235959524974043137
1235960006832463872
1235961059917389824
1235962372747071490
1235963140816474112
1235968439136800775
1235969049823191043
1235969262826786816
1235969917440200704
1235969950310858755
1235972608681746432
1235975472355389440
1235977148000874497
1235981378505920512
1235993155058700295
1235993925707497472
1235995532419530753
1235998502544642049
1236000704176812036
1236003638696390659
1236008125792124930
1236008546048839682
1236011612353552384
1236012952458850305
1236015459381714945
1236025442185949184
1236030495890300929
1236039577116332038
1236039720867704839
1236039862081523713
1236040003396022272
1236040064679006210
1236040201329311758
1236040247055650821
1236041293601607680
1236043183265656834
1236043828584423424
1236044495608860672
1236046205127405575
1236046327529779200
1236049741768790018
1236051536125612038
1236067334437171200
1236083946959654915
1236168657547546624
1236194563112480768
1236218697863360512
1236228817011830784
1236229908034129920
1236246774446202881
1236246875591897094
1236251649905250306
1236256639017197569
1236258979770249217
1236263414865047554
1236285727467614209
1236287718352654336
1236319469670203392
1236335180446674944
1236341295351836673
1236382101089460231
1236390187279753221
1236396156831350785
1236553222900387840
1236599099157291008
1236613253515665411
1236613261929385984
1236613447879720968
1236613468146618368
1236613608525762560
1236613790529134592
1236613827267043338
1236613932602798081
1236613947589091329
1236614219061252096
1236614310241206272
1236614783920746497
1236616028345507841
1236616270826569729
1236616621348790272
1236618462958702592
1236618566352482305
1236622380648345600
1236623257937346560
1236623460023091200
1236625246897278979
1236631865295024128
1236641188855382023
1236642518969847808
1236646853502013441
1236648323324547072
1236652737242243072
1236707500105359360
1236721321771499520
1236734724527263750
1236738097771089921
1236742205819301890
1236757050211909632
1236764312552665089
1236787884918784005
1236790939416485890
1236815537814016001
1236879863040159744
1236940338671038464
1237004011112484872
1237009423224242182
1237125547026776066
1237213291572875264
1237337208408940546
1237564520249192448
1237597254224990213
1238036026985250817
1238091413658746880
1239500875388813312
1240269327443595270
1241938115150913541
1242273303269642241
1243090821597069312
1243586349187424261
1243631204588498945
1244773313345454081
1248022061248925698
1248540177867341824
##1236055328258736130##
1236056417343279106
1236261261895241729
##1235270368685850625##
1235271501005426688
1235272533223641093
1235272847955644416
1235278514984808449
1235280131297603584
1235313682860646401
1235332485879410689
1235332495735955462
1235392451579219968
##1235473337360539649##
1235474290927194112
1235485966741024768
1235503970954760192
1235544391126667267
1235560585187569666
1235576564756213760
1235578151524167685
1235596124670615552
1235608356477272064
1235610908686200832
1235613954988273665
1235624201509384192
1235896134536777728
1235960197417324545
1236451361631469569
##1235509361860018176##
1235509954045521925
1235510035146575876
1235994870373900288
##1235647890200068096##
1235649670166134786
1235721432673292289
1235793777148792834
1235829953611980801
1235849068078706689
1236261410637844482
1236372143564349441
##1237052666347433985##
1237058491254259714
1237087787201048576
1237104761687674882
##1234178785806888961##
1234179436322447362
##1235228053271388160##
1235233324232306688
##1235419776488534016##
1235451695167135745
1235502195002544130
1235505766720815104
1236735322823757825
##1235523259057217537##
1235526701003812864
1235549111052570625
1235595454269751296
##1235657279690727425##
1235671558041071619
1235673354159484938
1235677457841352717
1235801554130587650
1235807561892294656
1235808232322371589
1236016337484484610
1237946140911448066
##1236717836170661890##
1236718674905628673
##1234177199680499712##
1234177455679770629
1234177602266501121
1234177691034804225
1234177942365843462
1234178299980587008
1234179015319179264
1234179106125893632
1234179506887413764
1234180413687504898
1234180573641551873
1234180928022437888
1234181391446790145
1234183696787410947
1234184984409321472
1234190623701377026
1234191588777132043
1234195042555875330
1234198614060273667
1234198697443053570
1234199297597505539
1234202574179459072
1234210294043480064
1234210770126299137
1234212572682956801
1234213045586415616
1234219741331456002
1234220371450220544
1234226578508460033
1234237674862645248
1234239438131277824
1234241917615067136
1234242049672712193
1234247162227281925
1234249818672975873
1234252236756267008
1234252974475677696
1234273820292374528
1234276349696561157
1234278016248950784
1234283020124856323
1234306343680585729
1234360813340758017
1234363765510021122
1234376461865422848
1234431378336468992
1234438593659232256
1234479258040520709
1234484285593260033
1234515866634670080
1234526589695799296
1234555308611194886
1235145610182955010
##1234183650813583360##
1234184300561604608
1234186435705659392
1234188460875010048
1234189200464977921
1234216279118155782
1234251747486502912
1234314257380052992
##1234186944353054720##
1234188184038277121
1234190558479998976
1234268532206186497
##1234207419250749440##
1234207901717319682
1236000449477726208
1236115376250986496
1236322986539573250
1236327011653750784
1236393633319981060
##1234334194979004417##
1234334782638698498
1234340742996168704
1234351295785467906
1234353262771482626
1234363301238366209
1234366452121161728
1234366873875165185
1234367340831281153
1234367355460947968
1234377654096289797
1234379173386424320
1234387458638438402
1234389217284849666
1234390982105407488
1234405574550458370
1234427886913884160
1234435376946843648
1234436756302368775
1234439525402906624
1234460905183858689
1234462218001035266
1234468495213187072
1234494204061069312
1234498165811949569
1234545109825290240
1234568929101656064
1234578551095136257
1234612855468625922
1234615260323221507
1235341009774665729
1235626105232650240
1236687931802296320
##1234798298235453441##
1234798542578954240
1234798677887258625
1234798729347158016
1234799160047685633
1234799691885187072
1234801370152284160
1234801689728897026
1234802008651116550
1234802032055373824
1234802580620021766
1234805302295486465
1234809179300401153
1234810080111054848
1234810675895132161
1234814558000250882
1234815059148378112
1234822474128351233
1234823351522058242
1234850542700109832
1234893798880301057
1234941588381556741
1234944549480542209
1234957840156168192
1235024420176973824
1235095487973228545
1235105815469715457
##1235286946907394049##
1235287566578053120
1235289453381521408
