##1234882792334512129##
1234882822801936386
1234898982247239680
##1237714719361859585##
1237714867534139393
1237718176454017024
1237720746383880193
1237721905479716865
1237726023384473600
1237726222580400129
1237729938456875009
1237746952227491840
1237747289139154945
1237760026049208327
1237761996717776897
1237768498228670464
1237774667580157953
1237776725515345922
1237852569927430146
##1234106062221041669##
1234106329821827073
1234106378643525632
1234106798216491008
1234108965098840065
1234109988647424001
1234127825722056704
1234167033178263553
1234207208851767297
1234248007492800518
1234479072044093440
1234479179728670721
1234479445177765888
##1234147223547588608##
1234152406721716226
1234244803212259328
##1234175359198879748##
1234175437137498114
1234176117726236674
1234176590306795520
1234176771748192257
1234177904759709696
1234184201446006785
##1234201219104636930##
1234232599259832321
1234389460764299265
##1234438106914443265##
1234439573805072384
1237982955798237184
##1235709264099975168##
1235887374367891456
##1236688542136504327##
1236783995314110464
##1236733323436789765##
1236734694739390468
1236737694643957767
##1237809911502954496##
1237810043258626049
1237815507908165632
1237818674192486402
1237972583422791680
##1237841600807501831##
1237842016932753408
1237845107576954882
##1237785717302059008##
1237787131235504130
1237959646817800194
1237962688304742406
1237963545112915969
##1237798138594934785##
1237798289925431296
1237798385673003009
1237798569291272193
1237798678053650433
1237798727823372290
1237798740687273989
1237798815886868483
1237798834371268608
1237798886158237704
1237798937538564097
1237799014566957056
1237799046808571911
1237799129604030464
1237799312148627456
1237799360584454144
1237799388522651653
1237799403169222660
1237799403316011008
1237799427139670017
1237799430478315527
1237799461713215490
1237799482248568832
1237799533775597568
1237799619259760651
1237799660091293697
1237799821777436676
1237799978388635650
1237800024819597312
1237800049565990912
1237800182986813440
1237800197574590466
1237800640614670336
1237801063945777153
1237801110204821505
1237801154463006720
1237801197358198784
1237801467379097600
1237801780647526400
1237801881679925254
1237802052593606656
1237802182684086274
1237802194373611520
1237802368139436032
1237802491661750280
1237802583969980422
1237802881052561411
1237802952078827524
1237802969967595523
1237803607044620290
1237803804264931330
1237804020082900993
1237804152169914368
1237804402481811457
1237804454923186182
1237804459448827904
1237804504063639553
1237804762587967494
1237804836155994112
1237804858079674368
1237805289161854976
1237805643039375360
1237805681157300225
1237806395870916609
1237806482214866944
1237806596316631046
1237807026862010368
1237807041495928833
1237807243808116736
1237807519919112199
1237807593160085506
1237807603155165185
1237808355676209153
1237808897810927617
1237808904177942528
1237809087376691201
1237809119127580672
1237809133518192640
1237809219933478913
1237809250619064321
1237809516022038534
1237809537052180481
1237809768741441537
1237810143896756224
1237810216961441793
1237810473015312384
1237811464490102788
1237811843927805954
1237811962337165314
1237812133141897217
1237813011190026243
1237813340589699072
1237814250028007424
1237814783333761024
1237815395756789763
1237816234600734720
1237816641918054401
1237816947477184512
1237816964875198464
1237817018897793032
1237817827178024961
1237818925775192065
1237819930764087296
1237820330716119041
1237820591102705666
1237821202019868673
1237821778770251777
1237823581037498368
1237824232882671619
1237824334535819264
1237824511854215168
1237824882211205126
1237825008279355393
1237825422739603464
1237826408296087553
1237828137045671939
1237828794351788039
1237828968436375555
1237829072199258115
1237829123667566595
1237829405629710338
1237831180424273924
1237831709762236417
1237832089527111680
1237832091355811843
1237834069095915520
1237837231450132483
1237839386982494209
1237839818425421827
1237840249037848577
1237841055971606529
1237842008871284737
1237844494491348992
1237844599948763138
1237846375225675778
1237847533658894339
1237848246568935424
1237849021898604549
1237849461872676871
1237850563145957378
1237851300965969926
1237854025741025280
1237854574922223618
1237854636083535878
1237855280802615296
1237860691555450880
1237862130998587395
1237862340722216960
1237862923310993410
1237863273992572931
1237863454150545417
1237865233487507457
1237867273399853057
1237874662484271106
1237876170747609091
1237876403812438016
1237879040540684301
1237879693589667841
1237881569240444928
1237883057660727296
1237889548786360320
1237891590644883457
1237892565023637513
1237902433596198916
1237905385991868421
1237909153475108864
1237917056315658242
1237921290121621508
1237923650818519041
1237923726651527175
1237923888841003010
1237942976942428160
1237946262256783360
1237951014218731522
1237955308628180997
1237959128309522432
1237960045465387008
1237960936838893568
1237961238803603458
1237966866104160257
1237988393772089345
1237988957184548864
1238007117824569344
1238016975219146752
1238023297754976257
1238035895019884546
1238054051469803520
1238057403163258880
1238058508307894273
1238069239975751680
1238072974323965953
1238095124627959809
1238096746460446721
1238098794283184129
1238102465301688322
1238116089193775106
1238118729550106625
1238120436967317504
1238120937767174145
1238122637936807940
1238122886537400320
1238123174686003200
1238138421664780288
1238142771753562113
1238166417146601472
1238181006064091136
1238225828883955712
1238244975558692867
1238259381730521092
1238320906323329026
1238406804524208133
1238430135956709376
1238496965945688065
1239118590164557824
1239119163572080648
1239221344077860865
1240318769538437120
1240444006565400582
##1232592216633282560##
1232593479739396096
