##1238952694649364481##
1238961535696994305
1238961916527116290
1239051374488440832
##1239694537037090827##
1242195021438337026
##1238973672787972101##
1238974674949804037
##1238959556551729152##
1238960481882300417
1238961036000198656
1239170786348412928
1239225919430107139
##1238977850801340422##
1240088317443670022
##1239235158764597249##
1239236158141476864
1239236259744284675
1239239617225936897
1239243702008242176
##1239279224575401990##
1239279980477067266
1239280243522887680
1239281443588751362
1239282903495913477
