##1233449183148990464##
1233453572047589376
1233485768636719104
1233516729042644995
1233516875411316736
1233517370259464192
1233519554741100546
##1233822298878173191##
1233854217183547395
##1233119616085393410##
1233275400102535169
##1234628057836793863##
1234702693450555392
1234860992691085313
##1234628605990359041##
1234828088669806593
1234839455514669058
1234852703521640448
1234888775370715136
##1248027239477846024##
1248027323795943424
1248027400455282688
1248027418939609090
1248027451697086472
1248027482562969605
1248027538825363464
1248027627396497410
1248027638930837505
1248027662523736070
1248027672229416963
1248027675748446209
1248027684950638593
1248027699899240451
1248027764336312321
1248027795273506816
1248027817264250888
1248027853746311169
1248027863376330754
1248028215811203073
1248028390650765312
1248028530706919425
1248028609908006919
1248028740464017409
1248028916931006466
1248028986753585154
1248029020614246403
1248029244820774912
1248029311183081472
1248029575520583681
1248029725144035330
1248030053046390784
1248030077310435328
1248030307305086976
1248030345150312448
1248030616358174725
1248030833954430991
1248030862001819648
1248030973603823617
1248031257331728385
1248031402840526849
1248031500223885324
1248031664401518594
1248031740947509251
1248032334856716288
1248032649563770882
1248032713392762881
1248032911992983553
1248033197734219777
1248033200460517376
1248033230709829639
1248033329632460805
1248033431663099904
1248033832055574531
1248034687660015616
1248034725136150529
1248034773328592897
1248034862516371457
1248034951758589959
1248035141873807361
1248035334509731845
1248035336426487808
1248035677515714561
1248035726991732739
1248036115371765763
1248036213992435714
1248036790742790147
1248036894862172175
1248037034041708544
1248037120305963020
1248037301780971525
1248037362761949185
1248037375588122624
1248037607776423947
1248037683332550658
1248038292458803201
1248038597007212544
1248039068950298626
1248039156871290880
1248039427357753345
1248039992829652992
1248040106478505989
1248040241409261569
1248040248845783040
1248040464286208002
1248040912963473416
1248041272927047681
1248041282796167173
1248041322998566912
1248041327008366597
1248041343865192451
1248042121828892673
1248042605402882054
1248042864422068225
1248042963948703745
1248043317574742032
1248043966223855616
1248044303219412992
1248044685299507201
1248044813217226754
1248045512135229441
1248045524156022784
1248045821377105921
1248045863022321669
1248046536166117377
1248047598411358208
1248047790615400448
1248048469002145793
1248048483455700993
1248050998767169537
1248051477714735104
1248052573745164288
1248052678250434563
1248052891723673603
1248052996317089795
1248053310843752448
1248053566713069570
1248053870858821634
1248054208605097984
1248054297071366146
1248054462142459905
1248054848291045386
1248057223458238464
1248058009856638976
1248059038081994754
1248059251072909312
1248059477011693570
1248060059168444419
1248060530516000770
1248060932812492800
1248061051364573187
1248061156167737344
1248061683005874176
1248062650900189185
1248063558694436864
1248063636465225729
1248064244635127813
1248064440005799937
1248065557422903296
1248065776432660491
1248065919198400513
1248066032838881280
1248066123498696715
1248067517173678080
1248067592717316101
1248067705611137025
1248069051068354560
1248069149588443136
1248069491604545536
1248070143554588674
1248071286573629442
1248071364474478593
1248071949584130053
1248072564750114816
1248073676437762049
1248073778518806530
1248074057012084737
1248075384966520833
1248076272124780544
1248076459752804352
1248076718994337793
1248077454465470464
1248078424914231297
1248079877711986688
1248080343808323584
1248080503984590849
1248080715771772928
1248081317729886209
1248081330748960769
1248082029192916992
1248083171876487168
1248083986959806464
1248085281124868097
1248085624076279810
1248085629692448768
1248086869058957313
1248086937602228224
1248086953834184705
1248087795391819776
1248087867592753152
1248090058088943616
1248091372416045056
1248092944030203905
1248094461114155015
1248094647945244676
1248094837460656130
1248095159532822536
1248095850968031237
1248096142916714497
1248096250353856513
1248096711962243072
1248097547404685318
1248098061626327041
1248099273809498112
1248099291983417345
1248100447279353856
1248102180575379456
1248103077607018496
1248104348724363266
1248106208466264064
1248107109599907840
1248108101636587521
1248112198838345730
1248112894455304192
1248113665796198400
1248113702685093889
1248113734813249537
1248114234665377792
1248114695023755264
1248115387591544834
1248115394826641408
1248115578935615488
1248115685840035840
1248115768497143809
1248115918405881863
1248116750861905927
1248117157654904833
1248117460118765570
1248119121784516608
1248122567208157184
1248123689578704896
1248123985793093633
1248124385204097024
1248125288602574848
1248126559225090049
1248128749243109376
1248129088969195520
1248129132497711104
1248129921983053825
1248131061353189376
1248135884362432513
1248136164546150400
1248140111025487873
1248141224789389312
1248141652474150912
1248141963825684480
1248142219833458688
1248143089463693313
1248144518798544897
1248145570985914370
1248145952088772609
1248145973152448512
1248146181928222720
1248147244756459520
1248149663183769601
1248150156501028866
1248150931922919424
1248151358051463169
1248153114282274817
1248154125763829760
1248154282106540032
1248154320257929216
1248154443989860353
1248156804728619009
1248157449808478208
1248157526954213376
1248159123620978688
1248160210063155200
1248166323441610752
1248166910212087808
1248167447364079616
1248168902762409985
1248170304972742657
1248170794145976320
1248172834670743552
1248173742062264320
1248174797848227842
1248175981648625666
1248176548286550016
1248176682550333441
1248177201608081408
1248179332541026304
1248179687488131072
1248181637915054080
1248182597831790593
1248183318849507329
1248184115360337921
1248184143588065280
1248185638807011330
1248185850476855296
1248186813317107714
1248187493289209856
1248187802631766018
1248188493735628801
1248191590331531264
1248192801092894720
1248193659863998464
1248195269449089025
1248197095984685057
1248197648894562304
1248197840586883072
1248201023530905600
1248204860065021952
1248205523071139840
1248205668986900481
1248208571499794434
1248208674264358912
1248211988146270214
1248213225604362240
1248213465342369793
1248213854817005569
1248214752561692673
1248216441037434881
1248217002608594944
1248217150646607877
1248218417632600064
1248219347740512256
1248219720995700736
1248225009069424640
1248226613726269440
1248230752116002817
1248232568866000897
1248234629167022082
1248236895328444416
1248241815897214976
1248243958683222018
1248245047365001217
1248245047583113219
1248247158987321344
1248249164925792256
1248249849192968193
1248252509250097152
1248253064336879621
1248253486577463302
1248257511297351680
1248259794974244871
1248261215245209600
1248262446311190529
1248264130475241473
1248264422692454401
1248265603632242690
1248266683090972675
1248268640589316096
1248273931892555776
1248275900359196672
1248277778409160706
1248280991719972865
1248281077342507009
1248282197859147784
1248282425018519552
1248282747724075009
1248282916469301250
1248282976246521856
1248286876383039495
1248288110473023493
1248292274401947648
1248299602694017037
1248304661993570304
1248304823004430342
1248312975712280582
1248315645671944194
1248316829321367552
1248319328627429378
1248321148791803905
1248335285068447745
1248336792002191360
1248340601814351872
1248346708284772353
1248351941996011521
1248362100138946562
1248367467661058048
1248380154981707786
1248383587717500930
1248432615402516480
1248466144874225664
1248481661181775872
1248509576007372803
1248536010948063232
1248551113600753664
1248592495107342342
1248599680243634177
1248611163958468609
1248968424195264512
1249024981448699914
1249260706119192576
##1249075821039497216##
1249090661489487873
1249101524254392320
1249293887274979333
1249304511891542017
1249714480214310914
##1252728474239975424##
1252731225330143232
1252753563920535553
##1253034800438546432##
1253034866733654019
##1253039555768451078##
1253039750040244225
1253041555553816581
1253048348921257986
1253048690153062402
1253057304905342977
1253078495577681920
1253081769173270533
1253275899945988097
1253545659002691584
##1253307890129162241##
1253308025470844929
1253308085382393856
1253308132819959808
1253308203288408065
1253308281776476161
1253308293201739777
1253308307454005248
1253308319869132800
1253308365981265922
1253308555907776514
1253308786393198594
1253308831930646529
1253308898645348352
1253308980169969674
1253309067034079235
1253309410274947079
1253309469972455424
1253309672423141378
1253309710557732865
1253309925406711808
1253310090880442369
1253310229791543299
1253310247558668289
1253310686639337472
1253310960686809089
1253310962922332162
1253310967452176384
1253311192229122049
1253311221685723136
1253311249376559104
1253311311859064838
1253311418230886401
1253311421540118528
1253311779201040384
1253312009296322565
1253312018846830592
1253312127709974530
1253312179786448896
1253312409575579649
1253312573014970371
1253312927756627969
1253313540020150273
1253313579765215237
1253313607724654597
1253313765606645761
1253313897261608960
1253314244570787847
1253314266033258496
1253314403266592770
1253314661396762626
1253315417218715653
1253315534134919168
1253315666607775745
1253315812380811265
1253315884648738821
1253315951526924289
1253316281161314304
1253316363864555523
1253316469108195330
1253317766037114881
1253318050171875329
1253318440997187588
1253318518356860934
1253318675077066752
1253318741837795334
1253318926273900544
1253319072206319620
1253319138446938114
1253319395784433664
1253319647606108161
1253319704606736387
1253319770822213633
1253319965895061506
1253320055103709186
1253320109269094401
1253320307978330112
1253320434138836992
1253321291450380291
1253321739242635264
1253323615849738250
1253324111142510592
1253324436427567107
1253324968806330369
1253325402308665346
1253326267480334337
1253326894562336770
1253327046123479041
1253327575121670152
1253328295032000512
1253328357367771136
1253329213135839242
1253329653449687044
1253330635906662401
1253332400890732546
1253332418003529728
1253333277634514950
1253333702886604803
1253333873712234496
1253333901256220673
1253334540765937665
1253335671487356934
1253335808330698752
1253336042838474752
1253336051852046336
1253336213827641346
1253337157923532800
1253338284794642433
1253339559170994184
1253341129682022403
1253341518133411841
1253342104618586113
1253342168371982338
1253342417790566400
1253343520842285057
1253344342711963655
1253344770002468866
1253345869098881032
1253346317746790409
1253346386688557058
1253347453618860034
1253348179078270976
1253348574160654338
1253348622957187072
1253348695451602949
1253351052356866051
1253351079737245696
1253351681573752835
1253352012382711809
1253352326192156673
1253352750362099719
1253353124972179461
1253353448533352453
1253354331186872325
1253354439399936005
1253355150720335878
1253356606349291524
1253356661676355586
1253356981840207872
1253357133854359552
1253357782969057280
1253357991224586241
1253358221852577794
1253358228727046148
1253358289980723201
1253359301864951809
1253360342056480770
1253360406501916678
1253361164546867206
1253363327360806916
1253363673252466688
1253365150180167680
1253365244212195330
1253368869969936386
1253373021299118080
1253373217642885126
1253374386800922634
1253382818538893312
1253383064308326401
1253386120827715587
1253388135507034114
1253390270516920327
1253393327879151616
1253395886786449410
1253395975856697349
1253402738823577601
1253405632524247040
1253405728037052417
1253407776866398209
1253408711315349504
1253413862247772162
1253416153596059649
1253418914303733764
1253420710736740352
1253423125867270144
1253424344505610243
1253424349719060494
1253425322663395330
1253426445298225153
1253430709697437697
1253430807328288771
1253438296304345088
1253443810811658240
1253448732017938433
1253450395571097600
1253456939796893697
1253457972229025798
1253458681355788290
1253458919227379712
1253459314418896899
1253465924235075591
1253466609886396418
1253471798076805122
1253472500815626246
1253477761710252032
1253489950936518656
1253491339272036352
1253501994578386946
1253506963247374338
1253509691428257797
1253510837333041153
1253511101863604224
1253514458107969538
1253514571433869312
1253536556259966976
1253553773605081088
1253557317867655170
1253559188892135424
1253560718055653378
1253576601410908160
1253576765857050626
1253579592926990336
1253583259449077760
1253585639125274626
1253591623142903809
1253594688323452930
1253598375120973825
1253601428406448128
1253625965122596864
1253631150490255361
1253632453203410944
1253633983335870465
1253636929746239488
1253638186791849984
1253640996124078081
1253700762640822276
1253732331615072258
1253750472235798528
1253810889045815296
1253815604450136065
1253829359443628033
1253872234143375360
1253883579555360769
1254320684291022855
1254487450849771520
1262477505493184512
##1253419044482379777##
1253425602826137602
1254090052315078656
##1253648090562801665##
1253648232208621568
1253648324881780737
1253648630688485378
1253648763186544640
1253649092200275968
1253650341347852288
1253651011857776641
1253651441069232129
1253653242275418112
1253654050362490880
1253656424850358272
1253660848461164544
1253661072323678208
1253716518103285760
1253735806545657856
1253777090140405760
1253777929433223168
1253798415676387342
1253825807493054467
1253846102723440640
1253850937178931201
1253939493650006016
1253999743082078209
1254139987236438017
##1255452058817302534##
1255480288060354564
##1247632446960676865##
1247633474443501569
1247634632734126083
1247638056083107843
1247641940197343235
1247643515439505408
1247675887363018752
1247689194245361666
1248006252396830720
1248541103315464192
1248752879256702979
##1249287913629716482##
1249298193445269505
1249321353406287874
1249321829392683008
##1251596365718847488##
1251596449084833792
1251596470555418626
1251596862638997504
1251596866023718921
1251597212708151299
1251597451527696384
1251597677743214596
1251598731373314061
1251599343104036869
1251599749876273152
1251601626584035340
1251605074415099904
1251609830688784391
1251613498070700035
1251716625419718658
1251804531005980672
1251955498112495617
##1252990548350099456##
1252991103080509441
1253019975838769152
##1253033327734341632##
1253033458286411776
1253034033354702848
##1253061086645018626##
1253062076362297345
1253063014342897665
1253070437883547648
1253085240807108609
##1253410964730331137##
1253412333767946243
1253450401677897728
1253561105584140288
1253614361702215680
1253617008249311235
##1232008961764864005##
1232009092606107648
1232010923142979585
1232011019884482560
1232011958762852357
1232023927368671232
1232026837691310080
1232043800710787072
1232093145220907008
1232162940834500609
1232313980183433218
1232315412047638528
1232343311181942784
1232518214497832965
##1233506457049608198##
1233507370317291522
1233508090248617986
1233510559036907528
1233511645932113921
1233628649712021504
1233753227746631680
##1233110833170976769##
1233112533680128006
1233113205393776640
1233118375074816007
##1233467202701086721##
1233477140051525632
##1233515648501927936##
1233531098652708866
1234429890969133061
##1233521669169405953##
1233521932601040897
1233522203779641353
1233522728914825216
1233523249637740544
1233524899085475843
1233527968246398980
1233684729603526656
##1233533480476332039##
1233534068916211712
1233654475455422465
1233702467629699072
1233704593684680711
##1233534485213405184##
1233535099561529344
1233535107870445575
1233544250366754818
1233621109465133059
1233761666157944833
1233848424530927617
1233861598856589313
1234125308741242880
##1233855149753368580##
1233867647944622085
1233881559805112321
