##1234478784407052288##
1234478954016313346
1234479678154575873
1234480367492567046
1234480458764779522
1234480659680419840
1234481060811038721
1234482511440498688
1234484835818909703
1234485019198001153
1234485463106367490
1234485693050761217
1234485753402609664
1234486066553421824
1234486138548736002
1234487145928282117
1234487213439754242
1234487709198168065
1234488318915641344
1234489389272702977
1234491458419331200
1234492407334473728
1234493717945475072
1234495176581754881
1234495382266228738
1234495665880870912
1234507329221033984
1234511601027440641
1234514881170243584
1234518119802118144
1234520193180803073
1234521666253938695
1234521693508558849
1234522023738695680
1234523071794548737
1234523580081299457
1234524167065788417
1234524779106983938
1234528940087226369
1234529679996047360
1234531087671582725
1234534451415257089
1234540206575030272
1234542599450570757
1234543602765791232
1234544096972242948
1234544452397682689
1234545179383730177
1234545348401647616
1234545501896200192
1234555220052631553
1234557320346120192
1234557830272888833
1234558506147119109
1234561961670717442
1234565648874983425
1234578221334777862
1234581978332192775
1234597651632599040
1234642445196984320
1234652034768547840
1234701151720878080
1236293063552663553
##1234499781529042945##
1234501051908227072
1234501240001826816
1234502738026881027
1234509774580043781
##1234482233215504385##
1234482567933460482
1234482572652171265
1234483323042435073
1234483595005366272
1234483878519300096
1234486910556528640
1234491857461219329
1234492412921352198
1234498407944900608
1234502687376527361
1234506090655731712
1234508524786536451
1234516904561315840
1234530222650929155
1234530372546957313
1234583440705687553
1234593127094214656
1234614061050060807
1234822683172515841
##1234490120541212672##
1234490230427791362
1234490718028271617
1234490922110521344
1234490927907049479
1234491707820998657
1234492186990972928
1234493675956293634
1234493969733705729
1234501663924379651
1234503290987204610
1234506676864274433
1234543037818253312
##1231693210285756416##
1231693464309551104
##1231696466227482625##
1231702460483407877
1231899532872556544
1231907403278536705
##1231705087585767425##
1231705974911700993
1231776392741781504
1232385546179239936
##1231547560466227201##
1231550678893563904
1231623126611562498
1231631877334818818
1231793744552300545
##1231664515105816576##
1231664543220346881
##1231966610736472064##
1231967005860941830
1231967580929347584
1231967673032024065
1231967794100670470
1231967921078964225
1231968260083585031
1231969382953254915
1231970027890446337
1231970030616707080
1231970307491205121
1231971796599156741
1231971841830465537
1231972671342174214
1231973561818058753
1231975359157080066
1231975550606073864
1231975780520996865
1231976448187080709
1231976622569467909
1231976998156853249
1231977863802425344
1231978186591916039
1231978954300493825
1231979129500766209
1231979210928947201
1231980590133587968
1231980910150639616
1231981115679891458
1231981664957538305
1231981772616978432
1231982766113329152
1231983655385550848
1231983841478356992
1231992202185920513
1231993575035981824
1231995081902739456
1231996546083893250
1231996772949676033
1231996814942928897
1231999224830734337
1231999491915603968
1232000622779682816
1232001772371181571
1232003597807898627
1232004420533092353
1232006880215683074
1232007281761488896
1232007325306806273
1232013404438745091
1232014024449110023
1232015831548256256
1232021759957794822
1232022264486531077
1232026057924104193
1232027301841428482
1232040861497688064
1232046731136651264
1232046794114240512
1232047701115768834
1232048570259431426
1232049813342040065
1232051730717822977
1232053977547759616
1232057639703654401
1232062714467569666
1232067381079478272
1232081715474182146
1232088852636033024
1232089701911322627
1232094034778345474
1232103398813597696
1232121065658339328
1232126192930762752
1232133732695453696
1232138368277975041
1232145261838979075
1232162044167827456
1232168088415723525
1232193310674051072
1232202372795027457
1232243422674739200
1232254641531912193
1232255214192717825
1232264244227428352
1232323965479157765
##1234544724326985728##
1234545004615491585
1234548648584732672
1234549453648015360
##1234544204019314689##
1234544609554059266
1234554990812790784
1234581052464795653
1234582068711055360
1234586954622275584
1234708735060258816
1234865703532027908
##1234515336470388742##
1234515929498869761
1234516205295341568
1234516489669169152
1234517808429588480
1234519234539139072
1234549498929655813
##1234493885226897409##
1234530152350130176
1234530430428307462
##1234485229068226562##
1234769255033384960
##1234478252196007937##
1234478685048254464
1234480718169944064
1234483290511495171
1234483924128161792
1234485243861749763
1234486166767845377
1234486311081431040
1234487297661440001
1234489834363924481
1234492361595654145
1234493283767853056
1234495395432189953
1234496466586132488
1234496760346824705
1234500834366455808
1234502518627061760
1234521043039129600
1234524903107416064
1234610489113632768
1235131249599094784
##1234730049284141056##
1234730630228914176
1234730814337880066
1234731710836871168
##1231269100464332814##
1231277411251167239
1231290288305557505
1231294085043978241
1231419415700344833
1231516015705706497
1231523044994232320
1231539384408846336
1231554588655878149
1231577561991458816
1231631583293198336
1231661029161144322
1231727673174523904
1231874331837333512
1231884746432663552
1231886952590446592
1231909698854670337
1231916745272758272
1231919740194557959
1231976858469773312
1232018070778060802
1232023111522045953
1232160831703482368
1232208460902694913
1232335208785096704
1232336708273868802
1232502814183710720
1232686603606335490
##1231662568508469250##
1231664417831608326
1231678034933157888
##1232962576654442496##
1232965011930304512
1232972518954348549
