##1237055304296091648##
1237058406592188418
1237058844125167617
##1237055522542620673##
1237055585478156288
1237055616016887808
1237055746270887943
1237055853309628416
1237055959094067210
1237055996461187074
1237056063729532930
1237056776937316356
1237057085377937415
1237057226134695936
1237057416837173250
1237058647068467200
1237062050234470402
1237068556434628608
1237070939537453056
1237072188810936320
1237074486899376128
1237138105402044416
1237156549069606918
1237199610147475457
1237278192697774081
1237352080299491329
##1237056557667553286##
1237057499888594945
##1237096072780173313##
1237096129545809921
1237096458735751170
1237096551211827206
1237096667628830726
1237096672808878080
1237096933476483073
1237096936173441024
1237097542464294912
1237097619723358209
1237098090022256641
1237098122377117697
1237100559586471937
1237106518744600581
1237107811378704384
1237120258110038016
1237125707328872453
1237137165861126144
1237225169577340928
1237240602707865602
##1237130544686813184##
1237130945230241792
1237131354162302977
1237132691964940289
1237132802543570946
1237137176984518662
1237137989245034496
1237139946428923906
1237153178426236928
1237154691819151363
1237159077005987841
1237230697326301184
1237237370459754497
1237263970882519040
1237272472422154240
1237275107070038016
1237537801224073229
##1237136277255921668##
1237141986924204033
##1237387847130218497##
1237388004500488195
1237388144502136832
1237388438908719111
1237388554218524672
1237388642445713415
1237388693364604932
1237388741410295808
1237388786033504259
1237388929294151680
1237388976882761731
1237389162682015746
1237389538902675456
1237389744813662210
1237390011282022400
1237390225552183297
1237390241574432768
1237390429600927744
1237390480737882124
1237390652993720320
1237391035132608512
1237391578286575619
1237391673388191744
1237391769286762496
1237391832486531073
1237391846218674178
1237391907296141319
1237392176302018562
1237392373727944706
1237392412101603329
1237392548953346049
1237393400959123457
1237393450535796736
1237393452502925313
1237393791050330113
1237393937066688516
1237394066188320768
1237394238125432832
1237395932737605632
1237396342210691073
1237396587103449090
1237397252542533635
1237397379256430598
1237397419635040256
1237397595389124613
1237397738943320064
1237397980262600706
1237398214803968000
1237398374028107778
1237398549475864576
1237399274213736448
1237399331029868545
1237399346326441985
1237399498197999616
1237399536148021248
1237400241059610624
1237400375453454336
1237400588301860866
1237400609696952324
1237400906376896515
1237401115639021570
1237401372502491136
1237402062410993667
1237402212701257728
1237402258121293824
1237402505367207942
1237402657767280640
1237402665736376321
1237403159967997952
1237403520099385345
1237403582120501250
1237403950791475200
1237403994986774528
1237404081012060162
1237404193595555841
1237404291398340610
1237404328698265600
1237404372520353792
1237404391797334016
1237404439155216386
1237404985316511746
1237405451999830016
1237405968159432704
1237406785490882560
1237406861890117632
1237407039049142272
1237407691808661504
1237408207900901376
1237408435366432769
1237408751101059072
1237408936040546311
1237409083105427456
1237409099844923392
1237409205180645376
1237409536849346561
1237410380512714752
1237410586926952448
1237410675242274818
1237410951806234625
1237411076691689472
1237411096769761280
1237411175857623040
1237411505655685120
1237411944983822342
1237412005763600391
1237412037287960578
1237413416719069189
1237414391886295041
1237414529295884288
1237414584593666055
1237414641170554882
1237415431310360576
1237415703403167744
1237416893679644679
1237418383081115648
1237419332138938369
1237421840630517760
1237422291228729344
1237422309377531904
1237422510922178563
1237423194107240450
1237425802330943490
1237426182087475201
1237426469720272897
1237429505813340161
1237431381187268608
1237431813968203776
1237432115337314311
1237434624143392769
1237434707694039046
1237443628974342145
1237445337012252672
1237448472128864264
1237454291637542913
1237454662309208065
1237460087473659904
1237463265044836352
1237471779985207297
1237472497991376896
1237477296002523137
1237477750417641474
1237482910455865345
1237484223990321152
1237490723555024897
1237500049023741955
1237501764364050432
1237501802389467137
1237503497035083776
1237508158341419008
1237508184857890816
1237512145652367360
1237515544905072640
1237516954707124225
1237519172298371073
1237583142594068480
1237646926687936512
1237732808686211074
1237802908940468225
1237878560292929536
1237878649103298560
1238045393117724673
1238146626964897792
1238518108194824194
1238778590650564609
1240045107077931009
1240406336497729538
##1234446603731243008##
1234450705894772737
1234461399776145409
1234595034978189314
##1236587945320161281##
1236589025403822080
1236608605585133579
##1236590699744759809##
1236591234073989120
1236592938710380544
1236592938983075842
1236593172928778241
1236594564833648640
1236598685590605824
1236598768608387072
1236600058331770882
1236608282338439168
1236613970456436736
1236618040969777154
1236620792336703488
1236621166372151296
1236632318770581504
1236637584752881666
1236657354172780544
1236696476308451329
1236700657777868801
1236710226205847554
1236728214606630912
1236729137668272129
1236733556493336576
1236740115562717184
1236759553586454528
1236768611181776902
1236768632094560257
1236874599679373312
1237038344875409408
1237352270330761219
1237659562741837826
1238091354472960001
1238119128558428160
1238148076705132545
1238413423958003713
1238429604278345728
1238780425000095745
1238797565077880832
1239673398252277760
##1236976026191900672##
1236977763116089344
1236977864060387329
1236981945059487749
##1236984258503282688##
1236985162262614016
1236985975852666881
1236989032875397125
1237001774768230407
##1236989094795915265##
1236991842039799808
1236993434583552000
1237001521965019140
1237051261796724738
1237128609942458370
1237153043256430592
##1237040137449746434##
1237041419669385217
1237045910150012928
##1237055300399742977##
1237057212234846213
##1237057081913597953##
1237096900215615489
##1237063153361604610##
1237063250908454914
1237068287088918534
1237071978227474433
1237072719063257089
1237082125171490817
1237085633358815233
1237093998273212419
##1237064231905886208##
1237064560781209601
1237066888133443584
1237100599264579585
##1237083237211607041##
1237094162454974464
1237094455783677952
1237095918152953857
1237105707067084800
1237105747961536514
1237110531170992129
1237133226633768962
1237216471987650561
1237268017861537792
1237305952145211393
1237326549361319938
1237379627015974912
##1237120254775615489##
1237121886045245444
1237283767141781504
1237415852716285952
##1237136063245815811##
1237136372235984903
1237136442356314113
1237136729129222144
1237136787698601990
1237136936122363904
1237136940601917442
1237136956452208641
1237136963314036751
1237136968418562050
1237137052392730634
1237137206571081728
1237137227802697729
1237137493276925952
1237137552412479491
1237137565540651014
1237137571584577537
1237137709568843786
1237137758952488962
1237137981493911552
1237138026020700161
1237138030735089664
1237138119868235781
1237138344657719301
1237138395891150850
1237138507728130049
1237138656613347328
1237138901384531968
1237139262929281024
1237139349168361479
1237139423705419776
1237139443020189696
1237139527191408642
1237139533243842563
1237139571974037507
1237139605536849920
1237139656573177858
1237139684469411840
1237139888421638147
1237140290705686529
1237140324931309569
1237140424063692801
1237141059446194177
1237141366125350912
1237141578621337600
1237141810692214784
1237142051730456576
1237142328994861058
1237142339061243905
1237142382551990277
1237142663712903168
1237142974540263424
1237143105759055872
1237143504809349120
1237144062945263616
1237144115198005249
1237144326469226497
1237144515787591682
1237144622759055363
1237144788283113474
1237144806910054410
1237144835271938048
1237145035549933568
1237145322893254656
1237145785491431424
1237146279236505600
1237146443279994882
1237146545696509957
1237146570879049728
1237147293192683520
1237147293775794177
1237147332266921986
1237147332556267522
1237147374406991872
1237147893229916162
1237147984846077952
1237148529518432258
1237148944477696000
1237149282765078530
1237150686992904192
1237151451937456128
1237151502185226240
1237151795262210050
1237152319592071170
1237153909170372611
1237154638270541825
1237154837638283266
1237154848375820294
1237156500285644802
1237156513392836610
1237157176940138496
1237157722300301312
1237157912029659137
1237157935488339970
1237158234005389312
1237158306684252161
1237158905836429312
1237160217042968577
1237160428331040778
1237160485415522309
1237160616793640960
1237160713401118722
1237160950396071943
1237163378113753094
1237163902561116161
1237164060967403522
1237167235745095681
1237168016686800896
1237168696386375681
1237168729345200128
1237168783539699712
1237168992554532866
1237172861523066880
1237174799379697668
1237174843369492483
1237175847657897984
1237178344040534017
1237181000926539778
1237182334853578753
1237183586643607554
1237185183419256833
1237185314621460483
1237189355946508288
1237190352991326215
1237191826374828033
1237195761995190273
1237196903693144065
1237198016123146240
1237203469569753088
1237203748998524928
1237204364126752768
1237204408158519296
1237204817329696768
1237206200468594688
1237206646209892352
1237208814501408769
1237208915093393408
1237209722547326976
1237209944010698752
1237210651409502208
1237211389250473985
1237211587951427585
1237212854287241219
1237213327253782528
1237214919856214016
1237215184374169601
1237217413709606916
1237218601637208064
1237220161410695168
1237220616614359040
1237220637967613952
1237220907690557441
1237221162712776704
1237221787701829633
1237224792102711296
1237226541412691968
1237228603139674117
1237229799959154689
1237231897551548416
1237233131125604352
1237233207155863552
1237235396741906432
1237236165947817985
1237240081490075648
1237240624149078016
1237241175125495810
1237241850735493120
1237242322577956865
1237242861206351872
1237243126944862208
1237247516959215616
1237251034294169601
1237251108965318656
1237252360390533121
1237253367963029505
1237253977022115843
1237256648940498949
1237256691995025408
1237258920000917504
1237259789501153281
1237260593440133120
1237262016039006208
1237263696654733312
1237265582912929792
1237266666536435712
1237267517820801025
1237268795397410818
1237272254096052224
1237272356923547648
1237274277293981696
1237275771326136320
1237276270116904960
1237277006565453825
1237278305042214912
1237278977997320192
1237279016085831680
1237282925969911808
1237283979365146624
1237286038739050496
1237286259082645504
1237287236539953152
1237287674098130947
1237290564602802176
1237290952273858561
1237291340167368706
1237291681986367488
1237295228102606848
1237295265977176064
1237296198840705024
1237297090050625538
1237297798233706496
1237298317727608832
1237298741289324544
1237299885017309185
1237302201598513152
1237304275753226240
1237304321018155014
1237304415893233664
1237306624177516550
1237310998731685888
1237313811805323264
1237315671261880320
1237316097591967745
1237316235458641922
1237317220373532672
1237317258520690689
1237318127010054144
1237318788212822017
1237319678403530752
1237323855850614784
1237323953464643584
1237324886613405697
1237327631013511169
1237327968730562561
1237328359379566592
1237332981670449152
1237334905337544704
1237338558266048515
1237340063312285696
1237340144480501765
1237344450143272963
1237353124425355265
1237353536360497152
1237355718522613763
1237356090632929280
1237358064757547009
1237359110787608576
1237362438707843072
1237363326830678018
1237365167937200128
1237365721283338240
1237367739263705089
1237368740951588864
1237369509511651329
1237372121313050624
1237372494547468288
1237373298683633664
1237374062604750855
1237374770334883842
1237376844867031040
1237379822491447296
1237380253972119552
1237380496742629377
1237381160352833536
1237389532594458624
1237392984359895040
1237394614308356097
1237399015404290050
1237402193050898433
1237403346090315776
1237407039166582787
1237407786075553802
1237409424513400833
1237409878714519552
1237415907661471745
1237416103896395786
1237420298485534721
1237428182799790080
1237432689092943872
1237433557959794696
1237436456127389697
1237442697511817217
1237452745709367297
1237455481402265601
1237455899075149824
1237459210931183616
1237464467379826689
1237464719180607488
1237470635707768832
1237475339196080133
1237499126398550016
1237503681819324417
1237546726937866240
1237557226757218305
1237627799516692480
1237631727826239489
1237635151825420288
1237683345540120578
1238021772676653056
1238398418373967873
1238398680073474049
1238399268400095233
1238399827865722880
1238399934774349824
1238410616576061441
1240197657555087360
##1237306984501829632##
1237309288223252480
1237317977743253505
1237318512215052289
1237376239104667651
1237625911543058432
##1237385902390800385##
1237386425244372993
1237386547978092545
1237406835486965760
1237417953261490176
1237688288401645569
##1237433348647239681##
1237433717171335171
1237434129727307777
1237436648742363136
1237446443125723137
1237451410184290306
1237469273410469889
1237633076420923394
##1237622641696968706##
1237622805447008256
1237622954814570496
1237622955720531969
1237624079118749699
1237624584637161474
1237625423862861825
1237632204920012800
1237636269187960832
1237641130965176321
1237641530879275008
1237645555473567744
1237646822660665345
1237660113873313792
1237939970742026241
##1237839960633274368##
1237840258890223622
1237861343652220929
1237989782250311685
##1238553787817766915##
1238560651422957569
##1239330491679092737##
1239331366707363844
1239337402507853828
1239425589301456896
##1236628999905988608##
1236644176835551232
1236654313218416642
##1237065282889408512##
1237094980210110468
##1237274649798508544##
1237283970020192257
1237289009468125185
1237291834621276166
1237306017207193600
1237347595737055233
1237435625114152960
1237508637502865409
##1237399761231233024##
1237402202723028994
##1237662279673536513##
1238252046521860096
