##1240042792207908864##
1240043481688571905
1240044121508716544
##1240042792883228679##
1240051172196614149
##1240042795995463680##
1240043345763807233
1240043470187835393
##1240042797626994688##
1240043082248269824
1240044462908342273
1240044569972150273
1240097516194082817
1240098498743349249
1240257217758142464
1240304755248955393
1240322276886798338
1240375148164845570
##1240042799069892610##
1240043453989498882
##1240042800189751296##
1240042951855628288
1240043336418963456
1240043442236989443
1240043720478724097
1240044009621467143
1240044023970246658
1240044438266789888
1240044495946776578
1240044541559869442
1240045292038340610
1240045860551041027
1240049066643423232
1240050173356601344
1240054412153937927
1240056762297913350
1240059683253235713
1240061600406609920
1240096830131707904
1240102296421359617
1240105355910275074
1240105610747826177
1240107599619555329
1240334700352344065
##1240042804044271622##
1240043435161276425
1240050157737201665
1240054082079002630
1240074687859875841
1240076944605093889
##1251950305123749888##
1251950657453600768
1251950831429025792
1251951031702806528
1251952980712194048
1251953023531790339
1251953357402636291
1251953731786215425
1251955664399843329
1251961696027107333
1251965837273112577
1251969497776508928
1251973312453971972
1251973428640432134
1251976750772428803
1252024265496559617
1252033225716883456
1252103406946304003
##1251963627051024388##
1251964228405202950
##1237078557949669377##
1237114276306968579
##1237080261206118401##
1237082116929839105
1237084001724137475
##1237083573645119490##
1237084574087294978
##1237085423693975555##
1237085908786204673
##1237088144639635457##
1237088205578686464
1237088281722073089
##1237088805896589312##
1237089154850271232
1237305869878079488
##1221801634659020800##
1222057735933566977
##1223206900575211521##
1223207140342583296
##1223578155497271296##
1223579067976486913
1223587497566965761
1223595411044212736
1223632225687785474
##1223689823065661446##
1223691264782217217
1223691345480634368
##1224024166963261440##
1224026053594755072
1224265656276746241
##1224048323381821441##
1224167167010144258
##1224282632059359232##
1224282970170675200
1224283249612066816
1224285934885142533
1224287691241553920
1224309896541278210
1224317083544145920
1224321921187287040
1224344707502833664
1224388189667909635
1224895098862866432
##1224392167969390597##
1224393245771423745
1224451570365894657
##1224447636763115524##
1224449358420013056
1224554701041164288
##1224644063019851778##
1224653019062710272
##1225818642614493190##
1225820477379272705
1225821525888159744
1225823653524361217
1225824435590062090
1225827603493380098
1225858383753961473
1226120865781125121
1226132408312922114
1226135152335740929
##1226072432630521862##
1226106306630684672
1226787710846820352
##1226496699495014400##
1227565358627917826
##1226821159976656896##
1226824692813750272
##1228748853509337094##
1228749479723008000
1228755263483785218
1228755673082744833
1228760635229511683
1228761397242277893
1228765482930581510
1228777143599030272
1228896028004364289
1228925224525213698
1238572130683453442
##1230594110110785538##
1230599745384701965
##1231360643627995138##
1237246184961572864
##1231558060436574208##
1231592392408653826
1231596786697097216
1231607026427584514
1233748060553056256
##1239377572514926594##
1239488005343232002
1251346975737425922
##1239993481457807364##
1239993741819162629
1239993940843155460
1239994562610958339
1239995904419074050
1239996608277864449
1239996865179013120
1239997229177491464
1239997355983806464
1239997707625705472
1239999383552262145
1240001074959974400
1240014822424612867
1240035726647087111
1240065672723533824
1240090836941131780
1240200704280715265
1240232938668789761
1240247953245249539
1240249080246403080
1240301500435496960
1240311723543990273
1240326440584908807
1240696342755721216
##1240019732289531905##
1240207403779588096
##1240025113359253510##
1240025325591048194
1240027276651180032
1240039940504924160
##1241005220760555520##
1241005380500520961
1241212209595850753
1241232165641293824
##1241049015132749827##
1241083327655936001
##1241055319121428480##
1241415068606246914
##1241133958647201792##
1241134665727193094
1241324995751612418
1241645506880831490
1241868587574362114
##1241505871680671744##
1241567251737776137
##1242153839693893635##
1242186600735531009
##1242171432253169666##
1242508975897182211
1242509519655182337
1242513094045323271
##1243869140189884416##
1243873736044023815
1243874128303665157
1243890488081625090
1243908114455441408
##1243961866889510912##
1243961975966744577
##1244292742299168771##
1244293686256717824
##1244903945178427394##
1244904118008688640
1244953085967040512
1244989321989500929
1244991784826089476
1245229357620232192
1246073460587024385
##1246463807150600193##
1246466310030217217
1246587313054003200
##1246829954496696321##
1246836812619923457
1246841757440053249
1246845882189918209
##1246885609890775040##
1250012381452828674
##1247260288715497475##
1247260377752260609
1247261289585561600
1247268258203475969
1247313170655514629
1248789533715554306
##1248721404381597696##
1248721508077309953
1248722437853888519
1248723485603610627
1248724356013928448
1248725639907196928
1248745539723821057
1248746110212026370
1248753409353752584
1248792226148294657
1249058598581415936
1249638044430471169
##1248968200601178115##
1248969541520175104
##1249077004995092481##
1249077161962635269
1249078063784169473
1249078323810099206
1249078539296669700
1249078759925440514
1249078989307760640
1249079788918145027
1249079936683515906
1249080379853717504
1249080415324864513
1249080805302980609
1249081184828653570
1249081282744721408
1249081799785025538
1249081930676666368
1249083290813898753
1249083394027393024
1249087634204434435
1249089153339469825
1249089734774861824
1249091199987834880
1249094122192994305
1249095621442666504
1249095797079187457
1249096286374105098
1249096853364318209
1249098637595906050
1249123210735636480
1249124624614535168
1249125036264431616
1249125885317468160
1249126530959147009
1249134428212903940
1249140869975945218
1249144210227441664
1249149822382288900
1249162168567836680
1249166034298380294
1249167414874574848
1249168428075802624
1249229024087420928
1249236268170575872
1249246796251103235
1249253961485385729
1249264663600259073
1249276196006891521
1249281984305737729
1249400482117963776
1249401889084628992
1249410077745991684
1250862163062919170
##1250400349791432706##
1250516191510233089
1250521295588134912
1250571224691998720
1250626314194898944
1250645689962553345
1251057943077847043
##1251856841166008320##
1251872765004722179
##1251868310859366402##
1251869085496991747
##1251948651062218752##
1251948784323452928
1251948930688069637
1251948951760252928
1251949108409106432
1251949200000061441
1251949264537899014
1251949287270948870
1251949461229764610
1251949861219504128
1251950269203693570
1251952190652022789
1251952484861558785
1251953414596157442
1251958493965402112
1251965983222308865
1251970828058714119
1251973842400149507
1251982631836753920
1251990367731359746
1252215337464061952
1252740821247561729
##1252889413115277312##
1253393911881629698
1255165425609998336
##1253232312944394241##
1253240066622832640
1253241007916941312
1253261140467109889
1253281521068322816
##1229411022315966464##
1229438093322838016
1234733938251325446
##1229771298286403584##
1229773286223073285
##1232960613598494721##
1232960803223097347
1232961574207467520
1233008406874787842
##1233091049561772033##
1233091189135548423
1233091550248394755
1233091715520770048
1233092756999942144
1233092831025209345
1233093394731294721
1233093954075287552
1233094020634640384
1233094452228558849
1233094605962465280
1233094702519418880
1233095668371247109
1233095863465017345
1233103496129503234
1233103605189746690
1233104278950158340
1233108266978357250
1233160223365439489
1233362813676118016
1233438006012502027
1234615776738447363
1234616776547323906
1234617912461340676
1234620260600426497
1234623189793288192
1234628598264451075
1234634864114180101
1234747416987021312
1234924770690584578
1236283003313233926
##1233109231273902084##
1233111311480999936
1233114164060729344
1233115755476025344
1233123790537838592
##1234365357189672960##
1234368130715090946
1234397448057032705
##1235591460591996929##
1235591702943014913
##1236015023467769862##
1236016592263278593
1236016930907189248
1236052294598356994
1236053372156903424
1236055847672918018
1236056153286733824
1236056756998017024
1236057607980363777
1236058345016111104
1236058379052896258
1236059244631293953
1236059391142629377
1236061137411637248
1236063183720173568
1236066501691666433
1236068653067579393
1236079371322036230
1236116144509116416
1236117763715973121
1236124917201920000
1236127128120438784
1236129274278510592
1236169516587061249
1236198021429448705
1236218712509820930
1236232538995163136
1236285592578785281
1236343163465412611
1236370127425323008
1236385907630096386
1236479926485897221
1237099457415729155
1237947956013215745
1240003153602510850
##1236526553141518336##
1236721587459690498
##1236777469434310658##
1236777828118659072
1236778123104071681
1236779979754680320
1236783763524288512
1236791779543957515
1236825192124555265
##1236781238595260417##
1236781338138730497
1236782025513852931
1236782171102330880
1236782453282361345
1236782677199634442
1236782739354984448
1236783356664320001
1236783458682273792
1236783780452540427
1236783962288271365
1236784400953679872
1236784440728334343
1236784522588557313
1236784538094837761
1236785345888505857
1236786115870445568
1236786600346095616
1236787473101082625
1236787832104136704
1236790583362048001
1236794502695788547
1236794580118405123
1236800166906265602
1236809632255000577
1236814226741547008
1236817262432174082
1236820781025329154
1236827310734655489
1236846312542179330
1236878159863255041
1236899912584957952
1236907700270911489
1236916828980510720
1236917548605677568
1236922957357813760
1236930109694545920
1236987036961308672
1236988272007614464
##1237065807441596416##
1237066551305650183
1237098728345010176
##1237727943218139142##
1237790777360748545
##1238099462825918466##
1238106196088938504
1238110676289302528
1238111718112481280
1238122705767075841
1238137054606868483
1238384255689949185
1238411990122536962
1242885040985473029
1242937267313946626
##1238219598673174528##
1238219966073073664
1238220039184101380
1238220127553892354
1238220222299021313
1238220334135984128
1238220985066827776
1238220986010476547
1238221241754009600
1238221322125225984
1238221518603247617
1238221894530281472
1238224043402309632
1238225855345803264
1238227887620345860
1238241541296214021
1238243280019693568
1238244004153745408
1238276510877986829
1238299665017245696
1238385745443856384
1238442622689124355
##1238441334995812357##
1238441845786624000
1238442015387521026
1238443090404200451
1238449768122257411
1238469108137680896
1238479064350031872
1238563720256774152
1238573860754202635
1238778208834781184
1238786804368789504
##1238469672669974530##
1238470115198488578
1238472727595569153
1238474497319211011
1238532982371241990
##1238492926398943234##
1238499313195593728
1238500178870632448
##1238784211575877632##
1238785168237871106
1238835942431039489
1238886698613956609
1238948739391410176
1238964277022732290
1241141671523487745
##1238841134765441025##
1238841195759009794
1238841216625717248
1238841364751753216
1238841377036926978
1238841439028740096
1238841516434563075
1238841532473622529
1238841551146627072
1238841657770086400
1238841702808420352
1238841721804423168
1238841759695884288
1238841783766913028
1238841811407376385
1238841814569934848
1238841847767801856
1238841894932709376
1238841936716455941
1238842129830600704
1238842381899902976
1238842736922550273
1238842907647528960
1238843074207453185
1238843243900665858
1238843252545118208
1238843679617490947
1238844103745470464
1238844303880978434
1238845199662661632
1238846440136413184
1238846721561673734
1238848091635306497
1238848221209919488
1238849454695952386
1238849465810706432
1238850254482608129
1238854649739960320
1238857323084500992
1238859398136705024
1238860605408362502
1238860699931197440
1238862745916899329
1238864712340844545
1238864856088023041
1238871153290117121
1238872400529362944
1238874442320805895
1238878043327942656
1238885516319379458
1238886330651852802
1238887086041767936
1238887527488118784
1238889512702541826
1238889640310067202
1238891035608207362
1238893802363944960
1238899669981442048
1238909600994332674
1238921865609056256
1238924648059932677
1238925071248482307
1238925122360283139
1238926999097409537
1238927396084027401
1238932712339243009
1238938863009177609
1238940452121870337
1238951203226206209
1238966258500087808
1239037050344673280
1239102961978089472
1239103251380928512
1239105349258555392
1239120533293355009
1239135028564701186
1239163179688693763
1239166313274249216
1239209781698723840
1239210923723800578
1239218708159086597
1239228554853965824
1239296285292875777
1239348779171577865
1239479851683381249
1239589411995746304
1239669320344616961
1239678592688312320
1247969030457131009
1247976818591838208
1248012757670064129
1248331154819866624
1248970582378586123
1249430502400053251
1249694845708500992
1249766168514174976
1249777896773881861
1249782174431272963
1249974661598842880
1250140797565112320
1250168889398493189
1250287136470749186
1250367628390150146
1250377495360274438
1250408753284988933
1250480822861418505
1250516162632392712
1250687142340308992
1250695935807696896
1250716723113795586
1250752882477056000
1250807867420168192
1250865995994013702
1250886355951013889
1250899298176335873
1250918683138052102
1250921799656919040
1251122186057908225
1251182169541816320
1251207714899996679
1251219940587208707
1251225819911016451
1251246573025218563
