##1254534496294240256##
1254536786992336908
##1253815796733788165##
1253827029449027584
##1253827916594585603##
1253828638832721928
1253847181896925184
1260554543345041408
##1254143014039101440##
1254144276033933314
1254145150797955073
1258739249618333696
##1254470299250126849##
1254472126209425415
1254534610614136834
1254709830180274179
1254814910481149954
1254904576756649985
1255086373662535681
1255086860067581954
1255840850103472128
##1255829628507361280##
1255829694588555264
##1253755425062825988##
1253755471174959110
1253755586128248832
1253755785798090757
1253756017516728320
1253757876897800193
1253770006757888000
1253790056906702849
1254131826345619460
##1253758729872343040##
1253768540118757377
##1253791289994248195##
1253792152666222592
1253794024038764544
1253796307380195329
1253803422295474176
1253811363404673024
1253834400212672514
1253835775642349568
1253842384326209543
1253849101244018688
1253854876423028736
1253860752882008064
1253864063832121345
1253870305237504000
1253904440928731136
1253912098083680256
1253947371211444224
1253975001600057344
1254009237342126080
1254025329166954496
##1254498481856827392##
1254502786915426304
##1253763961872363520##
1253764334188183553
1253768155597606915
1253773298992906245
1253884972055830528
1254014060015816704
1254014159789920261
1254015411584204805
1254017469158744064
1254017866116014082
1254017957212164097
1254018484448747521
1254019540398325762
1254019618634686471
1254019736385486849
1254019837174693888
1254021927443804161
1254022342809997313
1254022520715575297
1254022680535236610
1254022685903867905
1254022765964902401
1254022945514622977
1254023398797303813
1254024136965402626
1254024273297096706
1254024331753148419
1254025990952701952
1254026595632910336
1254027740652716033
1254027855375355905
1254028900046422017
1254028957357309952
1254033641073709056
1254033874369294337
1254034200304508928
1254035209168846849
1254035914361200641
1254035984611782658
1254036044263161856
1254036389026562049
1254038281702031361
1254039179496951811
1254039721539444739
1254040310696628226
1254040866538299392
1254040916156964864
1254043208083963906
1254045234901721089
1254046861868126208
1254047606524829697
1254047779242020866
1254047923874258955
1254048066329608192
1254048416264527872
1254048447579201537
1254048475173576704
1254048630572449793
1254049370707832832
1254049963081961473
1254051808961605633
1254051976494682112
1254052081230647298
1254052637181444100
1254052641501519872
1254055007277768705
1254056199605161987
1254056427313741825
1254057325696090112
1254057649030795269
1254058129135976449
1254059520390844418
1254059980896026626
1254060824013963266
1254060940858994688
1254062181085335557
1254062908130107393
1254065283259609094
1254066070698233857
1254066506805239808
1254068289887776770
1254068763038711809
1254070220890746885
1254073648362684416
1254075260057661442
1254075743564431361
1254075744814276609
1254075839634984960
1254075878323245057
1254075880709685248
1254075896681639936
1254076326702731268
1254076828123267080
1254076873979637760
1254077513661325312
1254077594472939525
1254078040910503939
1254078641908129792
1254078723860705281
1254078753933836290
1254078779569340418
1254078789656752128
1254078895650942980
1254078985920827392
1254078994217140226
1254079545466109955
1254080272921960448
1254080399380226048
1254080852520206338
1254081218448162823
1254082274624233474
1254082618624225280
1254083147958030336
1254083278866460675
1254084358908063748
1254086611731656704
1254086694497853440
1254087005551710208
1254087400021688321
1254088340875313154
1254088366485843971
1254088526028779521
1254088778567823361
1254088869341024262
1254088908268285959
1254089016766607361
1254089434376609792
1254090210041888775
1254090722908798976
1254090909563699207
1254091146046984193
1254091589095473152
1254091907019542530
1254092863010418689
1254093194545041410
1254095378372341761
1254096058868813825
1254096377900085253
1254097289863454721
1254097357370724352
1254097684031553536
1254097724322000897
1254098005084508160
1254098326900916225
1254099222313553923
1254099363359588353
1254100061904162819
1254100358407782400
1254101832546291714
1254102767704190978
1254103104875900928
1254103790741073922
1254104088024932352
1254104144429944833
1254104653798703104
1254105509923340289
1254105626537529346
1254105794104242177
1254105944767815681
1254106982694490114
1254106987010363400
1254106988302262281
1254107266879492101
1254108235986014211
1254108621924900867
1254109744144449536
1254109876625817606
1254110403946258433
1254110714958155777
1254110858810138624
1254111053715247104
1254112791130234880
1254112916875378692
1254113734680875009
1254114151150075906
1254114316715995136
1254114352766095366
1254114540377247747
1254114924378406912
1254114930367901701
1254114996839120898
1254114997082501129
1254115089059393541
1254115357859733504
1254115989744226304
1254116089505726465
1254117397117767684
1254117944373784578
1254118096056565760
1254118144731500545
1254118227455639560
1254118655287271425
1254118830475038720
1254119164119265280
1254120580250578944
1254121193302605826
1254121392687255552
1254121507648942091
1254121929134551041
1254121963125170177
1254122365564395520
1254122466018054146
1254122585564078080
1254122615389802496
1254122656024190980
1254122969238044672
1254123272536539136
1254123765090353158
1254123875555856389
1254124104380231680
1254124243249500162
1254124502050656256
1254125423102963712
1254125959403446272
1254125971092971522
1254126427462459392
1254126510463758341
1254127620918255618
1254127982937100288
1254128140512870402
1254128619057811462
1254129042028138496
1254129105198624774
1254129466625884164
1254129811980791809
1254129842095783945
1254130285509255170
1254130399095205888
1254130430720303104
1254130488010301440
1254130558621360128
1254131093286072323
1254131166342524939
1254131217693319175
1254131264355008513
1254131301864611840
1254131306520289281
1254131430118109187
1254131533809618944
1254131589749116930
1254131635848609806
1254131883178438656
1254132189618454530
1254132513104150529
1254132544255262720
1254132922115928064
1254132928281554945
1254132999769272320
1254133248504053761
1254134001045995520
1254134615930961923
1254134965584961537
1254135029564952576
1254135095990128642
1254135259014275078
1254135683456946176
1254135932711776256
1254135979750952961
1254136101159104512
1254136573316288512
1254136620380553217
1254136626214768642
1254136727465332737
1254136827734380546
1254137006738849793
1254137261387665410
1254137630012342277
1254137878231252999
1254137961769250817
1254137973169426436
1254138093235552256
1254138096448225285
1254138442478469120
1254138629376655361
1254138676851982336
1254138759085527041
1254138911770791939
1254139286888333314
1254139356757008388
1254139536118079488
1254139809855148033
1254140235988025345
1254140259023142923
1254140322625597440
1254140522349973504
1254140600359813122
1254140602008121344
1254140636741210113
1254140664989786112
1254140732975255553
1254140769134358534
1254140795650744320
1254141054426677249
1254141587317235713
1254141603649859586
1254141642761740289
1254141690715222016
1254142522848415746
1254142674887757824
1254142743590420481
1254142761235865602
1254142781481725954
1254143054539300866
1254143432726986753
1254143504302866433
1254143641607712771
1254143707311415298
1254143712004890624
1254143760881061888
1254143773090742272
1254143869538783239
1254143876832677888
1254143898504568838
1254143898575831042
1254143949691858944
1254143969736503304
1254144169989283848
1254144197134778375
1254144213282885633
1254144246875074560
1254144266760343552
1254144348222038017
1254144429327290371
1254144474730704897
1254144540946108421
1254144572751523841
1254144597388902401
1254144740020432897
1254144757246439424
1254144775982284802
1254144950595465216
1254145058019905536
1254145084855025666
1254145147178307587
1254145199816806401
1254145397196496899
1254145572359098369
1254145672556744707
1254145738201759746
1254145765380960261
1254145765775212548
1254145984143163392
1254145994423504897
1254146018691747840
1254146158248763392
1254146410393591816
1254146710311522304
1254146755710640131
1254146815454253056
1254146975269871617
1254147061781594113
1254147648438796289
1254147792370642949
1254148031928315905
1254148249541382144
1254148592861839363
1254148636512071684
1254148656565039105
1254148753692426242
1254149206530560001
1254149503256604679
1254149705451343874
1254149768701456386
1254149952374288385
1254149985190502405
1254150180770897926
1254150210244222976
1254150518043226114
1254150925419261953
1254151053211316227
1254151331046133760
1254151576828215297
1254151597963251712
1254151609401163784
1254151615898161154
1254151628434878464
1254151655119032321
1254151659783106562
1254152079742042112
1254152240862056448
1254152519787458563
1254152540813475841
1254152681133875201
1254152969215512577
1254152972067581952
1254153007513702401
1254153067794255874
1254153168713367552
1254153454190198791
1254153585413230592
1254153668124868611
1254154121130782722
1254154308368633858
1254154700372561922
1254155253706035200
1254155510481334273
1254155599538864128
1254156013760061440
1254156325220577280
1254156335630835712
1254156430212567046
1254156477759213569
1254156820316332043
1254156866877358080
1254157641728905216
1254157708942626817
1254157729977053184
1254157806191685637
1254157901788258305
1254158551884447744
1254158771565268994
1254158807904772096
1254158977119772672
1254159009491361800
1254159315214229504
1254160196391272450
1254160488461631489
1254160562323255296
1254160607559012352
1254160848886665223
1254161562409074694
1254161852235481097
1254162029549694977
1254162059413139456
1254162693818159105
1254162827725737984
1254163092222758912
1254163101102026757
1254163449627762690
1254163540346273794
1254163865455202306
1254163957734088704
1254164328565166085
1254164367391809537
1254164405631299584
1254164674314199041
1254165525850193931
1254165638916038657
1254165695346204672
1254166026016772098
1254166424148422656
1254166510735671298
1254166598220492800
1254166835710304257
1254167072898256898
1254167169392410625
1254167290767183872
1254167356185686018
1254167652760727553
1254167668875288578
1254167841168863232
1254167885888524289
1254168424315568128
1254168803845554176
1254168845234864130
1254169149787353088
1254169348383674368
1254169782712176642
1254169879323836418
1254171056216043522
1254171206619672587
1254171287200706560
1254171306460921857
1254171381987717120
1254171887967576066
1254171936181096456
1254172058243731457
1254172063235026946
1254172173843009538
1254172663674781698
1254172803856809984
1254172938951176194
1254173629081956352
1254174690974801920
1254174824772980736
1254174892313862144
1254175044059762691
1254176089179664384
1254176573688877059
1254176750285791234
1254177275911815169
1254177455281180672
1254177883800702977
1254178284209868805
1254178523805335554
1254179040182796289
1254179158642614272
1254180473158471682
1254180734237106180
1254181674625220609
1254182145314209795
1254182568817127424
1254182687557988352
1254183161921261575
1254183501022330880
1254185093335330817
1254185196016017414
1254186052975316994
1254188442747011074
1254188847057047560
1254190984591814661
1254191440395198465
1254192031871754250
1254192270716346369
1254193058704392193
1254193143114801153
1254193309431533569
1254193334819655680
1254193798831312899
1254193993753264135
1254194704356462592
1254197534286888960
1254198155849207808
1254200208843583490
1254200410614771714
1254201443340423170
1254202038918868993
1254203091378999296
1254205368630157315
1254205531734061056
1254206152612683776
1254207834180456449
1254208456237682691
1254209040063873024
1254209572404965376
1254209615115563009
1254209733499555841
1254212391564464133
1254212692300173312
1254212744758378496
1254213862787649542
1254214154258386950
1254215066674700293
1254215908538671106
1254216274248433675
1254216335590031360
1254217076635504640
1254217891404267522
1254218807213797376
1254219800697593856
1254220620713385985
1254221502288887808
1254221957773561856
1254222135272394755
1254223212067590144
1254223303922921473
1254223720199131136
1254224543872409601
1254225837274075146
1254226321758212096
1254226494542483463
1254226772016709634
1254229263517130754
1254229453439406080
1254229485718851584
1254230574623010818
1254230746249809921
1254230953721020421
1254231894910173186
1254233719306682369
1254233788751765504
1254236928536449025
1254237885995388929
1254240372643049473
1254242183646937089
1254242867469529093
1254243113868165121
1254243935985315840
1254244695007526912
1254244733372825600
1254246795460390915
1254247920829960193
1254249570416168962
1254249647461355522
1254251362797445120
1254254589278326786
1254254772216971266
1254254894720090114
1254257807928459265
1254265115140128768
1254269235158712320
1254270669908586496
1254279973634015234
1254280708689985536
1254283826303569921
1254288230293397504
1254288611035566080
1254293204532432896
1254299374710120448
1254300756355821568
1254304270926651398
1254305667088875522
1254309681956360193
1254311643087089664
1254311672258404352
1254312911809495040
1254313718504136705
1254316108091469826
1254319456823754752
1254323001752944640
1254324098731212801
1254327267733487617
1254328146389762048
1254328807248605184
1254331144952320000
1254333924983046148
1254335455832784897
1254338767848169472
1254339103551819776
1254339513893163008
1254340946164101120
1254341416190455808
1254343769190793218
1254344215162761216
1254345010348199937
1254346890285637632
1254347876743995393
1254350983011995648
1254355880373628929
1254356736837812224
1254356782513823744
1254358196547989505
1254358488349921281
1254359315764387841
1254359966665920513
1254364165013213191
1254364884621561857
1254365523590119425
1254367816905396224
1254369657508827136
1254370060623384576
1254372089638748161
1254372768042409985
1254374239647432705
1254375905461493761
1254380452472918016
1254384484235034625
1254384880085016576
1254385449281478659
1254386625670496257
1254387063694262272
1254391336716963840
1254393476172652546
1254394374755999744
1254394463385989121
1254395534162493440
1254399545867472899
1254402303068712961
1254404691938680833
1254406321635459073
1254407457419427840
1254411167134556167
1254411385791893504
1254411710435332097
1254412441448058880
1254412670557720577
1254413035952910336
1254413580801368073
1254417442513793024
1254419288389308417
1254419799817494528
1254420095813722112
1254420694504521728
1254421088324501504
1254423530307026945
1254425566255755264
1254426828841922563
1254428020888272896
1254439544558157824
1254442433242333186
1254451851182907393
1254455458171101188
1254460480304840711
1254462541213896704
1254465374386622466
1254467200997642248
1254475344721186818
1254476238757998592
1254484373543571456
1254484502447108098
1254484795884740615
1254491089140092928
1254494968690941952
1254496374781104128
1254497033819312128
1254499087816278019
1254500196731535361
1254501201355460610
1254508850243305472
1254509166552666116
1254512746797969408
1254516736675610624
1254519520871489540
1254522356850200578
1254539022434742272
1254542296223117312
1254542377341124611
1254547116401319937
1254550632050155522
1254556653623611392
1254585630530646016
1254592975084105729
1254639465231982592
1254781865199693825
1254816704452014086
1254905988848762881
1254926577428725760
1255067298479476737
1255083910855344133
1255091339374575616
1255113560860119043
1255134272656039940
1255163735414657025
1255192458608218112
1255200024423776259
1255270114808782849
1256007042000736256
1256013665255534593
1256050777921064960
1256053217974255616
1256370369763688449
1258168084290035713
1258437980479524864
1258560928691470336
1258662571898478592
1258662869459140608
1262052630316093440
1262438069778743302
1266212095474970624
##1253766797054152704##
1253784022196670464
##1253827131077021697##
1254198837905940485
##1253827276732542978##
1253827844939157505
1253827963033976838
