##1226774048580882432##
1226777176961249281
1226779417961168896
1226781540270661637
1226783747325952001
1226783843274907648
1226805139006201858
##1226775717888823296##
1226776081631498241
##1226775756283531265##
1226842977932316672
##1223334866743414789##
1223335072876593152
1223335164908052486
1223335603598757888
1223336277401133056
1223336300654350336
1223336363552100352
1223336778783952898
1223336881619918853
1223336914104791040
1223338150443044865
1223339106970865664
1223339661483028480
1223339821978017793
1223340806485966849
1223341538735988736
1223341651722231815
1223341828709154816
1223343321369792514
1223343769954721792
1223348156626358272
1223348335509147648
1223348459618676736
1223348804428189699
1223348881121009665
1223349569595084801
1223349611793985537
1223350048878141447
1223350535849488384
1223350642175041543
1223354617687412736
1223354813947305984
1223354966628237319
1223355463753981952
1223356593045168128
1223356599118499841
1223357177437573120
1223358141171208193
1223358557606858752
1223360201484533761
1223363207361966082
1223363283413016576
1223363312349589504
1223363659273056259
1223365677253382149
1223365964135378944
1223371501912645632
1223372165535412225
1223373063036776450
1223375431140880385
1223375747810832385
1223379883394568194
1223382858653470727
1223387368981454848
1223389684862156803
1223394246784319488
1223395979539427328
1223396987334164481
1223402002530488321
1223402653490798594
1223403779640393728
1223408140793892864
1223409651758391297
1223410669602713600
1223416382571851776
1223421969435123723
1223426067727339521
1223432092966686720
1223433237978107909
1223436772161380353
1223437121060511746
1223445182449963014
1223447086643011584
1223448931759271938
1223484066386890752
1223489550510690304
1223504216515383296
1223506847631585281
1223507926557569031
1223537489824055296
1223538701424365568
1223549798869086208
1223560750599483392
1223564952386121728
1223566589322240000
1223595577599983618
1223616331339247616
1223619210603126790
1223627911258869760
1223628307238965254
1223630930969055233
1223634570647625728
1223641772166995968
1223649371658641412
1223650144987598849
1223660983723397126
1223667228316487680
1223673601204924417
1223673848702406656
1223677591590141952
1223684730723414017
1223693002780160004
1223698674645073926
1223700176633847808
1223718327748612096
1223725173897035776
1223728306626990081
1223764659691495425
1223771598311784448
1223921774963908609
1223994496108593152
1224013324251271168
1224019310122872833
1224040094019047425
1224041797430796289
1224074143508942853
1224107394214649856
1224120382246006784
1224122482304655360
1224138302787375104
1224372071997825024
1224435718845419521
1224454995216437250
1224461662536728576
1224496454254972928
1224537019080171521
1224538901311840258
1224856936409116672
1225057777028075521
1225522764481794048
1241693654487629824
##1223335555016151040##
1223337369262329859
1223339947219963906
##1232391727304060930##
1232393525687463938
1232394378448166913
1232394623512973313
1232395080146784264
1232395440013946880
1232395715592237057
1232397075729571844
1232397361437122561
1232397601502265345
1232397890905047041
1232398340098269184
1232398979998142470
1232399451450417153
1232401636988985346
1232402360758128640
1232402855241404417
1232403080878133254
1232403131868286977
1232404455083171840
1232406033110310915
1232408990887399430
1232410408683757569
1232410959106449410
1232411899440123905
1232412581500985359
1232413569439981568
1232417277007540224
1232420612569735169
1232423543700369409
1232427057080143877
1232429646945439744
1232433044000165888
1232433254013140994
1232498564963504128
1232529950617612288
1232542854406426624
1232545747599601664
1232545894702157826
1232548157537636352
1232553553249611782
1233063241984724994
1233502284627226626
##1232406947749515264##
1232408364690345985
##1223284728788324352##
1223285230183878657
1223285687786577922
1223286057715818496
1223286108060033024
1223309517644955648
1223325346075947011
1223341969851789312
1223342395602931712
1223342988866326529
1223343333482946560
1223348203791187970
1223366249121492992
1223427986017439755
1223453779066085376
1223548514371821568
##1224206890118320128##
1224700343541518341
##1223180238403854336##
1223199165309685760
1223226970357555201
1223233727574265858
1223304471364718598
##1223313610350452736##
1223318372093435906
1223322261052166145
1223322322985242625
1223322327557070849
1223322343185047552
1223322369164554242
1223322452094222336
1223322507903741952
1223322513075126272
1223322525809156096
1223322671762624515
1223322694046945282
1223322718575251462
1223322789953916928
1223323210499923969
1223324116142436352
1223601251000160257
##1226093159773622272##
1226095309283045376
##1231642819212775426##
1231643075749064709
1231643391580082177
1231644777470472192
1231644978302070784
1231646832314527753
1231699566250074114
1231717477287124992
##1222842315682828288##
1222845993474981888
1222856126968012801
1222856965791125505
1222863929107525632
1222879808876699648
1222879841428615172
1222880104767987712
1222898370957561858
1222900467157454850
1222912538293276673
1222968688342708224
1222981262098432001
1223002658866442246
1223008689214435333
##1234481560755159040##
1234841532257062912
##1222811024568528896##
1222811074346483718
1222811151404355584
1222811236796108800
1222811694797291522
1222811856118714368
1222812544794009600
1222813208253206528
1222813785725067264
1222813792268177410
1222815454256824322
1222817987981455360
1222818047196528641
1222820361403805697
1222821164126523393
1222826192358735872
1222827709828673536
1222830541692657665
1222831638138232833
1222831715510620161
1222861329314304000
1222872064123645952
1222887683497889792
1222888235963224064
1222888506546163713
1222889392068382721
1222898135195717633
1222920458506469376
1222952554256044032
1222953013205037056
1222953344752390146
1222972590450528257
1222975487015903232
1222983493518614535
1222987624975142913
1222989381813841920
1222992673134587916
1223001392165654533
1223354278477205506
##1239648864702996480##
1239756731212840962
##1233529871936237574##
1233577111899779077
##1234337307253231618##
1234338325907083264
1234506580416237568
##1221760623593295872##
1221761897566998528
##1223218168119861248##
1223218549977731072
1223218692697329664
1223219269649031168
1223219374577934337
1223219449563664384
1223220575881043968
1223220871076118529
1223221002114674688
1223221246336303104
1223221278779363329
1223222813416480768
1223223548979924993
1223231053063651330
1223231125637812224
1223253985848700928
1223278479451525120
1223287652432171009
1223295513455480833
1223312773456764928
1223329097440468994
1223330016668409857
1223334594491101184
1223347689884192769
1223372257264906240
1223485352196870144
1223581950746689541
##1223285566407696385##
1225007131012759552
##1223363596387790850##
1223364199524589570
1223365378623115264
1223471617906483205
1223496642306957312
1223528658373136384
##1222563895509954560##
1222564266139668481
1222564327883931650
1222564407928086528
1222564440639447040
1222565333707501571
1222565634464153600
1222567378854334469
1222568836819570688
1222569685721460738
1222571200397938690
1222571602677846016
1222572652323360768
1222574109525192704
1222575412280164352
1222577726835646468
1222579026163916806
1222582081210982400
1222586338450509824
1222588221088989184
1222593454192177154
1222594670691278848
1222601378062835713
1222602303640829952
1222604726514126851
1222605248499503111
1222607341759148032
1222610229894041602
1222611404810858496
1222618504802840576
1222626296536104967
1222632108272779265
1222635595752792065
1222643650351587333
1222651595978133506
1222652355864408066
1222670730904641537
1222685110614614018
1222689768133332992
1222693298554462208
1222693688427438080
1222741196394713088
1222746489476091904
1222776012762767360
1222778770387558400
1222781394826514432
1222793903096696833
1222802995831767040
1222805013841489923
1222810341748432896
1222835338911141888
1222836068741001218
1222836770171162624
1222838025593479168
1222843919806976011
1222869348496351232
1222873943750664192
1222889985210060801
1222890199992004611
1222890335921213440
1222896395289387010
1222906953258565633
1222910449026506753
1222977858353664000
##1236248006447501312##
1236416403156152321
