##1223461254540468224##
1224869277867659265
##1222642761003937792##
1222643569128890374
1222650102944346112
1222725605206216704
1222736991730663424
1222737024131780614
1222737165077053440
1222738179293360128
1222738726989656064
1222742236292620288
1222748549097586688
1222749688169947136
1222753183375687681
1222778395907457025
1222781657343762432
1222783426178105345
##1222662184058134528##
1222662536602013701
1222662632282447872
1222662722107662341
1222663172341030912
1222663360719790080
1222663621639057408
1222663711774691329
1222663911297646592
1222664625843359749
1222664695687061504
1222664696098148352
1222664768256991240
1222665569851318272
1222665691679072256
1222666002393190400
1222666502937235456
1222668203781959680
1222668550801969153
1222669845566820352
1222672227591753736
1222672781755797506
1222672825619828737
1222673946627256321
1222674357312462848
1222675116284416000
1222675540353613825
1222684269182619648
1222684646791688193
1222687945519509505
1222689579255455744
1222696496786788357
1222697480720207872
1222702030868959232
1222704090561630208
1222709479466315777
1222715083517722625
1222715362795540480
1222717881206607872
1222719541270261761
1222721014578208769
1222721580033290241
1222725194416054272
1222725824954228738
1222726454049419270
1222728084375375873
1222730743752921088
1222731721801719808
1222732467007823873
1222735207087902721
1222738831012659203
1222740946468642818
1222743721374109702
1222744598176509954
1222745653815717894
1222747791618990082
1222750823568027650
1222751094327128064
1222752706638512128
1222754257151021056
1222756400717344769
1222760916502175746
1222761408506531840
1222764692336185344
1222765654236958720
1222766458515722241
1222769062654226432
1222770352792666112
1222771585624543236
1222773044214730752
1222773285630423040
1222777648667136010
1222783755783491589
1222786798931320832
1222787590107140096
1222788311074426880
1222789919589879809
1222790211337408512
1222794120441278464
1222795958444068864
1222797143502663680
1222799861168386049
1222800225884086272
1222801458074202117
1222802754512523264
1222810479296253952
1222811450839838721
1222818574756196352
1222832787989778434
1222833146976251904
1222837528899833856
1222838498463571968
1222843050248101888
1222845878324617216
1222846916477816833
1222847435212496896
1222855982776229889
1222860098101547009
1222873775269720069
1222877723909115911
1222888255420395520
1222898234634321920
1222899945943879681
1222912326019448834
1222928849748492289
1222934064652570624
1222935138104987650
1222936349688418306
1222970335768797184
1222970454450851840
1222970743274790914
1222971785907445762
1222972564152242177
1222972716267003904
1222973185601175552
1222975041064882176
1222975583568769025
1222977276356243456
1222981962287271936
1222986811397623809
1223008210124144641
1223020888095961089
1223027909784473601
1223028237498044416
1223028858489884672
1223039350906200065
1223041217333727233
1223078857244381184
1223095496148828161
1223113590183321602
1223202623702151169
1223236176607432706
1223561365274660864
1223947567253413888
1224095177620512768
1227604216279191554
##1222662509129322497##
1222662559322574849
1222662777636118529
1222662843645992960
1222662892048261120
1222662959068901376
1222663159275835395
1222663365438427137
1222663452050841601
1222664280581066753
1222664394758377473
1222664844563886081
1222665218070917123
1222665389521412096
1222665611521789952
1222665870704611333
1222666017018646529
1222666375946285057
1222666718566408192
1222667127133523970
1222667668903407618
1222668601867620352
1222668683199369221
1222669370838659073
1222669796862562304
1222670130750074881
1222671218417029121
1222671648568094721
1222676434696753152
1222679420688834565
1222679887309426688
1222683077362814976
1222688103552421888
1222692810903769094
1222693471078768641
1222694568728104961
1222702291146416137
1222702871411511296
1222703593087733760
1222704414760275970
1222706499069366273
1222707733490798593
1222712102118404096
1222718414499741696
1222718474725875712
1222718633698365440
1222718751335944194
1222719292560592896
1222719465911177216
1222723524374286336
1222725893891616770
1222727894880919554
1222727927206465537
1222730689830887424
1222732601041072129
1222732913160093697
1222734927273349120
1222735022840520704
1222737974313525248
1222739788610129921
1222740419752222720
1222744332995911688
1222745732534480897
1222750998231306243
1222755501735403522
1222757015195475968
1222759982057304064
1222762794791075841
1222766976042524672
1222772326544084992
1222772405615177729
1222775123893260289
1222779301667446786
1222785673008238592
1222789431662346240
1222791105311322112
1222792696588390401
1222798319346429954
1222799626778107905
1222802369190223872
1222803999826632704
1222811324478119936
1222811497736425472
1222811769418276867
1222819113296441344
1222820548557844481
1222822741499314179
1222823336453005319
1222824883039744001
1222827436540383232
1222830296770498561
1222846916951781378
1222860362099429378
1222875908790460422
1222885321341317121
1222889537308938244
1222893677913133056
1222900575529926656
1222900841528455168
1222903854750023682
1222907323577860096
1222916419035246598
1222932296698748928
1222932571165732864
1222942328786247681
1222954572626518016
1222960576583929857
1222965793970933760
1222973764725628930
1222978330460401664
1222979056586698752
1222999564778643458
1223008313694093312
1223014230607175680
1223018245864808450
1223182110967595008
1223225764243496961
1223253362440884224
1223267134458990593
1223278581331243009
1223290474926170113
1223317660739477504
1223323641083047936
1223351501625733120
1223505329364852736
1223550844433588224
1223636592633503744
1223933458180911105
1224070334451679233
1224152268112629761
1224583970421166080
1224808787200167936
1227382371311390720
##1244397384416755721##
1244400645886676992
1244419061792079873
1244486608407203842
1245047737214779393
1249761879737729025
##1239129713148342280##
1239129836808998912
1239481267449724931
1252187917105213442
##1222068161857695749##
1222069835238191105
1222079504946008064
##1227652778182529024##
1227874311165370368
1228081231327350784
1228692395916713989
1228709717486292992
1230346027598831616
##1222643075073310721##
1222644362879950854
##1223897354287439872##
1223898153814020096
1223898737086431232
1224591449007828992
##1233111310377852929##
1233120076339073025
1233135530331852800
1237480526983901184
1237739155209293830
