##1234448662543175680##
1234449652352782337
1234491785692504068
##1234558285103161346##
1234558519589953536
1234559166984998912
1234560571913244673
1234561095815356417
1234561167902810113
1234566913260498944
1234568397243011077
##1234883209948749824##
1234883603554799619
1234890324394303488
##1221886006938476550##
1221889512416186370
1221890828362223617
##1221724702999183360##
1221725327501799425
##1221707664385880064##
1221707771978055680
1221707943768481793
1221707958188433408
1221708007291129856
1221708038760955904
1221708042850459648
1221708097011449857
1221708154431512577
1221708270353686528
1221708493394272257
1221708748919595010
1221708899713265665
1221708944646774784
1221708993451712512
1221709121495470080
1221709149286948864
1221709285631066112
1221709371865997314
1221709830097899521
1221709940550766593
1221710208273125382
1221710292968787969
1221711542699294720
1221711925400260608
1221712179172384768
1221712676335837185
1221712704228020224
1221713423467151360
1221713602568245248
1221713949835628544
1221716181750513664
1221716633544286212
1221717767222710272
1221720416122810368
1221721125446656000
1221721296377143296
1221721355005190144
1221722028551680000
1221724059429474306
1221724618756689920
1221725774727798785
1221725926876237824
1221726820116111361
1221728662329884672
1221731473201541120
1221737212070580230
1221741674902237184
1221783495065980928
1221791726949621762
1221796055253245954
1221825471672913922
1221828338559471617
1221842360197427200
1221846713859805187
1221866967205892096
1221875949765058562
1221878625106001927
1221900529414148097
1221915583316471809
1222234448093229059
1222332872117379072
##1221738702705254407##
1221739714409046017
1221741099020103680
##1225001051969015809##
1225002693112057856
##1225015275722092547##
1225015361424195584
1225015887205425154
1225016317281021952
##1225194352605114369##
1225197446273339392
##1221644063503474694##
1221645667023622144
1221648858595364866
1221648968293212160
1221661132932382721
1221831626570784768
##1232557597670170630##
1232558529598369794
