##1230527574750744576##
1230528690326515712
1230529364489592835
1230531777510375424
1230531953188839430
1230532384669478912
1230533421497188359
1230534167504486402
1230539227609387008
1230540349447249921
1230546795333378053
1230553138802749445
1230553924609855489
1230556364151246849
1230558762819211267
1230564520881352707
1230569503987322880
1230574655427227649
1230577704925302784
1230584530626543617
1230632583735709696
1230740140869292032
##1230578932392628224##
1230579490297917440
1230579521772019717
1230579719285985280
1230580288088104961
1230580552417320961
1230580671497805826
1230581356528271361
1230581544013717505
1230582086798651392
1230582707580817408
1230584875419422720
1230587186808053769
1230587900250742784
1230589226326118400
1230593009227620359
1230593167625510912
1230599286271991815
##1230586229449797632##
1230587307851468800
##1230591984567492609##
1230592427251109888
##1237803976248229891##
1237806650892988418
##1238072021457817601##
1238087305203781634
##1230437490974167040##
1230438132371402753
1230438375569723392
1230438991155146753
1230439441048768512
1230447192147726337
1230447799730343936
1230470536427384832
1231544500251758592
##1230519712519458816##
1230520958210990081
##1231717583314935811##
1231984388423860225
##1231357530892390400##
1231392698277466113
##1231357762656964608##
1231363827377283072
##1231970384490176512##
1231995805030023169
##1230464707192086529##
1230464938935754752
1230464945277587456
1230464962612678658
1230464966915973121
1230464969378017281
1230465097518239744
1230465115255910400
1230465344558501888
1230465357485412352
1230465373012725767
1230465856901144576
1230466070236016642
1230466398670983168
1230466417868312577
1230466639344406528
1230466724513882112
1230467106774319104
1230467191822221315
1230467285799837696
1230467471796252673
1230467662293196800
1230467744518361089
1230467752063913984
1230467774843162624
1230467792140414978
1230468066615664640
1230468307624644611
1230468420690423814
1230468444933574656
1230468718439870464
1230468814069874688
1230469084325662720
1230469584358080513
1230470166875688960
1230470382731374592
1230470737967931392
1230470826123841541
1230471392631705600
1230472063523131392
1230472398018928640
1230472669545607169
1230472729121476613
1230473032038305792
1230473554619183104
1230473707539378176
1230474112700645376
1230474189720690689
1230474843927252992
1230474887787139074
1230475386934435840
1230475417900982273
1230475642463977472
1230475811150553088
1230476324407517184
1230476658496266241
1230476798519128065
1230476917020774403
1230477505414488065
1230477917286735872
1230478382036652032
1230478510332030977
1230478557740257281
1230478965116166146
1230479044195561478
1230479413940277248
1230479513299161088
1230480028531601408
1230480427804176384
1230480474918834176
1230481621704417281
1230482498397835266
1230482892226269184
1230483085394882560
1230483225107030021
1230483752196988929
1230484116170129408
1230484138106421249
1230484683525369856
1230484874991144962
1230485478853545986
1230485887827488769
1230486103175639040
1230486681062694912
1230487033669472257
1230487095594160128
1230487155002298369
1230487956730925059
1230488207789371393
1230488297874579457
1230488599231107072
1230489416407318531
1230490477985751047
1230490837487886336
1230491450485485569
1230491632082046978
1230492129320980482
1230492340453859330
1230493724351901697
1230494019999993856
1230494813100953602
1230494868990021632
1230494918138847232
1230495182220603392
1230495465784987653
1230495732823732225
1230496193190465536
1230497600769601536
1230497605962039302
1230497795892797440
1230498633168060416
1230499009661415425
1230499507412099074
1230499557647298566
1230501617168003078
1230501716090552320
1230501729285951494
1230501801163710465
1230503566181380098
1230503933451341824
1230504195259846656
1230504601159393281
1230504916482916353
1230505209400643586
1230507493341716481
1230507856266506243
1230508436309315585
1230510120028819457
1230510168284200960
1230511110706618370
1230514506800996352
1230515009484132360
1230515954960019456
1230516925303791617
1230516927371599872
1230518857674215424
1230521413792038912
1230522974316396554
1230523075063623683
1230529498212454401
1230529572644556800
1230531326941548550
1230532226875568129
1230532463283363842
1230535241124765698
1230535582352388096
1230535965472673792
1230536860260294657
1230537852863361024
1230538122741465090
1230539111498424320
1230543115943108611
1230557980854120449
1230560750621474818
1230561402642825219
1230561539557449729
1230564574014738438
1230568073884647425
1230569188684636161
1230578598395994118
1230580211613413376
1230581832971890690
1230583346893393920
1230583722761687041
1230598036302311424
1230601897372983296
1230605777485881345
1230607394218086400
1230611136468443145
1230622096704917504
1230636097643913218
1230637807447703562
1230639224786956288
1230640020010274817
1230641079474688000
1230644077835751425
1230662594329022464
1230663792301953025
1230682292856786944
1230682677302497284
1230697482100690946
1230742160359612417
1230761662161944577
1230771489743392770
1230812238447071233
1230818020391604224
1230832795553058816
1231151507975917569
1233438977694281730
##1230465984177278977##
1230466246006710275
##1230455643443777541##
1233701298949763072
1233702507643310080
1233754885931380736
##1230465649165635587##
1230465821660663808
1230466099239641089
1230466329628618754
1230466474579501057
1230466861336268800
1230467177272070146
1230467212508585984
1230467986978476033
1230468372049072128
1230468449480183810
1230468568497754112
1230468569751748609
1230469695498805249
1230469771604496384
1230470465715605504
1230470516097585152
1230470836013977600
1230471248699961352
1230471458264092673
1230472681700708360
1230472704270241797
1230472872642121730
1230473206445887488
1230474028537843712
1230474120657330177
1230474800948183045
1230474967743111173
1230475482170318850
1230476264647032832
1230476463637438465
1230476510756126721
1230477647563689984
1230477926442905600
1230482447453872131
1230483113492516864
1230484230301458433
1230485675935457282
1230485851819462656
1230486350937444353
1230487641776381953
1230487794151231488
1230488997870346240
1230490258392965120
1230491405761597442
1230492515066929152
1230492855468281856
1230493235711266816
1230494321956343809
1230494451879022592
1230494849859772416
1230495085483241473
1230495492888502272
1230496167307489282
1230496253131313153
1230496442986397696
1230498108171264001
1230499414692810752
1230501129563316226
1230502338332446720
1230502917960032262
1230508775980912640
1230509364173266944
1230509612140503041
1230512537898233857
1230513697396797441
1230515687434719232
1230516327359680512
1230516954190041088
1230517843772542976
1230518056402681859
1230521071150993410
1230522002051682311
1230523588568059906
1230523686018572288
1230524424031526912
1230527139059027968
1230527869161439232
1230527938984128513
1230531646522298369
1230533979742273537
1230535111755620352
1230538549004558337
1230541018203852801
1230541215659065346
1230541809920696322
1230542233910333440
1230542915413385216
1230543093780373504
1230543435326775297
1230545838621044736
1230546246948933633
1230546306113966091
1230547507199041538
1230549137461936128
1230549595542806531
1230553049472462848
1230553562020626437
1230553955509235712
1230555812919050253
1230556358639906817
1230556639654113282
1230558051729412097
1230558780191961088
1230558884026179590
1230560197736665089
1230565787728896002
1230566273831952384
1230566322980786177
1230568450831134721
1230570855547244545
1230571301791784960
1230572757953499137
1230573229246492672
1230577014056345600
1230579093269291008
1230579229881970689
1230579796536647687
1230580153765552128
1230583956434612224
1230592263077728258
1230592795183849474
1230593708229353472
1230594812203720715
1230596115319447559
1230597120123658243
1230597571879591949
1230607537730445339
1230610401668337664
1230611595673382926
1230612815188287494
1230614563311235074
1230616741723672576
1230618250876248064
1230641408438099969
1230642174129295361
1230644872517910528
1230650815708352512
1230651152548663297
1230654557614694400
1230667720737349637
1230670479905755139
1230673620650921986
1230683521611632640
1230685728037797890
1230688481883475970
1230726468545572864
1230736019898585089
1230751144630083585
1230792012124868609
1230860065852268544
1230977719950860288
1231198385203490816
##1230478499024166916##
1230483558134898688
##1231269739088969730##
1231269871595462659
1231271755056111618
##1230450282183741440##
1230468491343515648
1230503405988302848
1231049292137279488
1233769121269059590
##1230467629300711424##
1230472959137079296
1230476378648272899
1230505258478186496
##1231263031432183808##
1231263154421760000
1231263382050942980
1231264056591474688
1231264112065335302
1231266993170472960
1231281248842211330
1231290343590592512
1231307471618236416
1231316273130360835
1231339502305783808
1231346832095293440
1231501430088966145
1231507854974181387
##1231277070451384321##
1231312218542620673
##1230582142264127489##
1230585090884980736
##1231514749927645185##
1231514840751058944
1231514845335478272
1231515735366799361
1231518580862267397
1231520383175741441
1231528573200216065
1231531866894872578
1231534986790043648
1231544197448163328
1231555614595260418
1231575165018025990
1231862679146565633
1231864434341142529
##1230435452391432192##
1230446085614788608
##1230459713940283393##
1230461565364822023
##1230505664973344769##
1230506061347553280
1230507480368795648
1230507821227220992
1230509216898658304
1230526139589853186
1230580742591258625
1230668344522629120
1230747601546272769
##1230446190182924288##
1230446804115820544
1230448813992792067
1230462052155695104
##1230537599242117122##
1230541498707595277
1230577164371845121
##1230543176777244672##
1230543985996894210
1230544217757409280
1230552197210882050
1230560529103482882
1232441303419408384
##1230249009618530304##
1230251160902262784
1230254635811844102
1230265571700244482
1230272294452387840
1230421316047687691
1230513413148770305
##1230270762872864774##
1230271145431224321
##1230283580980572161##
1230427670149771264
1233704195859132416
1233708825728999424
##1230367545963827200##
1230392994467061762
##1230368534712156160##
1230369619749330944
1230372339965210624
1230414915053244421
##1230370570426028032##
1230370727481790464
1230372773488361474
1230375218595684352
1230650409171247105
##1230387048672043008##
1230398445678137345
1230488047520813056
##1230392169313316864##
1230413104984592384
##1230405290211860480##
1230405560262184961
1230405613181710336
1230406575975620613
1230406840615424001
1230407079854268416
1230407499204956160
1230407938692583424
1230411933792079872
1230413846164230144
1230414056986726400
1230415402032865282
1230415869009854464
1230416946480500738
1230417126080614400
1230419154143936512
1230420502440742912
1230422593662078976
1230426235756478464
1230429788998901761
1230429943563276288
1230430079332823042
1230431843574517760
1230432160038957059
1230435567046987776
1230439400808624128
1230441458420703232
1230446933237489664
1230483406062071808
1230485771741728769
1230499021350895621
1230603490403246087
1230636474787344384
1230760991148793859
##1230409563096129536##
1230446016773664768
1230450255004606464
1230460226719113216
1230460917609050112
1230462354678263808
1230462582152204288
1230464213212155905
##1230412742554718209##
1233701617461014531
1233707756944855040
##1230418020478132224##
1230418087352193025
1230418347277373440
1230418858206531584
1230431638661877760
1230442172639535104
1230444390641958912
##1230418820109611009##
1230420392256450560
1230425747640266753
1230427416394334209
##1230423395369652224##
1230426901367447555
1230443544676007936
1230463147082964993
1230478220308381697
1230478737348726785
1230478786480791558
1230479817688129537
1230483048392773632
1230520732016312322
1230524202446442497
1230524596476051457
1230575299223531527
##1230428345906728960##
1230428852742164482
1230430683685904384
1230433159327686656
1230448462476517376
1230453576000036864
1230456036638822400
1230459665101807616
1230460249787813889
1230516544817549312
1230663587875737601
##1230428384951439367##
1230437041067851776
##1230429719910342658##
1230444486687444992
##1230437620653740032##
1230438456318472193
1230439687376003072
1230441985028304896
1230448033172787201
1230448947304509440
1230459442627579905
1230527268809736192
1231845756811825152
1231846891681452032
##1230437801646272513##
1230439202564780032
1230441164324687872
1230456450859839488
1230494492777701376
1230500395786625026
1230541075921670147
1230544766636560386
1230581835924721664
1230742167666061313
1230801780444934144
1230802630982750218
1230839225312010243
1230908007501979648
1230917577955635200
1231164828594704384
1231193105937903624
1231361036822962176
1231541305580359682
1231555876462485505
1231583219998482432
1231641550981148672
1231650693515218946
1231685209957052417
1231820367607599105
1231901058772938752
1231901196719251457
1231979645177913345
1231981029595979776
1231981186765000705
1231994445458964486
1231997052609028096
1232001176708747266
1232003228008689664
1232058484142768128
1232095970961305606
1232190182293692416
1232208732010041349
1232215338655322112
1232215489071456258
1232279938226675713
1232552302621478912
1232590729559650305
1232622323607490561
1232676387846283264
1232678398843064321
1232680871234359298
1232686788503842816
1232745874637258753
1232784617415024640
1232978985795178499
1233013950624735232
1233094860476993539
1233104873685757953
1233118570588131330
1233121973477265409
1233129717412302849
1233281720922902528
1233296648463429633
1233324541054799872
1233339055615684609
1233363624447664129
1233380119550529541
1233381144495783936
1233386780965134336
1233666752590077952
1233673468253786112
1233673744649990145
1233701419984785409
1233702047616249856
1233723268508585985
1233723502794022912
1233800132224831488
1233808775003484162
1233812166513434626
1233832600193638402
1233847348259950594
1233867996415827970
1233946691532922880
1234015276712308737
1234174933770670082
1234176093575434241
1234183707080220674
1234197178719010823
1234200127633600518
1234201181918048260
1234204825094672384
1234237720173711360
1234394586434461696
1234448190646214656
1234529607724011520
1234536810895810562
1234554864895758336
1234581969167683590
1234626916415688704
1234726291154272256
1234739414150066177
1234782311666900992
1234789239260405760
1234802277342482437
1234929317458542592
1235008068225728513
1235114342749634560
1235175353670406144
1235245902484340736
1235286525983805447
1235309167117848576
1235349913459986432
1235377974372859904
1235378999590821889
1235686022047989760
1235712408355778560
1235879349942919173
1235926611440160768
1235929953134424064
1236215669231890438
1236247978760966144
1236270114565218304
1236285968518348801
1236357801406091265
1236393351391387649
1236394006650613760
1236399336344387584
1236445726550495232
1236741607480844293
1236743804641828869
1236747041025515521
1236748443646922752
1236763581837979651
1236797986534981634
1236895835897704448
1236910000343257088
1237038573360218112
1237106177273724929
1237114563579052033
1237132479972159490
1237253295061811200
1237259467126906881
1237270058423988224
1237280776980496385
1237336626570952705
1237357673479376896
1237702448023851008
1237743468803493888
1237827707150327808
1237832681163042820
1237839041627705345
1237852797325869057
1237872362306977794
1238034650397839362
1238230226976546820
1238241259724079110
1238277594430177281
1238495094333988870
1238507399922831360
1238512038424408064
1238553429921988609
1238558679282192384
1238707831685230593
1238750276951179264
1238752668732002304
1238758710815711232
1238759999876345857
1238764035736309760
1238799341206339585
1238872835742937091
1238882806492692482
1238902055105945601
1238919136576757763
1238925999578001408
1238926549883260934
1239082199275708417
1239083064812130304
1239092592735895553
1239106483549282304
1239201212768997376
1239223447714234371
1239248321006522368
1239250305658884103
1239293861597450242
1239296043440902144
1239354844806250496
1239426800087859201
1239435090800803840
1239510614956896256
1239553261884989441
1239586023811747841
1239589523673305090
1239715045283467264
1239848878284902400
1239853265413705730
1239881551837569024
1239945510045331457
1239972710240776193
1239980092102672386
1240029169737760769
1240151751942189057
1240231476702183426
1240234959664750592
1240392195657674756
1240634926992629760
1240724785941950466
1240730808643727364
1240818176419598336
1240921676566671360
1240948042607534081
1240949310570803200
1240949354770452480
1241204846637854720
1241328425119465472
1241449763624685568
1241451360664596484
1241456386967470081
1241640115996327937
1241646195333881857
1241667153180397569
1241730885357092868
1241741512351920128
1241776200902729728
1242034868277649408
1242135202954174467
1242157963562844162
1242161803024621586
1242161992879804416
1242505058073350147
1242809477776265216
1242956817111670784
1243187227250905090
1243246285655879680
1243248357574836224
1243255275257303045
1243273248063676416
1243282345270050821
1243484165003239424
1243515027216351233
1243520298995068933
1243596805117534219
1243855066789969920
1243957215331000322
1243985841208397827
1244047113761312769
1244138476838191105
1244256789354418178
1244276359175831552
1244282644147421184
1244516890057334795
1244553299291930624
1244558297140736001
1244941500531855360
1244962578301964289
1245044428487700480
1245351846748868610
1245447621034074116
1246077628731310080
1246169494579445761
1246362687811928066
1246430366858203137
1246740172823240704
1246741507949965312
1246886385539317761
1246902391766745089
1247187855761387521
1247189202476957697
1247304583052959744
1247604907760369665
1248342645568651264
1248640030421192711
1248725412257116162
1248727050501963779
1248927371341770752
1249774544409239552
1249974190847000578
1250005603734487040
1250454233586917376
1251498944552722433
1251559348943421446
1251860918235025410
1252493282443235328
1252503271266271232
1252864684664872961
1252918298653663232
1253016047369715726
1254859083095695360
1255600094558257153
1255761925272715264
1256253730065911809
1256770467794505730
1263737020712714240
##1230452023499292673##
1230452176213946368
1230452863085748226
1230453640667836422
##1230458215252492295##
1230458579586600962
1230461832080580608
1230463291174113280
1230479148566687744
1230490107121209345
1230510211380764672
1230518087121854465
##1230467131046797313##
1230467318834221056
##1230467542734508033##
1231531870917201920
##1230471153610784768##
1230471194014560257
##1230478857834246144##
1230479069030031361
1230479467266629632
1230479553216352267
1230482449395847181
1230793529586257922
1230836826136551424
##1230484849464676353##
1230487043911901186
1230491200836292611
1230491856359874560
1230494729105793028
1230497928202067969
1230498108196446208
1230502679887175680
1230503358903001088
1230506468815855621
1230507753975767041
1230508477929476096
1230509398973460481
1230510791650091009
1230511445625966594
1230516380853731330
1230516837865205767
1230518687926452225
1230520673191301121
1230522352406056960
1230523696290373632
1230524322994847745
1230525325005721605
1230534182725656583
1230551136018415616
1230552545862418432
1230555754660130823
1230556626760810497
1230607078370271262
1230607715170426880
1230689517717327878
1230697918526558209
1230750191042486274
1230803165248966656
1230833753330769920
##1230491149619650565##
1230505519481344000
1230546102442774530
1230815905405423617
##1230497567483494400##
1230499771288375300
1230500634824237056
##1230499319729598471##
1230499568049061888
1230499602283073536
1230499722634371072
1230499970467454976
1230500224155693056
1230500263137566720
1230500411553042434
1230501221703790598
1230501456710688773
1230501525140770820
1230502013080875008
1230502021670875137
1230502170098839553
1230502860200325121
1230503878564642816
1230504291187777536
1230504427158724608
1230507281311244288
1230507824247197696
1230508882902093824
1230509259890319361
1230509694067843072
1230510099493376001
1230510128975302659
1230512918875295744
1230517070795804673
1230521418946875393
1230521904932540416
1230524198570938370
1230525278071480326
1230526163489038337
1230528653177520129
1230530147276726273
1230530456984129536
1230530847276748800
1230534794976669697
1230538193122009096
1230547625411104768
1230548044833267712
1230550177389244417
1230559012493516801
1230559786707505153
1230567418600316928
1230573458192568320
1230574811153301505
1230576925669810182
1230578459979767808
1230579442239574018
1230580182223859712
1230580501100089344
1230580774312783872
1230582245435592705
1230583420641824768
1230585597477236740
1230589381628637184
1230589815709720580
1230594783984455680
1230595830480015361
1230602502527213570
1230604241644945408
1230615914682474499
1230617335804891136
1230619582660038657
1230619590868205570
1230622955799011329
1230624945316691969
1230627176262905856
1230650249405980673
1230690496101732353
1230691291991879680
1230698957405224965
1230701465120825344
1230745239150682113
1230763154214277120
1230805817441628161
1230807817239584768
1230822447269732353
1230824879324356608
1230827483278213122
1231018327037894657
1233768327459332096
##1230523637498818561##
1230627545822855169
##1230526493874380801##
1230526853183610885
1230564192182095872
1230605148700979200
1230904508068323328
##1230532501141172224##
1230532809347010560
1230532864854429697
1230545928433676290
1230552169360719872
1230558025141739521
1230564848670367745
1230570380127080448
1230740785110253570
1230968973644255232
##1230542652929650689##
1230543108020088832
##1230543854811484160##
1230543936915111936
##1230545412550991872##
1230546231119753217
1230559087408009219
1230607605942411267
##1230552040415219721##
1230552133142896648
1230600656693714950
##1230558128724307969##
1230565566215147526
1230566396771237890
1230582948715520000
1230597328383479808
1230625612479520770
1230700698599190533
##1230568401715650561##
1230569136771584005
1230569379517157378
1230570533546160129
1230571077593653260
1230571614116425729
1230572502906216456
1230573015496306690
1230576564422742055
1230578026813018113
1230578939422236674
1230579031780794368
1230579636767272967
1230580346498027521
1230583192475885568
1230584186592989184
1230585061289885696
1230585151077437442
1230585262146760705
1230589700274085899
1230591442214629381
1230593866123927559
1230594475145277442
1230596397570940930
1230597017203859456
1230603423072083981
1230614127091109889
1230614655053303809
1230619826873413632
1230621011072167937
1230642544092106757
1230832120211365888
1230926993262284801
##1230597435057156096##
1230597742877171720
1230598300757364736
1230598481661878282
1230616582092705792
1230620581512478721
1230740536270548992
1230747450035462145
##1230619208247054342##
1230817579566075926
1230842106073288704
##1230643435167764489##
1230655546308558848
1230657583062700033
##1230804477478887426##
1230805622683295744
##1230838684951420928##
1230844430854295553
1230847387272458240
1230853192222740480
1230854956850262018
1230860978763501570
1230871973632368640
1230875765736189953
1230887991037612035
1230889808177893376
1230908418321473538
1230917899239481345
1230918993122336768
1230921887540301825
1230922064741240837
1230941157229780992
1230953335638953985
1230957397876858880
1230978562712383491
1230989581425795073
1231104751040892929
1231156625886470145
##1230854289754554370##
1230855735044714498
1230918412278358017
##1230909270360838144##
1230909703900758016
1230913166508470279
##1230920823051096070##
1230930318896586753
##1230948927735783424##
1230967758327885834
1230974650043305984
1230975134003011590
1231087121202589697
1231100883976454144
1231153273131995136
##1230980378288107520##
1230996506926354433
1231004293085433856
##1230986464722407424##
1230988366369435648
##1231083559127060480##
1231085621852200960
1231086235294326785
1231086956244852737
1231110892298940416
1231125953159536640
1232236428689575936
##1231124286636728320##
1231324880538406912
##1231156208360476682##
1231157925500067840
##1231158817653608448##
1231184424370397185
1231198844391743488
1231213520097808384
1231241455823458305
1231241868014444544
##1231174122572537857##
1231176090309287936
##1231175533184114688##
1231175763933659136
1231175835073294336
1231176730498523136
1231182778626015232
1231184513008619521
1231187523013095424
1231188817228566530
1231194016793931776
1231194068602015744
1231194705985142787
1231194923938045958
1231196385413910528
1231218424107323393
1231224131355598850
1231225003171078146
1231227788985819137
1231237652915130369
1231242058742030336
1231265711718371329
1231268941995106310
1231269717874225152
1231270787698614272
1231271290511745025
1231312422079778817
1231312465704767489
1231340068113133569
1231349191995199489
1231488157838905344
1231526008928579591
1231818455155978240
##1231211296990752768##
1231217121100693504
##1231232463994789888##
1231235034281074691
1231236627151888384
##1231260383454859266##
1231261337474469889
1231270156783046657
1231278218851889153
1231283153685360647
1231332410605887489
1231332603757834241
1231333220974768129
1231334330775089152
1231334353940238336
1231336130207002624
1231337471289499652
1231355825538654215
1231359817878581249
1231411391745216512
1231422821324218369
1231434072720912384
1231438352290848768
1231449377111068673
1231461108051038208
1231463244272984064
1231520446178365441
1231610627703156742
1231720065990610944
##1231278026551369728##
1231320708057354240
1231515593456652290
##1231302996170022915##
1231305509275361282
##1231507297744146435##
1231511258081439744
##1231550344955514883##
1231551443993333766
1231561223545774080
##1231577436745326592##
1231578002762403841
1231578275950055426
1231579928963010560
1231580258941440000
1231584661438156807
1231585672961630209
1231586194829520897
1231588584370692098
1231591128266395649
1231600365398843393
1231600593644339200
1231600853783543809
1231601597261762561
1231605285623619589
1231605438711504904
1231610125913411584
1231610640156045313
1231614808774057985
1231616148258639873
1231617394117947394
1231617427781431298
1231620259070779392
1231627692329578501
1231627817529548802
1231629290271363073
1231631440431001600
1231632179110842374
1231632289215455238
1231633963149647874
1231634342855761920
1231635826653761536
1231639064572547072
1231644113570803714
1231650680752017413
1231654479705116679
1231654877790687232
1231664203221606400
1231665780590350338
1231675713679450114
1231675825570885633
1231677443687297026
1231678280526450688
1231690042768121856
1231723912066674689
1231726988353835010
1231728232216616966
1231750003934126082
1231782040967745536
1231783263318007811
1231839748894969856
1231854965683040256
1231879556975538176
1231882911571488768
1231906464022790146
1231908680804769793
1231913088632393730
1231941144738697217
##1231580224103624705##
1231580352164106241
1231580528920449025
1231580557496242182
1231580624282058756
1231580855140786182
1231580955749515267
1231580959243481088
1231581070782554120
1231581093738041351
1231581121546276865
1231581180169945088
1231581204442472448
1231581356834140160
1231581629908422656
1231581838088511488
1231581862440689665
1231581973824581632
1231582080859090944
1231582226309144578
1231582439685922816
1231582446816235521
1231582614961688576
1231582752463605762
1231582759753265152
1231582784994598912
1231583017698779137
1231583832224288768
1231584300501544965
1231584698259906562
1231584739510890497
1231584827855572993
1231585856311504896
1231585878604120065
1231585962204987392
1231586613190430721
1231588067548581888
1231588987246006274
1231589208462155776
1231589858109460481
1231589866611314688
1231590542334668800
1231590876440408066
1231591775149711361
1231594776736206848
1231596641079169024
1231596666672812032
1231596829973852161
1231596931341787138
1231598385326624775
1231598557431549952
1231598636141875200
1231599566023204867
1231599598319415300
1231599833548496897
1231600113811951617
1231600166878183426
1231600241503285249
1231600435980652544
1231601671224070144
1231602694600740866
1231604056361259009
1231605371640434688
1231605783760117762
1231605981609701376
1231606239764926464
1231606364327284737
1231607786607448065
1231608137213497350
1231608216183869440
1231608815860273152
1231608950673616909
1231609966081069056
1231611309583740928
1231611330785837056
1231612308276875265
1231612647210131456
1231613637435023363
1231614623767564288
1231614801199194112
1231614965880147968
1231615111510593537
1231616069007237120
1231616725298356224
1231619176239894534
1231621535145877508
1231623698307862528
1231628700803878914
1231629589530763264
1231629977365422085
1231630775747063808
1231637287638839297
1231642208606064642
1231642575616008194
1231643529908248579
1231643657746423809
1231645237380046848
1231645404539871232
1231645513730142209
1231646199867936772
1231646291815522304
1231646734209757190
1231646853701230594
1231647601570799617
1231647705333731334
1231648594018623489
1231653201637761025
1231653259686875142
1231663501514547200
1231663692485451777
1231663830100520961
1231664067741462528
1231665404759638016
1231666461774577664
1231667661609697280
1231668458699608065
1231668662534361090
1231669202982965249
1231671084564570114
1231671139564507138
1231671211861606400
1231671862016475136
1231672635261693958
1231676869520613376
1231680438260895747
1231681567996731393
1231683993625600000
1231686596266799105
1231688635197665281
1231689913583767557
1231691873078607872
1231693185254117378
1231693920955965446
1231699070248460290
1231701517041905665
1231702394871963650
1231705054903775244
1231705207144402944
1231705427299176454
1231705487672008713
1231706065840021504
1231706141748531202
1231721486492278784
1231722306009010177
1231727507398971396
1231732145271582722
1231733364987748356
1231756388545765376
1231763129652195328
1231764060632424448
1231768329272090624
1231773326651031552
1231777277920337925
1231779234391175168
1231779688886013952
1231783302606065664
1231791017222909952
1231792669522907137
1231796980181094400
1231798814060793856
1231801752791453696
1231803734595907585
1231807882129281024
1231809386013757440
1231811016968884226
1231815937793445888
1231820415540039682
1231823202055270401
1231824828191117312
1231826906976333826
1231827459324157952
1231844475326140416
1231844583232937984
1231846724630646785
1231852407983943682
1231859546362171392
1231870907968348160
1231873620663730176
1231878188076294144
1231881543339126786
1231888833588998144
1231890919789645824
1231891678589587456
1231903276444069888
1231903804670562304
1231907021328408577
1231910640220037121
1232024288800182274
1232258885391659008
1232537850933104640
##1231620337827295232##
1231769240220377089
1232236767782277121
##1231630081589727235##
1231660794934431744
##1231640727672754177##
1231645005506392071
1231664153623965696
1231678851647975426
1231683281407660036
1231683849903656961
1231687917132750850
1231715335637786624
1231723374784733189
1231723769082847237
1231732865425170434
1231829807840845825
1231961765652652033
##1231641025179013120##
1231641205114654720
1231661270753038339
1231671908950839297
1231672424086867968
1231892783188893696
1231948971012214784
1231961230774013952
1231963422939545601
1232301450258255881
1232362465624821760
1233462520289124355
1233760679301124098
1238419283522260992
1246019159575707648
1249767364763271168
1249849543421833216
##1231651873146441728##
1231652149815316481
1231657655946612737
##1231653784377532416##
1231673748228583425
1231717241764425730
1231723747800952832
1231776868937949185
1231986262975950848
##1231677541200596995##
1231677645911359488
1232031433277005825
##1231685635674497024##
1231685865778352129
1231686119814766593
1231686202656526343
1231686317815345153
1231686683885740033
1231686691838210061
1231687151697440768
1231687221847248903
1231687480958693376
1231687564584718336
1231687566295957507
1231687645694173185
1231687988876365824
1231688388195037184
1231688484215296000
1231689269351211010
1231689679847727105
1231689774248927233
1231689956202033154
1231691918205169665
1231692337438449664
1231692620092641280
1231696047853969409
1231698683948912646
1231699062581268481
1231699991347027970
1231700323472900096
1231700654248296449
1231700919089336320
1231709989888233473
1231713257213308929
1231713281930297349
1231713397047267328
1231714467123212294
1231731127183908866
1231739008356683776
1231739684067463168
1231759581501673473
1231771420151164928
1231771555237171200
1231796105995837441
1231812345585897474
1231824167592452097
1231825823222706177
1231834007631024128
1231837576627204096
1231886398287826944
1231941875197714432
##1231705032573300737##
1231811102415237121
##1231918381311430656##
1231918511850651648
1231918669313331203
1231918819976916995
1231919309754073089
1231919921380065281
1231919951847608320
1231920659359522818
1231921095491686400
1231921100625448961
1231921438782824448
1231921593900838920
1231921975527907329
1231922579180544003
1231922925793505280
1231924011560554496
1231924189629562880
1231924897900908544
1231925818441584640
1231926217034653699
1231926350191222784
1231926376325885954
1231927050509996032
1231927727994875911
1231930174985379840
1231933140706349056
1231935679485108225
1231936486418866176
1231936622909849602
1231937884174856192
1231940828924346368
1231942108073910273
1231942143431802883
1231945116505559041
1231946225433432064
1231947091116732417
1231947461100494849
1231949290009976832
1231949871739023360
1231951045938622465
1231954746589798400
1231955930939559937
1231957944369078273
1231958265170448385
1231962245489360902
1231962759132262401
1231964816761217026
1231967402667237377
1231972327421890560
1231972362926596097
1231972890393948160
1231973393400057856
1231977001134837761
1231981592777838596
1231982244547395586
1231988136273686530
1231990201595170818
1231992987728646144
1231993328805216256
1231993885158711296
1231994102520172551
1231996773700448259
1232000410887565312
1232000705952722945
1232004947543306241
1232004953285255170
1232005759598239744
1232006704491106307
1232006757041541121
1232007919077556231
1232016603035963392
1232016781029539841
1232026253634523136
1232027502333263876
1232029074459152389
1232034890293678080
1232036214842241026
1232044132069187585
1232048670201139200
1232054088059281410
1232060407298347008
1232063825110872064
1232064137116749825
1232067763541180416
1232074813172338693
1232097570559844352
1232106439231115265
1232110193221259267
1232111924621512704
1232122430833004544
1232133994776539137
1232142006257885188
1232142180162187265
1232242387948384256
1232259950610649095
1232263798700085249
1232303081196531713
1232304964875276289
1232990744585134080
1232993526666928128
1242057999449042944
##1231935114520793088##
1231935499822075905
##1231953435379011588##
1231954540368420864
##1231966333396451333##
1231968000342970369
1232047751090900993
1232122987060584449
##1231967863877046277##
1232025484860502016
1232092436580720642
##1232639392382103553##
1232643878823628800
##1232696826538553344##
1232838520617754629
##1232696842162491392##
1232730254751432705
1232821079271518213
1237879889643991044
1241194538988953600
##1232782938053500930##
1232784691817787394
##1232806179761541120##
1232807027057070088
1232808623996375041
1232809535250849797
1232809697738141696
1232809907860201473
1232811058315890690
1232811675541233664
1232812498438455296
1232812677875093504
1232812834720972801
1232818407759908865
1232831478117142528
1232832556988588037
1232845028663472130
1232852208691093504
1232855160411557888
1232856133230039041
1232861652158222336
1232861715840294912
1232870605487210496
1232872415774101505
1232872533541691393
1232876928295735296
1232881399079874561
1232882471093534722
1232884367669809152
1232886414494359552
1232887650211762177
1232887969192828929
1232896955841425408
1232897924763439105
1232898255090049025
1232900378116620289
1232902634991955968
1232909773026287616
1232914926945083392
1232923112783609862
1232935721402540032
1232947900021460996
1232963121481965568
1232964488686710785
1232973958154276864
1232983094447218688
1232983563412393984
1232983898759540736
1232984373819052032
1232986365203275777
1232989660349181952
1232993498854502400
1232997477810307077
1233000642089824256
1233011223198945281
1233011311568662530
1233014157106188291
1233017798651260930
1233033855004815361
1233040456142983170
1233041250749702147
1233102078022692864
1233119484082376706
1233126036340183040
1233168291948122119
1233171644241367040
1233179640501612544
1233256559460986880
1233295270542290944
1233341119418773504
1233465836544962560
##1233382084233900033##
1233384808488804352
1233391316404449280
1233407259981512704
##1233433594468519936##
1233502902661992448
##1233483088698789888##
1233502858252824577
1233504426972844033
1233767637630541825
##1233727098042421248##
1233727169425281026
1233728460549500928
1233728712073457664
1233729710380769282
1233731855746203649
1233732777981419520
1233733745011761152
1233736975636717574
1233739950237143040
1233743390333980674
1233762508189655040
1233767838239858688
1233784357741092864
1233822037099020288
1233838451507810305
1233862623717941248
1233982692397588480
1234014334466056192
1234027578803081216
1234189882882449408
1234749692761825280
##1233760764835614720##
1233760892828954624
1233760959463927808
1233763222336999426
1233767315726045184
##1233799216968949762##
1233802830705721345
1233803790001807360
##1233838272377446400##
1233838446084530177
1233839168964440065
1233839385373822978
1233839442424672257
1233840246179188745
1233841413114257408
1233841470324514821
1233842321923493889
1233842471345496066
1233842753240432640
1233845333223976961
1233864411066109955
1233897784501297152
1233898558333607936
1233912932905422849
1234018876167458816
1234058721510055948
##1233851858210492416##
1233853164576702464
1233855073282920454
##1233911168554721280##
1233911489431527424
1233911687381704705
1233912733382463490
1233923291095687169
1233924894078971904
1233939911847350272
1233940696869920769
1233943753334960131
1233955871681630209
1233968379083575296
1233973172678070272
1233978274566545408
1234007667200401408
1234014453710151680
1234016473590456321
1234018704050065408
1234021149438332928
1234055069148098561
1234088444843917314
1234095529291919360
1234100807353741313
1234148228620263424
1234159581581991936
1234181240036757504
1234220762552246274
1234233563844837376
1238047532288270337
##1233981386631131136##
1233982716179251202
1233983671012614144
1233986621759991809
1234053800865996800
1234063056889634817
1234081691146313732
1234091600973828098
1234105383653912581
##1234151627810070528##
1234153383403163648
1234157111912882177
1234168159554461703
1234175873865129985
1234358772543447041
##1234157511818629120##
1234157910290259968
##1234162313177042945##
1234162401018286081
1234163519022620673
1234165025201369091
1234165316168638464
1234165645605994498
1234249488409268225
1234351244225007616
1234509618929373187
1234524968886640640
##1247854696569733121##
1247968046599340033
##1250191236113346563##
1250192623991697409
1250370440377360385
##1254114616356900864##
1254114733495590919
1254142161576243200
##1254895845197123587##
1254897781677985795
##1232337567611281410##
1232338144403578881
##1232354338728747017##
1232354839004209152
1232373687967416325
##1232406445842411521##
1232407908677308418
##1233115414865031169##
1233115480291934210
##1234568056409665536##
1234568291655569410
1234568457380859905
1234568516310884353
1234569171494674435
1234569416844750848
1234569898342461446
1234571671870283777
1234581091484340226
1234591748480958465
1234618813016133639
1234645822534508544
1234658709692747777
1234725987860074496
1234770328875884545
1234843301020340225
1234867075052687360
##1234752948728737792##
1234759889957871616
1234760021755428865
1234773315409018881
1234819988743237632
1234863460913164289
1234878155548241921
1234914486135422976
##1234816880105398272##
1234832625107447808
1234840792621080576
1234869179473416192
1234877282990395392
1234888448466673665
1234917257941311489
##1234833519198842882##
1234838671389609984
1234838966320467970
1234839467275563008
1234842517276889088
1234844366193201152
1234847630666141698
##1234867633746563077##
1234868829538398208
1234871575104675840
1234886436182208512
1235042766222012416
##1234940160275615744##
1234940871889620993
1234944051213983745
1234944474410778631
1234946600117600256
1234962757239349249
##1234947561099796480##
1234947901387943936
1234948036532502535
1234948500674301954
1234949608616448002
1234949880680009730
1234951118180036609
1235621671215812608
##1235183949003005953##
1235184138421927938
##1235202209429811200##
1235209839376240640
##1235227453997690881##
1235227574277738496
1235228333958467584
1235228701949857793
1235229672113397762
1235230030575345665
1235231241101807619
1235231582891454467
1235232097822007296
1235232246677807104
1235234345339760641
1235236281703165953
1235237816327696384
1235238658363609090
1235239457864986627
1235243515472482305
1235245070389055488
1235245749312643072
1235247468062924800
1235248070029434880
1235248326456602624
1235258668687519745
1235259189817159681
1235268150003937281
1235271321950527491
1235276313717551109
1235277376289898496
1235287462982955017
1235287721855406081
1235288820846866432
1235290967630110721
1235294279687426054
1235301758353772552
1235306555182141440
1235307159950438401
1235310128758509568
1235310724592939013
1235311011546247173
1235311395421523968
1235314372119072768
1235315462784897025
1235325709675003906
1235337509946757122
1235344328026984448
1235345521612648448
1235349417978474502
1235349879511117824
1235351365079228417
1235366405941362688
1235394433497128961
1235401404933603328
1235406360461836288
1235416891608322051
1235429351652352001
1235434046454403072
1235436896735592449
1235439767225016321
1235443194768379905
1235446198493794304
1235458100376866816
1235458352777515008
1235468673600679937
1235477134019358721
1235482498118770688
1235485220884713473
1235490811258613761
1235491891988267009
1235497404012662784
1235498968525819904
1235499772322164736
1235501942866087937
1235511224781152259
1235511824403124225
1235515737856528384
1235520625633943552
1235528807202906112
1235532304170340352
1235533768384892929
1235533837196640257
1235540031751811072
1235540950639718400
1235546101090070530
1235554019864526848
1235560702938578946
1235570814340050944
1235662678854520832
1235670756622823436
1235872405245001728
1235874687982460929
1235875049422323712
1235875105240231941
1235877111438684161
1235877687148900352
1235879194657271808
1235879795692646401
1235886614976647169
1235900151174254593
1235933188641501186
1235941372479365124
1236040895692185601
1236273226344550402
1236289268835901442
1236789925149904902
1237415380882264064
1238247344942002177
##1235241534301384706##
1235297492012601349
##1235252445560877056##
1235253113856106497
1235254320951631880
1235254958695604224
1235255779999043590
1235259020975443969
1235259052751491073
1235259984071602179
1235261362303119361
1235262069659885568
1235263720760233985
1235265676182458370
1235279636935868418
1235286795472039937
1235321515085901826
1235325630411165697
1235351773289877507
1235447768686252032
##1235265966986186752##
1235266473448345602
1235267626336759810
1235272863801839619
1235315935315136512
1235328308029554698
1235340146079301632
1235347098478010368
1235417797787860992
1235450562184990720
##1235285605698998283##
1235286300770660352
##1235337996959985670##
1235346038212485120
1235405100950183937
1235478994897833985
1235483623224008704
##1235683187205890049##
1235683349244624897
1235683815454117888
##1235985361114812418##
1236011417590996992
1236127951969755136
##1236023542078201856##
1236023624483692551
1236023691403603968
1236024229226860544
1236024528947621888
1236024662615785472
1236024949300752384
1236025149670948872
1236025396023439360
1236025870009143301
1236026117728985090
1236026553705943040
1236026692524793858
1236027028173963264
1236034421389537280
1236036558588915713
1236036731390119938
1236039852564656130
1236048685882134528
1236054184216190976
1236058406722637825
1236068171553087488
1236089583059603456
1236117588649881600
##1236055002130636801##
1236055181026119682
1236063907527168000
1236067154312691714
1236069570886201345
1248782663525302272
##1236395689967566849##
1236411659557756928
1236417175277244426
##1236968902682435586##
1236977426003083265
##1237040685192220672##
1237041038235181056
1237120039238668289
1237121153677889536
##1237135666737225742##
1237137181103329283
1237138273174204422
1237140171130314752
1237144827105628160
1237176647582965760
1237177673287426049
1237196269463965699
1237274918619938823
1237282885951873024
1237285033507008512
1237293125984497664
1237295264605646848
1237295970624376832
1237316665857146880
1237317637224488961
1237318528363044864
1237323171667329024
1237325603315032064
1237329290963955712
1237337161894113280
1237340731339137025
1237377493348298752
1237392099579838464
##1237152099823124480##
1237280038183211008
1237284270890237952
##1237327945523441664##
1237332781815992321
1237333299040845824
1237427009002835968
1237438323750326272
##1237379824995504129##
1237379940523409408
1237380044667924480
1237380317348081664
1237380545140658176
1237380585095663618
1237380590946705409
1237380839153041408
1237380894853398531
1237381200848830465
1237381365794050048
1237381396752150528
1237381475043065857
1237381649207160832
1237381784821567488
1237381854811938816
1237382092738232320
1237382552609902592
1237383333413191683
1237383649923936256
1237384629365231617
1237384804594843648
1237385035960840197
1237385287006703617
1237385510894440448
1237386400724475905
1237387575490260995
1237388049920618504
1237388426556534787
1237390485565521920
1237392590632173568
1237393180393222144
1237395860067098625
1237396964079263745
1237397742927917059
1237397883709730817
1237401827135623170
1237402641736642561
1237402701367042049
1237404331709804544
1237404417084751874
1237405401769000961
1237408408606773249
1237408835754745856
1237409231181156352
1237410477891883015
1237410664102146049
1237411679710871552
1237412465769660416
1237412648972664833
1237415245641113602
1237415283092004865
1237415966281289731
1237415975051579393
1237418720961736706
1237419404700176384
1237420679928184833
1237421536216338434
1237422432887152641
1237423102289752065
1237423145054765058
1237424939109662720
1237426516117671936
1237429889902444544
1237438333976039427
1237438362874712065
1237447939234168832
1237449592905633797
1237450650923008000
1237451218001199105
1237459293122826245
1237464851561283584
1237469714365939712
1237480911521959937
1237482897176776705
1237487095574339592
1237489402340880384
1237492586388041729
1237496390210727937
1237497172024872961
1237504787559510016
1237506689621848065
1237510582493822977
1237524267454984193
1237548838564462592
1237585793067012096
1237587097231314945
1237594578372292609
1237633411428343808
1237658849169080320
1237659925628817410
1237671870666768385
1237672842898092032
1237726897200644097
1238132767436812288
1238588889763401729
##1237791024237490177##
1238048039404797953
1238090422850916352
##1239334178598129666##
1239334227872710661
1239335059011833856
1239335538819301386
1239335887462416385
1239336286953058304
1239336864001245185
1239337074786009090
1239337455389638657
1239338268333879298
1239341670740656130
1239342901039112193
1239344647664795651
1239346006342410240
1239347949425102851
1239349170676400128
1239350349519106064
1239353174609342465
1239367015091093504
1239384480437211137
1239430584612597760
1239468033615298560
1239479426498379778
1239524706388193281
1239575082894274562
1239626958377549824
