##1241455185131683842##
1241459654498058240
##1242589186777059330##
1242599129429299209
1242761871133900800
1242809544054538242
1242871896020049920
##1241859847634718720##
1241860310052540421
##1242117975047639046##
1242140337621143554
1242175390887657480
##1240768404178505728##
1240768583782842371
1240768715756580866
1240768732886171648
1240768794630422532
1240768890852048896
1240768952017530880
1240769279320043522
1240769450388918279
1240769543896739841
1240769876844822530
1240770206265421824
1240770262410420224
1240770393201393670
1240770593072578561
1240770603503751169
1240770721707630593
1240770831673896960
1240770866377633794
1240772339840823297
1240772372589940738
1240772719811203072
1240772840410013697
1240772941106864131
1240773501126139909
1240773842689236994
1240774006036406274
1240774475358011396
1240774739511083008
1240775454149283841
1240775465331236864
1240775863391719424
1240776366695612416
1240777042863538176
1240777662257418240
1240777826321793024
1240778212550082560
1240778687131369472
1240779232671862784
1240779587686215684
1240779688445870081
1240779783123992578
1240779839466070018
1240779866498314244
1240780390203342849
1240781743164178435
1240782143950905345
1240782283084267520
1240783967407792128
1240785139036229634
1240786614177206272
1240786892901285889
1240787895922888704
1240788135199608834
1240789073654153223
1240789357012955136
1240789650832265216
1240789967397367809
1240790275955572738
1240791470900215808
1240792064675241984
1240793357267468289
1240797904375369728
1240801838787633152
1240802762973208578
1240804800339554305
1240805954171678721
1240806465994186753
1240820058496077825
1240820346128928770
1240830777413316609
1240831895031685122
1240840333476462593
1240842512304136192
1240846562118578176
1240849260658163719
1240851171734142978
1240854329898213377
1240857012617056256
1240857313315078145
1240858496628928513
1240863334494330883
1240865520171331585
1240865618271887363
1240866725664604165
1240868425406316545
1240871987909664768
1240874937629331456
1240879408807903232
1240881386808061952
1240881729679831040
1240883403018379264
1240889153564311552
1240889894651793409
1240893170206019584
1240894457324675072
1240894694386778112
1240896435064881153
1240896592376483840
1240901202629574657
1240901305134186497
1240903610675990528
1240904827863019521
1240909504352583681
1240909682128158720
1240911927183884290
1240913208766074880
1240914599660027904
1240914802064719873
1240916093096677376
1240916998747574274
1240917709015179264
1240918893914402816
1240919928171040768
1240920125555040256
1240920486739087360
1240921129465909249
1240923483011534848
1240924234878193664
1240924347184939009
1240925031800221696
1240926635395858432
1240926869060493313
1240928293244801024
1240932424852406274
1240932456808828928
1240932694034395136
1240933950358523904
1240934396783452160
1240939926641946624
1240941309541650437
1240941462214389760
1240943339874275328
1240946029278756864
1240947312622546944
1240948720411303937
1240950883065704449
1240954200537870337
1240957340184166400
1240963355671777280
1240967660134895619
1240969521864851469
1240969766468288514
1240970240751808513
1240971915365437443
1240973038889435137
1240977548743446528
1240979930281906182
1240982185781444610
1240983995271307265
1240987458826915841
1240990713346752514
1240994121923395584
1240995194209816576
1240998057531113472
1241025101283250181
1241026217769304066
1241026952053559296
1241028817692606465
1241038147796062208
1241039007514914817
1241041243645390851
1241041564031475712
1241049604784828417
1241050765441015809
1241069455234514953
1241097968750657536
1241269057170612227
1241321463560495106
1241373188803698692
1241496104908308482
1242139000678342666
1245511756929212419
##1241127153581936640##
1241127781318213637
1241151582382755844
1243662648375459845
1250089346755158017
1250217003559849984
1250302301253668865
1250339005066969089
1250576143067025409
1252389393886703619
##1241283891996102657##
1243662552380461058
