##1245440798532882434##
1245441204013203466
1245441356128010243
1245441516346257409
1245441535266770945
1245441546817855490
1245443214640898048
1245445948509224960
1245446252172541955
1245446810749095937
1245447290615205888
1245448160471810049
1245453306354434048
1245460272443260928
1245497218842398725
1245510086992199682
1245629144769019906
1245670473477873664
1245778735477002241
##1245460618137788422##
1245460834266079234
1245461396072079363
1245464546841681927
1245468354862813186
1245468500409438209
1245477964185243662
1245483566152253441
1245499643217301507
1245503205989142528
##1245475853061980160##
1245477105061834752
1245479489531936771
1247992252066136065
1248009781681348608
1248022020002062337
##1245597441862152192##
1245610488630673408
##1247595507624493056##
1247660640124260358
##1252342190317072387##
1252342834062962689
1252496950546530304
