##1230093538957942784##
1230096651118948353
1230106614197256197
1230106689111760899
1230108676754677760
1230115175065423872
1230116355397029888
1230118438552702976
1230128991157260289
1230139250450018305
1230142150274355201
1230151720476520448
1230162712476422148
1230216426335744000
1230240409986699271
1233334308095565824
1233356172339613696
1234065119077949440
1235714700496773121
##1230115657829814272##
1230116414671007746
##1230500597943721984##
1230502658320011265
1230507162037837826
1230512595913920512
1230512749517705216
1230575261114142720
##1230530111067369475##
1230530334296625152
1230530848295981057
1230531606294810625
1230618531022196737
##1230158046866952194##
1230158123882729472
1230158613328662532
1230158842895519744
1230161894834655232
1230164393553469447
1230167905398116352
1230172004759801858
1230172772833382401
1230175114521718784
1230178824823939073
1230191200776400896
1230192485894434818
1230220081365442560
1230506475967172624
##1230191191427289089##
1230191461628612609
1230196066265509890
1230279612288110594
##1230188758261280768##
1230200042755174400
1230237713351266304
##1224091363312046082##
1224095722523578369
1224101967938641922
1224108135746605056
1224610587843399680
##1230167283928047616##
1230167345982771200
1230167400080969728
1230167490099060736
1230171586671632386
1230178202645094401
1230179351209152517
1230179423237943297
1230184183848456196
1230191065422090240
1230192136496259075
1230192777960534016
1230199968532779008
1230209315354677249
1230211254352064514
1230216507851931653
1230219691353935874
1230297208953671680
1230298364627095553
##1224667268317093889##
1224670653116272641
##1224799962728468480##
1224801225062998016
1224801230549143552
1224801366280982534
1224803396244451328
1224803784594948097
1224804608016551936
1224805444675342336
1224806659400392704
1224814454233358337
1224814982602403840
1224820209426616321
1224820328171560964
1224823526319906816
1224823785947308032
1224827492437045250
1224828858320465921
1224842446049357824
1224847970333532162
1224848475747180544
1224874298051059712
1224878198925733889
1224882181929152512
1224891008967725056
1224896398413500416
1224896628492062725
1224909226407079942
1224953938916626432
1224957793750392832
1224963323248152578
1224974175422570496
1224979390737547264
1225014209584476160
1225024234600247301
1225031464665993221
1225035267813335040
1225035571904569345
1225037075361206274
1225042897977991169
1225042899789864961
1225045029854552066
1225058181048565760
1225070969095696386
1225096155329179648
1225127376604008448
1225405466030804994
1226545516328210432
1226552729310580737
1226711070481567745
1226714000345518081
##1230975091967758342##
1231283154792652800
1231336048463994880
1231377910226964483
1231615310375129091
##1224963851457847301##
1224974318016352257
1224975443285172225
1224978096295751680
1224978900381569024
1224987629445373952
1224991812143763457
1224998617976659969
1225008314657931265
1225012583457001472
1225053546581823490
1225145151418400769
1225310317976182785
##1225070714941661185##
1225125685070647301
##1229655121153462272##
1229669779549478915
##1232915440516636672##
1232968801744015360
##1230633763278737408##
1230634474154663943
1230636004605923329
1230639826925428738
1230651375819874310
1230663611141574656
1230769822016798726
1230971308105580545
1231219506770567169
##1224016886624608257##
1224017367899963392
1224033418700259328
##1230184904664764417##
1230187742715207680
##1230934086669209600##
1230942990170017794
1230947521532436481
##1224009442871644166##
1224009834212872194
1224009898519879682
1224010294927728640
1224010308433387520
1224010403312697344
1224010456236470273
1224010543935238146
1224010675967664128
1224011414735593476
1224011983776833546
1224012258851938304
1224012418973458434
1224012831202455552
1224013801709821957
1224013819170775042
1224013950393733127
1224014389927391232
1224014539978612736
1224014929025536001
1224015080905461762
1224015490240131075
1224015673485152258
1224016774993235969
1224017207753134082
1224017381581701120
1224017609177358337
1224017751305486342
1224018498403360769
1224018858627031041
1224018906219778053
1224019726206230532
1224020193443241984
1224020991476666368
1224021032505421824
1224021330158333952
1224021500409384960
1224021563080658944
1224021571381211138
1224021787530407938
1224022578538471430
1224022669554802689
1224023072279273479
1224024507205201922
1224024683298873345
1224025076015730689
1224025623724732416
1224028016029970432
1224028041678139392
1224028139539570688
1224028540502466560
1224029161733402624
1224029343841751041
1224029420786212865
1224029440029745155
1224029580807299077
1224029673102958592
1224030083549220865
1224030282808020992
1224030562630979586
1224030893515268096
1224031124491509766
1224031466805514240
1224031833593143296
1224032527637262339
1224032592883744768
1224033106119811073
1224033257764900864
1224033349259419654
1224033702633771013
1224033710376353795
1224033725362688002
1224033736645152769
1224034025557364737
1224034378172502017
1224034697057120258
1224035029174628353
1224035070660444161
1224035243805552640
1224035324063617024
1224035634119106560
1224035711759867906
1224036267526184967
1224036398069665792
1224036423080255488
1224036492974096384
1224036998543020033
1224037187660009472
1224037287362793472
1224037379834630144
1224037542950993925
1224037919838613505
1224038080925007873
1224038663895601152
1224038994368958470
1224039023158624257
1224039038342123520
1224039435681128449
1224039800845623298
1224039877068587010
1224039933490405379
1224039980953194496
1224040381509263362
1224040422533668871
1224040606445469698
1224040695855570948
1224040710703394817
1224041266821980162
1224041433759436800
1224041459680235527
1224041584217346048
1224041810298843136
1224041817152393216
1224042333886468098
1224042833998438402
1224043126135967745
1224044403137896448
1224044658705289218
1224044831833575431
1224045480725897217
1224048292427980800
1224048674570768385
1224048807954067458
1224048996978765826
1224049392119885831
1224049842990784512
1224050332692553729
1224050442323230725
1224051054796558336
1224052038163628037
1224052214223818755
1224052714323218437
1224053090506235904
1224053119572758530
1224053199142866954
1224053251223498752
1224053515439497217
1224054601579683846
1224054671335141376
1224055366440321031
1224055378482085889
1224056715378745344
1224056743916904448
1224058189970333697
1224058199755632642
1224059145743228928
1224059535628914688
1224059812998049794
1224060192897355777
1224061366333472768
1224061426064592896
1224061537989603328
1224062277747462146
1224062697035223042
1224063002028249088
1224063251996192768
1224063254818906112
1224063398016700417
1224063667173515264
1224063942072459264
1224064126521106433
1224064454050095104
1224065334690435073
1224065737557409792
1224066680168554496
1224067157538959360
1224067810915057664
1224070353162571778
1224070511547813890
1224070571157327872
1224072273138737153
1224073624849723392
1224074833446699011
1224075543437549578
1224076161778683905
1224077149646270466
1224078253402591239
1224078448408305670
1224078668353413125
1224079126979584000
1224079219266899973
1224080681728446464
1224080923622363136
1224081513832243200
1224082305444126720
1224082850678497280
1224083078873800704
1224083753867280386
1224084282924249090
1224084598541471748
1224085072665620480
1224086114413301762
1224087962679422982
1224087963539247104
1224088116417454082
1224088306759106561
1224088374761394176
1224088503077736449
1224088567468773380
1224088929575620612
1224089434813075459
1224089602425868288
1224091017902796800
1224091176552235009
1224091728182939650
1224093113335021568
1224093176446771216
1224093394093465602
1224095380213772288
1224095398786228224
1224095680962220032
1224095699291267072
1224095908465344513
1224096313928753153
1224098121657016320
1224098557734662144
1224098919069732869
1224099573112635397
1224099618096664576
1224102801464315910
1224102947312873472
1224103506006761472
1224103602689658886
1224104261270888450
1224105014089715712
1224105857413210112
1224106568444190721
1224108349526028290
1224109098419064832
1224109207084990464
1224111530171674624
1224113500789837824
1224113669455265793
1224115021648728064
1224115216260182018
1224116061555085312
1224118512697925632
1224119142451642368
1224119177591631872
1224121773253386240
1224123969084645376
1224124724482985985
1224124825372889089
1224130403591761922
1224130521141252097
1224134410204860418
1224135543795175426
1224135669955645441
1224137276432822273
1224137432989360128
1224140848100569089
1224141120579538946
1224141403988668418
1224143915558887431
1224145929130795009
1224146115785871360
1224147453512949760
1224147758434734088
1224148854137856001
1224151882987339776
1224153812136493056
1224158579952947201
1224160805622554625
1224161913627643905
1224164784506994690
1224165787851722756
1224166767850901504
1224167015381979142
1224168679035805697
1224170102171537410
1224170167749545985
1224170888683065345
1224172506480816133
1224175518855155713
1224175666528169989
1224177846685331462
1224178415974133764
1224178428179550209
1224178437440466944
1224178464976252929
1224179361487753216
1224179716615299072
1224181411751563264
1224183688361062400
1224185533464825859
1224194203770662913
1224197324051820544
1224198395256025089
1224198431553527808
1224198878012100610
1224202930976382976
1224203086547357696
1224206197303234565
1224207276476682240
1224208341100089344
1224208655425257473
1224213266416766981
1224214064789905410
1224215478534578178
1224215764292591616
1224217980587925507
1224219478847782912
1224221532702019585
1224223334977736704
1224224420228730881
1224224761535877120
1224227407718232065
1224230381270052866
1224231518824009730
1224232109851717638
1224240076357623811
1224246862598807553
1224248146576007168
1224249201955086336
1224249257521242113
1224250135053504514
1224250501333684224
1224251026544496642
1224251057804578816
1224251081905070080
1224251261060554753
1224251464303960064
1224251637528776704
1224252051154264064
1224252108788183041
1224252509210009600
1224254083307057153
1224254523369234437
1224254904065236993
1224255231632052224
1224255913260920832
1224256748976058368
1224257281446961153
1224260949806329858
1224261765506260992
1224263273073254400
1224263300034240512
1224271966875590656
1224278626432143360
1224283374652743680
1224283556568076288
1224285114655551488
1224285499336142849
1224285821534134272
1224286528500793346
1224290487827386369
1224290561307357184
1224292087870431232
1224292914597113857
1224296723650162688
1224299799660224513
1224300142293135362
1224300323931672577
1224304043834724352
1224308817212715009
1224325061802450945
1224330058753552389
1224338760860651522
1224338908688809989
1224343794016976897
1224353383026503680
1224365165476556800
1224366873933950977
1224367051898335232
1224367319058657281
1224374276687564800
1224382555161604096
1224400016787279872
1224400484238274562
1224401528477356032
1224401579744382976
1224418233534615553
1224447963491000324
1224450836727644161
1224486790645665792
1224489994456268800
1224607001260580864
1224868515938738176
1225032663595126785
1225358213048041472
1230018610103451648
##1224031531624169473##
1224031699857760256
1224031964111556609
1224032007543455744
1224032067845021698
1224032119942500352
1224032130025631744
1224032145141850112
1224032635888066560
1224032682096631810
1224032718842933249
1224032769891872772
1224032774924972033
1224032795837829124
1224032827727065090
1224032873679917064
1224032958950060037
1224033167713218561
1224033207064178689
1224033607351664643
1224033865028833281
1224034407159345153
1224034839449546753
1224034938305028096
1224035084178731009
1224035387120803840
1224035427402776577
1224035639148138497
1224036291249086464
1224036308374499329
1224037002364030978
1224037121150857218
1224037525741801473
1224037623787925506
1224037806944579584
1224038348999839750
1224038439601033216
1224038774528794625
1224039076912934913
1224039096626094081
1224039151919620097
1224039242294341634
1224039393217957890
1224039464634286091
1224039653185146880
1224039887667638272
1224039930017566728
1224040658920509441
1224041009933361153
1224041593029767171
1224041912090484736
1224043289227206656
1224043521520349186
1224043551417303040
1224043562662268928
1224043714890403840
1224043955798597632
1224044376550146048
1224044476554973185
1224044638346059776
1224045273694994435
1224045371846004754
1224045936734875649
1224046094407163906
1224046546028834816
1224047393663963141
1224047577731080192
1224048003801079817
1224048012181282816
1224048176254144522
1224048368344862724
1224049268991975424
1224051299479629825
1224051732612861953
1224051995234926593
1224052189540311046
1224052276555321357
1224053243090808833
1224053759459962880
1224053873121398785
1224054206576955392
1224055357078675460
1224056949123289088
1224060029160034304
1224060556056891392
1224061588765921280
1224061630570319872
1224063492623347713
1224063906039189505
1224064044035903493
1224064661819183104
1224065815164616704
1224070431281438720
1224070770772652043
1224071281886273538
1224074153910816771
1224076356033613825
1224076488716292096
1224077264150827009
1224077330404036609
1224078389033742337
1224080997349756930
1224082283440766980
1224084630397227008
1224084934681337856
1224084946765205505
1224085358620676097
1224085721444646913
1224085798154330114
1224088800500035591
1224089439825211395
1224091050500853761
1224091863877144576
1224097750557634561
1224099182564323329
1224100738185469952
1224100776815005697
1224101330417061898
1224103776514121729
1224104344838164482
1224110269934206976
1224115879471915009
1224119857911943168
1224121584941785088
1224136993292066822
1224141950971936769
1224146017332989952
1224148978515742720
1224149136305524739
1224165233264091138
1224166498257731584
1224171916333912066
1224177790301413376
1224182756000829447
1224184769921060866
1224185630453829638
1224187890231652352
1224188707114229761
1224189716406231042
1224193182373683200
1224195175913861121
1224196707111645186
1224197455178354689
1224198297822408705
1224205951663820800
1224208622600826885
1224208647665876992
1224210882151972864
1224213318644224000
1224216089678225409
1224223217126121473
1224226485768204288
1224229096407863296
1224231473315753986
1224232506767171585
1224235520970174465
1224237217113157632
1224240805935828992
1224241806566723588
1224251982652870656
1224258990802116608
1224280158321987586
1224281003730010113
1224286453099900929
1224296730683985920
1224297856376459264
1224305606749818880
1224306636937932803
1224323209698344960
1224335756908552194
1224341459467411456
1224367920500789248
1224369919208361989
1224372742763376640
1224401911257993222
1224412285948571650
1224418138239967232
1224421351815073799
1224427122334322694
1224433931673427975
1224460878516494339
1224465745964421120
1224471277404151809
1224482222578847744
1224490936215973888
1224494229197598720
1224501979252174849
1224514227911655424
1224519367922257920
1224535051775488003
1224536664980295680
1224555328584462338
1224565263565230081
1224566501992226817
1224588887114362881
1224600145909686272
1224630023782576129
1224641072673980416
1224749696633180160
1224808056481107970
1227986944526888961
1236084034167623686
##1224089831569076224##
1224089997764153344
1224090033596047367
1224090146162839552
1224090453768921088
1224090584001978369
1224090653841403904
1224090789019561984
1224090792043696140
1224090827774922754
1224090946108887042
1224090979604541440
1224091028883415049
1224091450541060098
1224091836664418304
1224091967954571266
1224092341163692034
1224093217773228032
1224093511194161155
1224093772876828672
1224093967240876037
1224094125961678850
1224094163362336769
1224095599148007425
1224096310195822592
1224098085875470337
1224098982613438464
1224099090558001152
1224100185111977990
1224101245977350145
1224101295717584898
1224101996900290561
1224102192350711811
1224103019136061441
1224103458636206088
1224104917373243392
1224105534271508480
1224108610478903297
1224108701436600320
1224108722206670848
1224110303543250944
1224111127405191168
1224111459237494784
1224117001540591618
1224118397664927745
1224121214827933696
1224122861922680832
1224123958175453190
1224130329860026368
1224130713680826368
1224132287287177216
1224132317947580416
1224132732965588992
1224134548994154497
1224136334257856521
1224136823645130757
1224140839070457860
1224142976915582977
1224144256471830529
1224147504024911872
1224154392414298119
1224157275469692928
1224158492191264768
1224159562292506624
1224163079346442240
1224163483425673217
1224164174269276162
1224165487933894656
1224166806413332481
1224167213885726721
1224170256521932804
1224173185098309633
1224173221337083907
1224174020918161411
1224174024613416961
1224178613928460289
1224179213814718464
1224180852265037824
1224186209141956610
1224186375131553793
1224188521772089344
1224189006180732929
1224190385905225729
1224193372526727169
1224198206856290305
1224200077918527488
1224201358477266944
1224207461604823042
1224207813951606784
1224219355262656512
1224223210570338305
1224225788020641792
1224226413668130816
1224229729068310529
1224230475830562816
1224234209545523201
1224235921861640192
1224239478837071872
1224243249696604163
1224245836990820352
1224247453349810177
1224248943686627329
1224249343068311552
1224250887037734912
1224255096441180160
1224262032482086914
1224263942723317761
1224266356922765314
1224266540662607872
1224269099959824384
1224272212322025472
1224272419684323329
1224274487971123203
1224284502362611712
1224286290478235649
1224288338846388224
1224291521517817856
1224295018673901568
1224295845161553920
1224296870933159942
1224298101244092417
1224302501652049920
1224303627717750784
1224307300162244608
1224307919849693187
1224308208531124224
1224310019287670784
1224310316055613440
1224313953834151936
1224316680119234561
1224322183364739072
1224327436613177344
1224328850726883329
1224329616069996546
1224347350816251904
1224349651471609857
1224358346922373121
1224362073255268352
1224362128661938178
1224367330370768896
1224368344813445122
1224372464232419335
1224387253318963200
1224403633707606017
1224404592852684800
1224407804154384384
1224418001690222600
1224420246217482240
1224431831258255361
1224438280600473608
1224441748765569027
1224465903305347072
1224468862428569600
1224473580454469632
1224484335518191616
1224485270772469760
1224486641429045249
1224496881025396736
1224512878008524800
1224536734672850946
1224664365108015104
1224737186404360193
1224932146026029058
1224970478588252160
##1230084741187043328##
1230085270277632002
1230086160434843648
1230088772882182145
1230089668441657345
1230095356383432704
1230095480622809088
1230112951941492736
1230133829303701504
1230137150798258176
1230194444613357568
##1230109053382266881##
1230113592034430977
1230114683283218432
##1230115062335131649##
1230116508585668608
1230436627371216896
1231253066944524292
1235172621290999808
##1230175213947670530##
1230175860981948416
1230176019220398080
1230176400029646849
1230176891635630081
1230178654480666625
1230178909490155521
1230180956448919552
1230181087499911168
1230181937395961857
1230183303359102976
1230183501649076230
1230183973944516610
1230187966003384326
1230188738661224450
1230190772559007744
1230190872354021376
1230194410828304385
1230195323009720321
1230196278551859207
1230197483613147136
1230205907356835840
1230216523769425921
1230223785162428416
1230227395984154624
1230229397183115265
1230229820715536384
1230237189633650688
1230263931370864641
1230270125405876228
1230336267327541254
1230341617598509061
1230369293755461632
1230380818419286017
1230382954767147008
1230400748002803712
1230401121161797632
1230408479657123840
1230499761972744193
1230940982050463746
1230945367581188099
1231058948746366978
##1230194054203396097##
1230222191750451207
1230227027057356800
1230505857844219906
##1229468990667403266##
1229670131363565569
##1230069594091610112##
1230116186425364480
1230118150944980998
##1230072297228324865##
1230115958695616512
1230118117545795584
##1230084984645541888##
1230122982904881152
1230480243166732289
##1230092496774082560##
1230095112228757504
1230097694837944321
1230100567923548160
1230102199755321344
1230102870051168256
1230104642324967425
1230105154646691841
1230115448588587008
1230124476483981312
1230129641349877770
1230136926432382982
1230141126121852930
1230143026997137409
1230144814093656066
1230145325547081728
1230147902607106048
1230159256109842432
1230160482511794176
1230171281418596353
1230186279566008320
1230190174266675200
1230196969978630144
1230203454154510337
1230223185565671424
1230251686108811264
1230253921672757248
1230280285020999681
1230368093177860096
1230398223199670273
1230400948675186688
1230467750197387264
##1230098017782583297##
1230099013388656640
1230099809744359424
1230100485132234753
1230114475942043648
1230116592262012928
1230238413451743232
##1230098904747827200##
1230109382790307840
1230115152156073985
1230116930637500417
##1230110834443083776##
1230112998620123136
1230114672709439488
1230140897486147584
##1230111299356499974##
1230112678670163968
1230114610902118400
##1230117058697924610##
1230175802593087489
##1230119290415783936##
1230119727424589826
1230119784387399680
1230119879560376321
1230120304850153472
1230121559244857344
1230121652010332160
1230122480829902849
1230125128073334785
1230125439114530816
1230127411875979267
1230136202420015105
1230136667165614080
1230136742340112389
1230137150672457729
1230140997906173953
1230141483371696130
1230168375168466944
1230169817103073280
1230187034255536128
1230198312831258624
1230201000478334976
1230205861022355459
1230237057471205379
1230464895457648641
1230464970309218304
1230641376007802880
##1230130261976911873##
1230155435300311040
1230160346494709763
##1230160980111503360##
1230456536419295233
1230457783511912448
##1230192022230904832##
1230199991920099328
1230203581573234689
1230289869735448576
1230371558100754432
1230397535119904768
##1230216180100628487##
1230216404063916032
1230217685360836609
1230217826549608449
1230217881176158209
1230218444550873089
1230218994642280448
1230220259065503745
1230220968401997826
1230229997882945536
1230236337766268928
1230245628980137986
1230248955944034313
1230249450788073473
1230252998951133185
1230254221729107968
1230256986870161408
1230297937105883136
1230318773296664577
1230321899714076673
1230332576889475077
1230377560820854790
1230541508434124801
1230597652464619520
1231529195546857473
##1230228839026036737##
1230228877613637632
##1230446943760998400##
1230817959393800194
##1230474319177900032##
1230474465080942594
1230478795662135296
1230496789977014272
1230503866283839489
##1230486176429150209##
1230631588691693568
##1230559026909335552##
1230559685884792832
1230565534120284160
##1231881023748804608##
1232111954312994817
##1233354894083534849##
1233430916665659393
##1233711047556681728##
1233858276569309184
