##1252591223740739587##
1252591470701412352
1252591500363476993
1252591514271825921
1252591724641345536
1252592235394281472
1252592572733837313
1252592676991533056
1252592916465418241
1252596233769648130
1252596789372387329
1252596987783979008
1252597579357073409
1252598268250423296
1252598395237289985
1252598518407184384
1252599050773422081
1252599299218853888
1252599760265117700
1252601287532843010
1252601421993857024
1252603025123876877
1252603292301119490
1252605421187149826
1252606024739180544
1252608049304555524
1252608326426394625
1252611614513131520
1252612128441356289
1252613236605759488
1252614022794543111
1252614427469373441
1252614449879531522
1252615328795951108
1252615336362467338
1252616042372882433
1252617228681437184
1252617523637506049
1252623012366606338
1252623452177121281
1252623823792455681
1252624589492011010
1252626164205727746
1252626672324694023
1252627115670937604
1252627941642682368
1252629511662903301
1252630317653004290
1252631309438136321
1252631436059971585
1252632337424187392
1252634256427319298
1252634284009099265
1252635327652659200
1252638291465252864
1252641491614384130
1252644242482135040
1252649739696267264
1252656611862118403
1252656796772241408
1252657873890541570
1252658113876033536
1252658959028289539
1252659695124459524
1252660601421086720
1252661149964869635
1252662574140841984
1252665890388291587
1252668674881867776
1252670132993904640
1252670929991274498
1252670987893723136
1252671636534419456
1252674247165698053
1252674470621384707
1252676707150180355
1252676978861277188
1252678599372652544
1252678695728361474
1252681392426823686
1252682575635677190
1252682770842877954
1252683698086055936
1252684174747742213
1252685758734925829
1252686464107905026
1252689629926604804
1252689785631707137
1252689848105947138
1252691291281948672
1252693546836144129
1252695473103745024
1252698279189647365
1252698392440037378
1252699019522060289
1252699418471661572
1252699453343043584
1252699664987623425
1252700159689011203
1252700763970813953
1252700834925862915
1252700878248828929
1252700974369644545
1252700987975970816
1252701007118770181
1252702228563070979
1252702472084295689
1252703299175882752
1252704051407486979
1252704163349266432
1252704329334734848
1252706062647660544
1252706892570406913
1252707008693886977
1252708226111545347
1252708387177070593
1252709450797985794
1252711221872205829
1252711472104386566
1252713500880887809
1252713989366317058
1252716267183771648
1252717124285542409
1252717900978425857
1252718215895175169
1252719473439752203
1252719531732152320
1252719547091767303
1252720056896827393
1252722177914425344
1252723669182353408
1252725116796108800
1252726418758406146
1252727910768824320
1252731661646811137
1252732143685550083
1252732858357239810
1252733513968889856
1252733743514767362
1252737687553015808
1252740826817540097
1252741926115295238
1252743501051289602
1252744264217432064
1252755647801831431
1252761930412032007
1252772424816439296
1252776067036778498
1252777035719741440
1252783127258374144
1252788721298165763
1252789574285381632
1252792044952653829
1252792105564594176
1252792436419710978
1252795837907861504
1252797882752778240
1252805223166271495
1252810763514724355
1252812056618831872
1252820118842642439
1252824705859350528
1252824722892484609
1252826484214910976
1252833860187877378
1252839331149930498
1252845134657359873
1252852238302638083
1252852961660661762
1252853332881764352
1252856880898043911
1252860121345974278
1252865447436840963
1252867684422705154
1252873057540034561
1252873669619023872
1252876843801174017
1252877350825365509
1252879549697683460
1252881624062025728
1252883647809466368
1252884165990776837
1252884514709397504
1252884692933791744
1252897319357485056
1252901361785634816
1252903342713561090
1252904781238226944
1252914773425037313
1252916664607346688
1252921851342446593
1252922391807868928
1252930529449648129
1252933193516408833
1252938801065783298
1252940093335142401
1252944850653188096
1252946738454966272
1252957410962087938
1252972015927070721
1253082707149705217
1253241599699619841
1253243240180060160
1253263223559729154
1253537846457229317
1253625771362566145
1253964612699111424
1254053551296446465
1254810980170825728
##1253388350452576258##
1253393426835542019
