##1242896088375402498##
1242916499746103296
##1242904017539301376##
1243088406869086208
##1243635729592352770##
1243636279985790977
##1243654376415211535##
1243657737990320128
1243659791316258817
1243665051925516289
##1243659638819692544##
1243659714149392392
1243659782290014208
1243659840083255297
1243659886292058115
1243659942474768384
1243659962372575232
1243659990713405440
1243660042320187395
1243660101145243654
1243660150378020864
1243660204316770304
1243660260633645056
1243660325527924738
1243661144696467467
1243662688254746624
1243662796824424449
1243667363247140864
1243670246143266821
1244432801392463872
##1243668248022794240##
1243671473841209345
1243672240874553344
##1243635693991202816##
1243635781534715906
1243757941657829376
1243781136381366272
1243809188754718720
##1243646030962458632##
1243646099023433729
1243646304934342658
1243646855596118017
1243654513870938114
1243665708132827141
1243670568173473794
##1243652209486815233##
1243652485526495239
1243653617263001601
1243653973665595399
1243654083602513920
1243654783682187266
1243656472237617153
1243659025025323009
1243661355745529857
1243664975161409537
1243665076093157376
1243677141063122944
1243679255931781127
##1243659683862372355##
1243664977216536576
