##1224544709508583424##
1224546407379623936
1224547597471440896
1224550381524525057
1224579850272415744
1224635719710277633
1224642721014603779
1224705180626751488
##1224544806124294148##
1224548758647705601
1224566203747749888
##1240030553606434821##
1240166148685127681
1240187768866660355
1240194330897403906
1240213493418201089
1240308384576016387
1240379153108656133
1240411159108313089
1240418074987200513
##1239187101926727680##
1239188110115852289
1239188704629002240
1239188978386874368
1239200017010827266
1239201285594906625
1239235765785288705
1239264937937178625
1239267123865759751
1239944290517823490
##1238803773788733440##
1238852292725653504
##1238876880771612677##
1239190463111888896
##1246195471699316738##
1246197156429602817
##1238222129105178626##
1238222242850447366
1238222372899078144
1238222424543461376
1238222760494665729
1238222844330467335
1238223734600761344
1238223767807148032
1238224904316694529
1238226049110024193
1238226078394650625
1238226668139040770
1238226780261158912
1238227347066834946
1238227395636801543
1238227560305213445
1238229339235405825
1238229894049529860
1238231533233864704
1238232746314665992
1238233196266950662
1238234032628011008
1238234036021190656
1238235002212683776
1238235338021187586
1238235653227393024
1238236225967992833
1238238397380136962
1238238715513901057
1238238874738049024
1238239457050050562
1238240714590478343
1238241669478260741
1238243446604943360
1238243471183527941
1238245806118965248
1238246207081852931
1238253008842043392
1238253970663112707
1238254157791924225
1238254169787686919
1238254251933138945
1238254644410884097
1238254954445406209
1238255059919687688
1238255140022386689
1238255338438221826
1238255524900229122
1238255558072860672
1238255721306882050
1238255722846134273
1238255950764675082
1238255978111553536
1238256145959194624
1238256538512482304
1238256653683830784
1238256757895499776
1238256775868174336
1238257011822858240
1238257255998533632
1238257520461873152
1238257684924825601
1238257929461141505
1238258149267824640
1238258214334062594
1238258288296448003
1238258484182953989
1238258880410501122
1238259168047497216
1238259181964201986
1238259190109548550
1238259432766791687
1238259492090974211
1238259661213765634
1238260004555239426
1238260037769998336
1238260070661718020
1238260136948490240
1238260549688930306
1238260782187655168
1238261087184846859
1238261095367954433
1238261121670418434
1238261170433404928
1238261354664005633
1238261423324778504
1238261575951269888
1238261751377993728
1238262124100694022
1238262280183308288
1238262742580158464
1238262977914122241
1238263266872360960
1238263283330748416
1238263720712851457
1238264534235779074
1238264799953408000
1238264996972331008
1238265148139343873
1238265154636337152
1238265261817552896
1238265953613381633
1238266272225386496
1238266866449158144
1238267092845150208
1238267771747737601
1238267837128548353
1238268129861656576
1238268916360773632
1238269054558838784
1238269058346254344
1238269063270449152
1238269225153826816
1238269302651990016
1238269395031506946
1238270001985052672
1238270110571339776
1238270186354065408
1238270487249240065
1238270718518988800
1238270915663876097
1238271025093267456
1238271080818774017
1238271151010385924
1238271204643004417
1238271290353553409
1238271350839619585
1238271492653228032
1238271541231661058
1238271625549811712
1238271767057240064
1238272213633110017
1238272438061891584
1238272567791751169
1238272598464659457
1238272618274357249
1238272692798832647
1238272740123119624
1238272971589943302
1238273241120157696
1238273389174931464
1238273502781878272
1238273606532071425
1238273642863177728
1238274015980109825
1238274139133280257
1238275165114564608
1238275593847877633
1238275676026875906
1238276411556757510
1238276491156295680
1238276953746137088
1238277566076723200
1238278263270768640
1238278401485504513
1238278525997678592
1238278697582563330
1238278797792813056
1238278980668657665
1238279268099997701
1238279274978840577
1238279313004339200
1238279360538435585
1238279374555750400
1238279411360808961
1238279622267146240
1238279640843771904
1238279797500977152
1238279855768305666
1238279897539362824
1238280018180157440
1238280171842650114
1238280280961617922
1238280347953045506
1238280667353546753
1238280706155036673
1238280783342813185
1238280892063326208
1238281265868156934
1238281508286316544
1238281761559318528
1238282093916012545
1238282354730455040
1238282370870116354
1238282378654744576
1238282625560739840
1238282646486052865
1238282687175176192
1238282879081291778
1238283210292944898
1238283523695484929
1238283565865074695
1238283893138210822
1238284697878376449
1238285632969019395
1238285731312926721
1238285798589546496
1238285816310398986
1238285839010082816
1238286252010504195
1238287320165617668
1238287523547406336
1238287762396233729
1238288371891527681
1238288420289613830
1238288480909905920
1238288495849988096
1238288530675240962
1238288768018374656
1238289374095257600
1238290978030653442
1238291451475382274
1238292253170434049
1238292342320267265
1238292457420476422
1238292759783637006
1238293076147351553
1238293467303903240
1238293868912824320
1238293911715659780
1238293989935235072
1238294024387248128
1238294582884028417
1238294857908699136
1238295096354889728
1238295405177327618
1238295494922829824
1238295624057065474
1238295677110812672
1238295686732546050
1238295756437684224
1238295823756267521
1238296077150883841
1238296169425580032
1238296246244315137
1238296255475974144
1238296267605848064
1238296567632846849
1238296618702704640
1238296631289827331
1238296707642929153
1238296760017174528
1238296807446323200
1238296820033507328
1238296882151071744
1238296952326021123
1238297003538423808
1238297043828957193
1238297053182263303
1238297239417688066
1238297446222086148
1238297569056473089
1238297588874522627
1238298003720605697
1238298258046410753
1238298328015810563
1238298481997025280
1238298507964035073
1238298544026595328
1238298545905700864
1238298552713052166
1238298659214819329
1238298734301253637
1238298785337376768
1238298946918891520
1238299206969888770
1238299231791833088
1238299376537214976
1238299385374613512
1238299423127621634
1238299579365445632
1238299684579561472
1238299756180447234
1238299989941587969
1238300127019831303
1238300276450381825
1238300478653546496
1238300499046289408
1238300548782317569
1238300559301660672
1238300721243738112
1238300738675187713
1238300861673222145
1238300928236797952
1238300960172249089
1238301018737315840
1238301091256770560
1238301138690203648
1238301204742012928
1238301320018264064
1238301344315985921
1238301347369422856
1238301514013310979
1238301544111620098
1238301545919373312
1238301552693121024
1238301557516533760
1238301604673204226
1238301623014903808
1238301681730846720
1238301714148704258
1238301717122494472
1238301728644227072
1238301883078512640
1238301929954033664
1238301946311856128
1238301971708366848
1238301991257899008
1238302206111219712
1238302317616775168
1238302345055830016
1238302547133247495
1238302590775017472
1238302644868984832
1238302753308491776
1238303082502553606
1238303817856438272
1238303829545963520
1238304048719290370
1238304152595369984
1238304228231254016
1238304250624696320
1238304267305451520
1238304431835205633
1238304714321735681
1238305118036033537
1238305170418741255
1238305364707246080
1238305989096607744
1238306086593191937
1238306694700113925
1238306698022072321
1238307115921530881
1238307916198879234
1238308136026587136
1238308318810189824
1238308506542977024
1238308527971713024
1238308645298987008
1238308920990597128
1238308997008154624
1238309257659011073
1238309398117847043
1238309573511065600
1238309786627772417
1238309846505664513
1238310529531367426
1238310590327721985
1238310725673762816
1238310847052746752
1238310850093551616
1238311033858637824
1238311381268680704
1238311759871705088
1238311813076443136
1238311830986133504
1238312234956263424
1238312287515090945
1238312452942635008
1238312854769590273
1238312937946861570
1238313086462935040
1238313454886367233
1238313539481350146
1238313620683075584
1238313941538713600
1238313990180294657
1238314008790421505
1238314273165717504
1238314544105127938
1238314635012513792
1238314722690322434
1238314959873945600
1238315266804723714
1238315485403512832
1238315565896413190
1238315653955796994
1238315875066920960
1238315898655604736
1238316101873909760
1238316169620271104
1238316180458348544
1238316778318692352
1238317207567962112
1238317318444367875
1238317956314140672
1238318362125533184
1238318664262340609
1238318832923611136
1238319120707473408
1238319271362670595
1238319316879228928
1238319676654063616
1238320035485167616
1238320274052956162
1238320485085085696
1238320490344779777
1238320601724522496
1238320755617775616
1238321152633835521
1238321551474335744
1238321812682846209
1238322161812672512
1238323374251806720
1238324146263805954
1238324503844925440
1238324790726987776
1238326087127629824
1238327387621937152
1238327489530863617
1238328304576466945
1238328713617592320
1238329207320707073
1238329673794367488
1238333368892362753
1238334177080156160
1238334241076924417
1238334964095168514
1238336462392680448
1238336692538540037
1238337187587989504
1238339445276979200
1238340104491589632
1238340236800901126
1238340986004213761
1238341152232951808
1238341795181969411
1238342296711696384
1238342857737584641
1238343245878493184
1238344406413041665
1238344789428404229
1238346261822046208
1238347889816076288
1238347982308806657
1238348930489946112
1238349422020493313
1238349571165696001
1238349911642570752
1238349969905639425
1238350663794528256
1238350896855121921
1238351131300036608
1238352054713712640
1238353894717231104
1238354005773991936
1238355327642415105
1238355415412486146
1238355639417671681
1238356083204329473
1238356358719852544
1238356423823765504
1238357475117666304
1238357578305978368
1238358851130359808
1238359367851945985
1238359628561424384
1238360313357045764
1238360504747405317
1238361666674470912
1238362739866775552
1238362914563788802
1238363420518486021
1238363424863682560
1238363468153139201
1238363600294686720
1238364022031953920
1238365098403643392
1238366159331827713
1238366872371892224
1238367020024029189
1238367020518866944
1238367219916161024
1238367689623691265
1238369101367697409
1238370301530050560
1238370705747652609
1238370727339995136
1238370826753314816
1238371114876899330
1238371795335553025
1238372166749556737
1238373049293922304
1238373767031730176
1238374189276545025
1238374324987461632
1238375696671670278
1238376781830410240
1238377480467050499
1238377571986944001
1238379377890660352
1238382273910710274
1238383074498555904
1238383225279582213
1238385312189091840
1238387426437083136
1238388305114382337
1238389646205353985
1238389701431754753
1238393346512556034
1238394355838312449
1238394624026095616
1238394951781822464
1238395922964414464
1238397099454222336
1238397953674534912
1238399209004584960
1238400198956797952
1238400632865861633
1238402156400607232
1238402851958935553
1238404498437148672
1238405888014237696
1238406605907116034
1238408331619901440
1238408851357138944
1238409232682225664
1238411100573614080
1238411379993952257
1238411984586051585
1238412236697341952
1238413554782556163
1238413932437463040
1238414170309177344
1238414379365916672
1238414705515003904
1238415553573851137
1238416494813499392
1238416916450074624
1238419184184418304
1238420641872785415
1238420905795215360
1238422127402942464
1238423983189561345
1238424392922693634
1238424839142154247
1238424847933411328
1238425502488166400
1238427302830182400
1238428737642942464
1238430926901829633
1238432619295113220
1238433048208838656
1238433076562350081
1238434651406024706
1238437423174082560
1238439731672817664
1238440161916137472
1238440790139056130
1238442060832747527
1238442972829626368
1238443723253526528
1238445272977551360
1238445520894464000
1238446378965180417
1238448594367234048
1238449979305472001
1238450458785714176
1238450847614406656
1238454061155876865
1238455765670727680
1238456537057763329
1238456710240636928
1238458969993199616
1238460032288731141
1238461876239024128
1238463629298741249
1238463896266199041
1238465575078318080
1238467634296950785
1238468645338132480
1238469784691527680
1238469922403090434
1238470203073335297
1238472618543648774
1238475766104494081
1238477625766621185
1238477640404779009
1238481281199079425
1238482770076319745
1238483945773322240
1238486568429592578
1238486772167970817
1238488680928546816
1238492697821880325
1238500852098351104
1238502758635974663
1238503112299753480
1238506420686946304
1238507471808929792
1238511593757040641
1238513438172884993
1238513690036645890
1238514318372716546
1238514783105810434
1238515739096756225
1238515969179504644
1238517710943916039
1238518198506487808
1238522809971859458
1238525729115197443
1238527669236613120
1238528287514779650
1238528895672037379
1238529083555876867
1238530269952475136
1238530555702059016
1238530925127925765
1238531156926226433
1238532408225476609
1238533063556190209
1238536301349081089
1238536364850925568
1238538112835485696
1238546427837644801
1238548144616603649
1238549806034944001
1238550444584194048
1238550629620072453
1238551378785599489
1238553424276455425
1238555645298835457
1238556099592310787
1238556957990158338
1238557981119217666
1238559275569602565
1238559378879524864
1238559395866447873
1238561305105174528
1238566253473804288
1238566618931830784
1238567409717587968
1238568227908792322
1238568491168534528
1238568672131719170
1238568993151242241
1238570449665212416
1238571215448608769
1238573317549932545
1238573369253154816
1238580379197624330
1238580413192458240
1238581481938792448
1238585457069481984
1238586027822010375
1238588818862850051
1238588822960685058
1238590521104314371
1238591758843379712
1238595567200145409
1238596356094210053
1238596710177353728
1238597405009993728
1238598162463576065
1238605097845829632
1238605831752617984
1238609555443142664
1238613220035788800
1238615518124400640
1238617347788849152
1238618511964016640
1238621268552941568
1238626172935852032
1238626740773310464
1238635636132847616
1238641145120534529
1238648857384431616
1238652424455434240
1238660900137115649
1238667188048969729
1238672593848238081
1238696179434688513
1238696393029623808
1238698668166975488
1238714848265015296
1238716740990898176
1238721511189630976
1238723259266449410
1238731681043005440
1238739909130760199
1238741848144969729
1238747813921636352
1238751562878631937
1238752989822832642
1238756433874890752
1238756461372719105
1238756640087777280
1238759616290455552
1238760691886108672
1238761352329490433
1238764189142921216
1238767256932429824
1238770724942331905
1238771428046094336
1238771935313571841
1238777434872446977
1238778728739737600
1238781837822103553
1238785917172793345
1238798557450289152
1238803900842553344
1238812071929806849
1238812492488474624
1238816328674349056
1238817390420467713
1238822786799480833
1238838220516995073
1238841136892063745
1238844382117351424
1238850522561630209
1238852069651513344
1238859702940905472
1238872684848730115
1238889901317394432
1238901064214155266
1238906757071634434
1238909450318118912
1238910540409450497
1238926684428132354
1238949982494998528
1238957149402869761
1238972117728755717
1239001353965506568
1239032064692965377
1239078950728540165
1239098363334873090
1239107636290879490
1239159426587807748
1239188161777016833
1239220260282261506
1239311025591197697
1239325795916677120
1239340709431463938
1239381715321266177
1239465338154164224
1239501850484838401
1239503540407750656
1239517046959939584
1239579748440903683
1239603884416479233
1239629133157728258
1239632071313764352
1239636869886992384
1239648842817159170
1239654604150898688
1239672827453693952
1239674164417568769
1239694969327230977
1239790394990309376
1239891099260538880
1239923085891043335
1239982601798107136
1240023758540361728
1240275419737317377
1240290191903985664
1240323671660658689
1240483403578908672
1240618147230646279
1240663537606955011
1240931345280491522
1240984206894907394
1241091228055359488
1241794734298992642
1241862449797742592
1244977641112961025
1246022783173353472
##1239046417945178113##
1239056113187852289
1239121657492537344
##1238598789486821384##
1238598828225372162
1238598847468908545
1238598847556997122
1238598950107713541
1238598957233778688
1238599015014576129
1238599118207045638
1238599223697977344
1238599250239463424
1238599689546719234
1238599696194691073
1238600146763550726
1238600789846896641
1238601061960728576
1238602739858444294
1238604197370703874
1238605777767739397
1238610334430175232
1238625253896658945
1238639518342840321
1238668412508872704
1238709428146356224
1238736779995279360
1238745328746205186
1238783494337245186
1238784875223810048
1238844944174981120
1238886953904414724
##1238927361149722624##
1238933650252664838
1238935349944029184
1238944718916071432
1238966173510893568
1238977885983178752
1239003024154124293
1239014492564074496
1239015249866559488
1239017083532464129
1239018384194441216
1239019182618030080
1239021113952423938
1239022345475493888
1239024761935745024
1239025222260572161
1239028106817613824
1239030207413174275
1239030358819119105
1239031536927866881
1239031739890249728
1239032234314776576
1239033614408519681
1239034982586351616
1239035462020403201
1239035615381008384
1239042166615429120
1239042824508751872
1239047886228402177
1239049239285678080
1239051933077422085
1239052668171161600
1239052676769382400
1239055860229423104
1239057031866261504
1239058885761269762
1239060897768890368
1239061800408285185
1239064208215552000
1239067417965408256
1239067455290593280
1239067814570471426
1239068180385091584
1239071577133719552
1239074087441326080
1239074403486482432
1239075725078147072
1239076799637749760
1239077047030484993
1239077147018498048
1239077494583635969
1239080133107101696
1239080153952800768
1239080581746565121
1239081010471542784
1239083102846234624
1239086551470088193
1239090590417125376
1239090636508233728
1239091856300015616
1239093369730670592
1239095789496012800
1239097394811240448
1239097918407282688
1239098314852913152
1239098369273929728
1239100064036982785
1239100786963030017
1239101372898971650
1239101621088456705
1239101837615267841
1239104240162934784
1239105401943195648
1239108292569452551
1239110671557627905
1239112886779359233
1239114189656002565
1239114938280525824
1239117167087570945
1239118070234394624
1239118675870994432
1239118984684986368
1239119313816125440
1239120096875905024
1239121657354166276
1239122199556116481
1239130438943363078
1239132279177449472
1239139393891454978
1239140688782135297
1239140807623487488
1239142818398048256
1239144823967408130
1239146254405427200
1239147969020137473
1239148236323131393
1239152713038024704
1239156309108428802
1239159504178237441
1239160081813573634
1239171365825101827
1239178993569615872
1239181765505363968
1239184589853200385
1239192088950050816
1239192937323540480
1239205847768748033
1239217416762245126
1239229502116499458
1239235603901923329
1239248369824026629
1239250308955623425
1239258630563733508
1239258754094415874
1239263256583249928
1239268699678400515
1239280531826712577
1239281288756047874
1239291780312555520
1239337583127265282
1239360163263504385
1239373873834909696
1239378477280890880
1239378787801890816
1239382332542537730
1239384061837217794
1239391076827500544
1239396500213510144
1239421602263183360
1239429511340490753
1239438442435575808
1239439706141712385
1239443124381839361
1239467764949098496
1239481418025242624
1239499327870992384
1239529069181624320
1239532439103569920
1239551561765978113
1239577121133125634
1239580632482791430
1239645423452721153
1239651412566556672
1239732636924469251
1239748746738630656
1239777368845291521
1239806806811082752
1239807282747244544
1239832566892572673
1239849997132333057
1239854369128042496
1239953030566608898
1240037430423584768
1240115662330216449
1240115865250680833
1240131863408185345
1240222007029125120
1240260302584905731
1240266170604965890
1240275110579318784
1240286407618330625
1240313090127912961
1240315285086838784
1240345798610649096
1240364212867735554
1240396201746477073
1240414487829794816
1240478251736334336
1240489583231541248
1240517383523098625
1240573313199505408
1240592126007746561
1240699519836155904
1240705283103604736
1240867203517423616
1241251933710700545
1241566128004042753
1241756857825452034
1241818502027231237
1241946400851668996
1242062217568288775
1242321982466732033
1242380009035227136
1242398986641838080
1242486814721654784
1242921233932595204
1243172922929315840
1243580956025532416
1243584824813785095
1245289451196219393
1245695742980874242
1246126625823035395
1246131830237118464
1247342342048288768
1249896725197840389
1251340432371593216
1252818341229555712
1253338862211883012
##1239335785473683457##
1239336977482354688
1239337021505757184
1239337061708070914
1239337061762695168
1239337135502700545
1239337208676601857
1239337311302713345
1239337451694575616
1239337528186068992
1239337647958626304
1239337776782467076
1239337817630740487
1239337949159882752
1239338203959738374
1239338878647091205
1239347832022335488
1239348112575078403
1239348301264310275
1239348412518141953
1239358648301826049
1239450251586609152
1239560587568431109
##1239339791466070018##
1239352333496193025
##1239996910418776064##
1240221690824658945
##1242947425633021955##
1243861868306935808
##1245071668416000002##
1245087125441216513
1245087595572363269
1245087978894041088
1245091666677071874
1245096079663738880
1245187293268324353
##1238887659247996930##
1239403255219830786
##1238918959967227906##
1239156357909098496
##1238955174569402368##
1238964360405491713
1239020948675846146
##1239134444721770496##
1241781566889775107
##1239247753626243073##
1239254036458725377
##1239458932462096384##
1239471152990507008
##1239836273558388736##
1240055359731048451
##1240016127595601920##
1240034598345531392
1240037785303687170
1240198385702928386
1240235191957950465
1240253794522456066
1240273122437271552
1240294650361139200
1240319910804365312
1240325071224426500
1240334776856383489
1240651104259575815
##1245257569368768513##
1245321351298244608
##1230983032720375809##
1230984095624245248
1230984232991850500
1230985067402493952
1231040762269327362
1231041262301609984
1231083210601312263
1232060071737163776
##1231119545458417664##
1231120234012200960
1231121513644003328
1231121616471543808
1231139899941834754
1231142182377152512
1231143902574501888
1231149963167633408
1231157312527699975
1231157882051342336
1231158502661423104
1231160908866555906
1231168868313452544
1231169237751934976
1231192765494636544
1231195490915672064
1231196560450629632
1231196791976189953
1231207780327075840
1231211148948754433
1231223717247823873
1231237389772840960
1231268001976111104
1231435981569642497
1233039876645425152
1236381173779177473
##1238680842702065664##
1238745265202495488
##1238871156385603584##
1238883649375830016
##1247025965877919745##
1247029137551785985
1247033042570563584
1247043474819612672
1247045946812387328
1247053385477603328
1247056347759329281
1247057646928175104
1247089782775320578
1247092367389274114
1247093048435187712
1247099009103265794
1247115321493905410
1247116405260136449
1247137573258104834
1247164106710253569
1247238132870918148
1247385714280534017
1247542683356114948
1247543514855911428
1247933154209529858
1248359990999556097
##1240004630643453952##
1240004692291305473
1240005159108968449
1240017299853250562
##1239336647176663046##
1239336662120960001
1239337036185849862
1239337158307176448
1239337172848738304
1239337232500170757
1239337749129441282
1239337996744261635
1239338118681112577
1239338440765984775
1239338693619527681
1239338739765215233
1239339189109473280
1239339327764729856
1239340190591836164
1239340241036742656
1239340590833250305
1239342708944187394
1239344111523684353
1239345707284340743
1239348661383036929
1239349306857054210
1239349681928507392
1239350594785116163
1239354344010665984
1239355157495848960
1239356548138381314
1239357348696805377
1239359602732531712
1239360239939604483
1239372899770929159
1239373565700575233
1239378301858258945
1239381021872791552
1239383178126790656
1239383781187948547
1239384378482065409
1239386003028283393
1239386977507708928
1239390301262880770
1239392868353130496
1239400338551078915
1239407979885199360
1239410330708647937
1239414348960890881
1239417377231691776
1239422115079770112
1239423355666792448
1239424318339244032
1239430585384304640
1239431437142515713
1239435263459328000
1239441738957283332
1239442096119074816
1239443264048160768
1239445033746563072
1239445881553858560
1239452498341101568
1239454196526714881
1239455193143693313
1239456153542840321
1239457076646158336
1239461009330487297
1239461185059258368
1239461783028396032
1239462807558598656
1239463199482744832
1239463666308784128
1239469050272587777
1239469148322881536
1239469158724763648
1239470156910333955
1239474115909738496
1239475852104077312
1239477201881489413
1239478437955461122
1239478542959771649
1239478904051707904
1239485470259765249
1239487386179993601
1239487435681271810
1239488312781475841
1239490150390009857
1239494585769955328
1239497938415517698
1239499405599936512
1239502076725604353
1239504443743383552
1239510308177182723
1239512279789580288
1239514108187336706
1239514694517391360
1239517324039917568
1239521549813678081
1239523721662128134
1239525971889401856
1239526762406727680
1239530751118512129
1239530857154727937
1239531096951476226
1239537038015283203
1239539633668702210
1239542295575363588
1239543271367626758
1239550236823097346
1239553546376425472
1239553648318873600
1239553808230952962
1239554897428860928
1239555740802711554
1239566998083862532
1239569472316420099
1239573515281600515
1239577551099568128
1239578357471346688
1239584105907486726
1239586296231755776
1239587054465560582
1239589673586118657
1239589777101422592
1239601920660189186
1239602684166103041
1239604729782636544
1239606201303867392
1239606263719374850
1239607200521367557
1239607468075950080
1239609176227295233
1239611952688697344
1239612382739083264
1239634358581047296
1239636261947805698
1239638670019346432
1239641694292905985
1239642664569647107
1239644975484284930
1239644988075581445
1239646641092792324
1239654987283791885
1239658330693472257
1239668510244122627
1239671855826468866
1239672693039026179
1239674313768341504
1239675144206864384
1239676774511935488
1239687637557968896
1239691702488780800
1239696741437526018
1239697959153012739
1239720441398337536
1239776966460440581
1239786469868408833
1239812868377321474
1239813206828253184
1239827947420344322
1239868794929020928
1239929544448135170
1239932746023264257
1240017171427844096
1240083505733869573
1240116382559277058
1240420831551008774
1240424919449645062
1240817602282340353
1243944600722522113
##1237858179104387078##
1237862911889948672
##1238878381636190210##
1238881529222377472
##1239338830014156800##
1239746976926896138
##1230906333194588160##
1230907350170599424
##1238893575053729793##
1244962078302994433
##1240279237061378048##
1240286309341593600
##1224029134835372033##
1224033989859647488
1224041704979824640
1224043798914793473
1224046735120576512
1224067176606392321
1224139098157469696
1224330632240795649
1224386516107059202
##1221969927323648000##
1222258660396752902
##1223584765728653312##
1223584905122271232
1223585341518553089
1223586015304134657
##1223767881848164354##
1225387320981020675
##1223889923549298688##
1223895796464193536
1223905153050382338
1223913046994825216
1226602723077971969
##1223933221064335362##
1223966275568918528
1224106795301511168
##1223954614254481413##
1224221641510658067
1224221794648973312
1224221883844960256
1224222126825267200
1224225815954710529
1224233190816190465
1224245967542767619
1224272583215939584
1224285413910728707
##1223979832805117955##
1223980866675675141
##1223987214482333696##
1223990939745767429
##1224020084114567169##
1228734335911591936
##1224028273312706560##
1224033846963982336
1224034448427167744
1224034549191127049
1224034562419724288
1224036410606395394
1224038097391779840
1224040762691768321
1224041758067187717
1224042185609437184
1224042718281768966
1224043114341507072
1224043171174387712
1224045608920604672
1224053465636311041
1224055997695655941
1224067205106741248
1224082300624875527
1224083671164039169
1224088866224734209
1224088994369110016
1224090868258410496
1224091904037572608
1224196023020589056
1224250078057156616
1224302068795629569
1225882595168342016
1226613713786064896
1227865652070883328
1228749829561618438
##1224616249717612544##
1224616670263697408
1224616712101941248
1224620914530189312
1224635598822133761
1224643129422352385
1224645167166251008
1224645182680915968
1224645201454673920
1224645253313048576
1224645271604334592
1224645299035164672
1224645372527751168
1224645432502079490
1224645462793302016
1224645489842380800
1224645875491856385
1224646088902225921
1224647216897384450
1224684998705451009
1224685495449542657
1224687692300025856
1224688168575938561
1224688568075014146
1224689989029650433
1224690561560600581
1224690615549558784
1224690669656080384
1224692139910729728
1224692319762485248
1224706291140042752
1224716276104335360
1224718172877660160
1224723411156578307
1224728015982223360
1224731170405060611
1224740154906234880
1224740649456558081
1224741379240271874
1224744359062573058
1224746030090084355
1224750408507236352
1224752618104377345
1224754887474413569
1224759527041576961
1224761569751588866
1224771595299958786
1224787946940903424
1224801935644979201
1224812679849705473
1224814665689006080
1224816562630283265
1224817264307982336
1224817571964293123
1224824002662805504
1224827615493722112
1224898881953173509
1224902680834985984
1224903046250950657
1224904585409638402
1224906865324240896
1224907520168333312
1224908010830663681
1224909072903831552
1224912562971693056
1224923501150208001
1224932038458986496
1224938480071069696
1224952800838328320
1224975121401643010
1224984055726444545
1225057970746200064
1225101198723862535
1225106269025001472
1225159750079348736
1225175941372153858
1225181139834458123
1225260277094060032
1225776595446751232
1225979495250874368
1227801563110035456
1228738303953965061
1228886520486076416
1229656715873918976
1233129098857394176
1233808343153741829
##1227845163436904448##
1227847782649794560
##1231664943101042689##
1231670484640636929
1231881321368170496
1231891524272709632
##1232058803648106496##
1232213319131549698
##1232766460809957376##
1232930061667520513
1232930392166019078
1232951582339346444
##1233497226359529473##
1233497725125169152
1233505201811841027
1233506887200583681
1233578276498612226
##1233499018317193222##
1233500382325825537
1233500548021788674
1233503922263928832
1233529406343262209
1233537781584072712
1233539520152457217
1233608486921084929
1233615179646210048
1233616901890134016
1233635923092393985
1233659509186482176
1233666094575079424
1233686843436171264
1233713927772614656
1233741683797393408
1233742384418185217
1233745721024708609
1233772462392799233
1233791292011929602
1234105394861133827
##1233704525652987904##
1233704862598086656
1233706475358425088
1233709338172313601
1233766063936069633
1233791927771856899
1233793718186074113
1235251020290232322
1235254677073166339
##1239392185008652288##
1239392405096464385
1239400620228042754
1239482057379713024
##1239486601350316032##
1254617012694847489
##1239569147920625665##
1239569754161102848
1239572676768870400
##1239632634046754817##
1239632772031041536
1239632807858769925
1239633296822358016
1239635017741086729
1239635933068230658
1239636022398500865
1239640363964477441
1239650253504221187
1239666075073216519
1239679841168998402
1239686241064488971
1239812658183974913
1239854585222705152
1239860371076395008
1239862879001681920
1239889959789748224
1239896577021546499
1239942999540449281
1239955510641799169
1239957845795377153
1239991429772054528
1240008522382925825
1240011592194052097
1240012276679282692
1240017440442134535
1240034587973234690
1240043425476550658
1240310535985549313
1240359365099610112
1241216619281596417
1242701707446009856
##1239646246064852993##
1239993463069913089
##1239692753082232832##
1239712504940552192
##1239879674643308544##
1239885191822352390
1239921457997778944
1239924418572320768
1239935787346595843
1240223036621705218
##1240019418803048448##
1240020232875491328
##1240056832699387907##
1240057185952030722
1240057200535654406
1240057508498157568
1240057690136743938
1240062580519047177
1240063218296459264
1240076080565891074
1240092231823917059
1240093810534813696
##1240113010355683328##
1240330440201961476
##1240398744480296960##
1240401704157413376
1240442083011440640
1240530334560604160
1240724178430504960
1240926302418370564
1241288751894102016
1241929248354549762
1245803717544349700
1246123872841318401
1246202860351762432
##1240399216029171712##
1240526663991136256
1240792972452651008
##1240419214109945859##
1240419321282801664
1240562898390433793
##1240667675472343041##
1240673902537433088
##1241016798851608704##
1241019965072986114
1241075340321214464
##1241505059508232193##
1241505303730028550
##1241694419453186048##
1241695574799327232
##1241850195387863043##
1241851655596978178
1241852228304060416
1241857285057642510
1241858212053352455
1241858394115526658
1241885866492116992
1241930569887465473
1241931985154646018
1241932004427534341
1241932255376936960
1241936323776335874
1242012199729729536
1242036052497502209
1242036419343892482
1242181171288707073
##1242879506521690112##
1242932434385219586
1243048564324007936
##1242902945643081729##
1242956086509998083
##1243680555520196609##
1243682369170804745
##1244177426101547010##
1244177715319709696
1244187679509676033
1244210245481541632
1244210673162375170
1244212227462311936
1244307245007015936
1244312620108218371
1244352014093635585
1244451070132224001
1244459122810109952
1244491733511147520
1244552209964072964
##1245125589465513984##
1245207469288275970
##1222590587813220352##
1222591148469968898
##1222607423665512448##
1222621646328037376
##1225172280021520384##
1225178829725020160
1225180533078011906
1225584436772732928
##1232440633660280832##
1232442041642016768
1232502807770599427
##1234941703301234688##
1234942289799237632
1234950227997732865
##1235272992403275777##
1235312053008715777
##1235589797911158785##
1235591058907676673
1235592029666775041
1235601521255092225
1235604303030743040
1235610839027191809
1235612500407787522
1235612528731815936
1235613551299039235
1235630943177670657
1235631023951687681
1235632170137346048
1235637996545650688
1235640947213586434
1235655705023123456
1235656998869295104
1235667877702889473
1235711528785108992
1235721054401658881
1235773929165373443
1235849610062520321
1235861560444088324
1235908587442094082
##1236436347784749056##
1236448576621940736
1236469619260624896
1236482327028662273
1237817947869065216
##1236670168782245888##
1236678965164683265
1236683217962491904
1236716337646493701
1236880366079746048
##1236786490119802881##
1236966561711300609
##1236802905426067457##
1237766910965616640
##1237115427488247809##
1237155012108783616
1237184199620165632
1237381875020304386
1237547774066876423
##1237132065960873987##
1237132713565597698
1237132923511484416
1237133089622691848
1237133147638312963
1237133532494999552
1237134119450095617
1237134860839419905
1237134929558978563
1237135333550100488
1237135356316827648
1237136984952451078
1237137881103294466
1237138050523770880
1237138181411221504
1237138452560388101
1237138535452377088
1237139154103865346
1237139358869831680
1237140455537750034
1237143002285555721
1237144901248323585
1237148911195893760
1237150701509316609
1237152323924897797
1237152816436842503
1237153302015627275
1237153336949948419
1237155072620011521
1237158521428467715
1237159970421997570
1237163892691927040
1237171835248226311
1237174643884281856
1237183006076547072
1237185680574418944
1237187877995454464
1237190289225367552
1237201614764748800
1237201680929902594
1237210085836939264
1237213118574596096
1237219086175735808
1237221816562847744
1237223303389085697
1237229871467823104
1237231048846647299
1237231603165904896
1237255181567504384
1237272273830150144
1237275362587009024
1237283787756703745
1237292212154781696
1237293483054039041
1237303023354945536
1237308683727626241
1237313697065971712
1237321831406882816
1237344998720446466
1237359816902938626
1237365727134453760
1237380813886496768
1237392752276434951
1237459266027610115
1237465677671346176
1237857150342287361
1238060828412260353
1238063034716823553
1238119445404553217
1238240065043738625
1238317312173801472
1238339046419714048
1238428545308938240
1238434751037538304
1242012164422086657
1243631922011652096
##1237151898316259328##
1237152645611216897
1237153418801819650
1237153652374228992
1237154837541814273
1237165653641048064
1237166081766313985
1237231779045662722
1237292793057378305
1237301961063620608
##1237156552135585792##
1237156686403698689
1237156818247389192
1237156989614075905
1237157787081355265
1237157794861776896
1237159035725664258
1237159108022808576
1237160175213125633
1237163504630710276
1237167476934311936
1237168334275313665
1237169406217723904
1237172389248671746
1237178742226792450
1237180352134856704
##1237476579573403654##
1237478352849690631
1237479730238160896
1237558457986768897
1237575531727450112
1237640092266762240
##1237489939509653504##
1237492415273021440
1237500885732929538
##1237505390847369217##
1237511356707999744
##1237878700001148928##
1237879329612165120
1238109266051043328
1238159505978003456
##1238175645055754243##
1238551810001993729
##1238201638130716672##
1238201813213593600
##1238243572194910208##
1238243604679790593
##1238245563889483783##
1238251820847370241
1238293208490225664
1238304840222150659
1238371249639882752
##1238246976686342152##
1238259599855190016
1238349822370942976
1238497959223930883
##1238247072320622592##
1238249019815669764
##1238247657199603713##
1238248635399364610
##1238248417215873025##
1238248841515864064
1238250739325177861
1238271620348862465
1238302768592494593
1238305415420612608
1238314193553625088
1238352567735930880
1238355383992885248
1238384902241947648
1238422716652363776
1238439932835889152
##1238250785827422209##
1238250819859996672
##1238574593822072834##
1238574788261675009
1238588660095823878
1238592229297524738
1238775642608603136
##1238576528612614144##
1238578391214931969
1238578457359134721
1238578872913977355
1238579459982266368
1238579770260164617
1238579896445739008
1238580080110186501
1238580870258270216
1238581371691507716
1238587495723536385
1238591266482524162
1238591592329547779
1238604911530708992
1238610028388659200
1238616243285999616
1238623105997852672
1238623704088817664
1238625945302577153
1238657460589793280
1238666951842463746
1238707759845081088
1238712560242831360
1238728419233406976
1238736603713024000
1238745167978549248
1238754068610375680
1238756596982919169
1238771447398572032
1238785916694663169
1238813086376656896
1238919146877968385
1238944610262626306
1238946876940050432
1239124375850438661
1239412256611368964
##1238584899604566016##
1238585374315855875
1239149097174667264
1240261130355912705
##1238609159932841984##
1238790435289661444
1238794835865337856
##1238611332485783552##
1238761276744126464
1238913320268320770
##1238754111882956800##
1238754524795408386
1238754701287534592
1238755425039921153
1238756264341057537
1238756667229188097
1238759831969976320
1238761849639899136
1238772104193081346
1238778981803003904
1238780998411792384
1238825645662232577
1238829245285240832
1238834728222044160
1238839374621671425
1238850207678332928
1238868631443968001
1238878927461986306
1238889090222866433
1238894287561129987
1238905482657574914
1238939427667423233
1238957971016765440
1239181667832680448
##1238766668639277062##
1238766823094603776
1238768395807592448
1238768445640118272
1238779797687480320
1238785477802635264
1239041929993740289
##1238782961618747392##
1238783329614299137
1238792683939823616
1238803247399350274
1238814761032323072
1238819250468462592
1238827291779743747
1238831901324050440
1238833602865094657
1238835490142523393
1238844420822269953
1238852940942774272
1238879137638625285
1238882482176569344
1238883281644511233
1238884419974332416
1238908862012456970
1238918625077100546
1238945823024652290
1239033157174923264
1239042859552169985
1239061513681412096
1239231516808445957
1243560918753181698
##1238804803314122752##
1238804861061390337
##1238812253174091776##
1238871048008982528
##1238852004102975488##
1238858507002224646
##1238880573449547776##
1239068963985920002
##1238891520075476994##
1238891919259860995
1238894748909346827
1239082956892835840
1242168797227819014
##1238921771178393601##
1238931932785803266
1238967526886969345
1238974228424253444
1239062294149152768
1239160178102210560
1239161847661633537
1239230551917301771
1239510463601242112
##1238931738967060481##
1238933181316898824
1238979141979996161
##1238945115244081152##
1238949642928259080
1239418501779120130
1239508786844438530
##1238970687676694528##
1238977975426502657
1239086329125797888
1239171333793120256
##1238975512392982528##
1238982853909712896
##1238977482411454469##
1238983567495122945
1238984633175457793
##1239109361278029825##
1239109428856737794
1239110055649325056
1239154800547311617
1239289919736025088
1239353144678723585
1239440799143731200
1239696827374501890
1239847810469683203
1239993498914471937
1240018478456864775
1242962066652254208
1244227776825233408
1246118013415424000
##1239173319384952834##
1239245918567903232
##1239209786761269248##
1239211576906874881
##1239270207882919937##
1239270743441096705
1239271716796403714
1239275602257088513
1239305404867379201
1239389867777368064
1239451137243254784
1239455021927989249
1239458096667295746
1239476372067815424
1239482766686896128
1239504899425079296
1239542646743465984
1239602745797160960
1239671942199889921
1239947534547791873
1240353066572013569
1240692083251220480
##1245674567420518400##
1245675312698048513
1245696756521861125
1246095722937810944
1246106138699071491
1246118348888453122
1247089764442017793
1247168877491961856
1248008609432125440
##1245835467146383360##
1245836292601995266
1245836398076112897
1245836437523697664
1245836513805508608
1245919792332144640
1245921263891120129
1245925084818259968
##1246208538852106242##
1246469605541007362
##1249103240580366336##
1249117657145753603
##1252408422886076417##
1252408613269680133
1252409084352970753
1252409334325116930
1252409755257024513
1252409918545489923
1252410596835815424
1252416451656335361
1252420849312739330
1252427804399923203
1252453566297583617
1252560462941691909
1252593538283552768
1252594965340917762
1252598810825588737
1252601124370210817
1252639540830969856
1259483254207451141
##1252486579962228736##
1254151824338280450
1254152529669238795
##1253648090562801665##
1253648232208621568
1253648324881780737
1253648630688485378
1253648763186544640
1253649092200275968
1253650341347852288
1253651011857776641
1253651441069232129
1253653242275418112
1253654050362490880
1253656424850358272
1253660848461164544
1253661072323678208
1253716518103285760
1253735806545657856
1253777090140405760
1253777929433223168
1253798415676387342
1253825807493054467
1253846102723440640
1253850937178931201
1253939493650006016
1253999743082078209
1254139987236438017
##1255258137675870210##
1255262855974326273
