##1251524275758157827##
1251524550870925314
##1251586753246494721##
1251612660162088960
##1252224709678202881##
1252225656416428034
1252229647816732673
1252242577086132229
1252303980430086144
1252582754857955329
##1252336305574498306##
1252469459954159616
##1253036192209256448##
1253037051307532298
1253037478510047236
1253037922938499072
1253038048939511810
1253038353097936896
1253038665993015300
1253039534847262721
1253039714740903936
1253039923965427715
1253040526905008129
1253040737425522688
1253043366532714496
1253045351365443586
1253048925180891136
1253051770571501573
1253051968739782656
1253053859766902784
1253054304447070208
1253054501579304960
1253066704109920258
1253067343539961856
1253070181963874307
1253072015159853058
1253072722319552514
1253078672279572485
1253084738140737539
1253084803903238146
1253092040444989441
1253096721154035713
1253106059994112006
1253134422402109442
1253146605819170816
1253171987641442305
1253244716478586882
1253310680251367424
1253375130031599622
##1251987158035988486##
1251988340586491905
1251993693533409280
1252016130551619587
##1252204390682951683##
1252224140108541953
1252302594103443465
##1252431961659850752##
1252432132699336704
1252432378175188992
1252432420776771584
1252432965117734912
1252433846466867200
1252434144279228417
1252439719469649924
1252445794394869762
1252451484731613190
1252573307389558790
##1252761910182805505##
1252765125343412230
1252771399430799360
1252774794078101504
1252878108845207554
1253013448142852096
