##1247987503245770754##
1247988487867023360
1248166348179607553
1248171030474080256
1254756667780145152
##1248376159038926858##
1248518367411134470
1249052349982822400
##1248392891598131200##
1248393732149243906
1248396621303316481
##1251971791603580930##
1251991691671764994
1252003030544846861
1252003098756775941
1252259619524825091
1252354186190008320
##1248020518768435200##
1248020694236942337
1248021080788406272
1248021197964685318
1248021209524113409
1248021433676107777
1248021654434983936
1248021704263307265
1248021954621300740
1248022004055375874
1248022250902687744
1248022311858515968
1248022378967416836
1248023370526056453
1248023830540533761
1248024477268656130
1248024819779674112
1248025622926024705
1248026148078002176
1248026570972958724
1248027026772176898
1248027550716215307
1248029390967095303
1248029868790558722
1248030319388831744
1248030932394815490
1248032516054953995
1248033262171312135
1248034002029682688
1248034760540200960
1248038121498972160
1248042486779568128
1248043368577458178
1248044341907599363
1248053069725794315
1248060858640498688
1248065835492610060
1248070742043963392
1248080764262060033
1248105392334344194
1248121940704985088
1248173508447830016
1248217280535842816
1248530166206382081
##1254181474892492801##
1254182011989827593
##1247903295387009030##
1247973728572649476
1248078140569772032
1248101264740757504
1248155715677675520
1248186532978216960
