##1232012889868861442##
1232012974115753985
1232013182723600384
1232013307537743873
1232013662799482881
1232014100319932417
1232014142925611009
1232014229969997825
1232014909396996097
1232014921472323591
1232015008470532097
1232015015286394880
1232015199475060739
1232015229606866944
1232015878117625863
1232016124688191488
1232016140739776513
1232016151129051146
1232016209945800704
1232016432294252544
1232016840081203201
1232017552924200966
1232018235148718081
1232018235622674442
1232018295240429570
1232019345812992000
1232019890283917312
1232019947213160450
1232020857624694784
1232021205546340355
1232023081067130881
1232023246402445316
1232023989343703042
1232025276063920130
1232027402294956034
1232028616483049472
1232028971073769473
1232029114925768705
1232031593797234688
1232032631505723397
1232033144771108867
1232034505151651842
1232034518514708480
1232036925067923457
1232040058527633409
1232041096215175168
1232042825971326976
1232045462569525251
1232046283109650443
1232048325421158400
1232050146281697282
1232055137947934720
1232060670595694594
1232066303395090432
1232067202779623429
1232068752277110787
1232073110817517568
1232076866766413834
1232124474943852547
1232126476172111874
1232136679458299905
1232146022312353792
1232151693929918464
1232157013200769024
1232159094951358467
1232187952903663617
1232222609300811779
1232226549220466688
1232230994066968576
1232237132451897345
1232266189990174720
1232299390385217536
1232299671558770692
1232324286880284672
1232334942077624330
1232345649032712192
1232407350700642307
1232426963450712065
1232446216543170560
1232508880002994177
1232645203217076224
1233117313458720768
1233194813618610176
1233474980559622144
1234969643321905153
##1232346304132657153##
1232346430502772736
1232346681804558337
1232348265959612416
1232369959419994118
##1224331710709608450##
1224332171894251522
1226339206605111296
##1224535548498522112##
1224536660886593538
1224538284946345985
##1245794840757121025##
1245794884377772038
1245794986580377601
1245795160639918081
1245795173092786176
1245795176708280321
1245795286422818818
1245795338511933442
1245795437564571648
1245795765928280064
1245795857297018881
1245795990466105344
1245796107688513536
1245796172905820169
1245796201980723201
1245796225657581568
1245796400803217408
1245796491228327937
1245796602482130946
1245796689149136896
1245796742068604931
1245798196485459969
1245798879460765697
1245799217236447235
1245799501442494464
1245799890732670976
1245800549217435649
1245800993352306689
1245801213171466240
1245801881793966080
1245802475543724033
1245802514546601984
1245802603335868417
1245804137515831297
1245804534926106624
1245805186951589891
1245805517332721666
1245806323888988161
1245806375449645057
1245807382661402628
1245807490610147342
1245808276132057091
1245809159758589959
1245809269397696513
1245810115556622336
1245810117783834625
1245810133940285441
1245811563224801280
1245812222179323913
1245812400747667457
1245813729511591936
1245813950685601794
1245815210650284034
1245815747718328325
1245816186006355968
1245816335860412421
1245817884632367104
1245819451444002821
1245819564669243393
1245820473037946883
1245824193645752337
1245824764377104385
1245826773406941186
1245828984488656896
1245829005686833152
1245831696726913024
1245836660983631872
1245841182049042433
1245850108043894785
1245852968173223936
1245853716403515393
1245856382844194817
1245867815141171202
1245868488901550083
1245872637286309889
1245900679530590208
1245918696909856769
1245934455677579270
1245958747006087168
1246007189686366209
1246015616391303168
1246022626914566145
1246100574271045632
1246117481665757184
1246406904051630086
##1223814324638093317##
1223814872582033409
1223817041339199488
1223818148757065728
1223820846759923712
1223831998348828674
1223835274758754309
1223847657904492544
1223874171266043905
1223928903204589568
1223933134900727810
1223940769117065216
1223942110342238208
1223946296047865863
1223967677229817856
##1228310518319939585##
1228314636287717376
##1232009523621244940##
1232014662989991941
1232021047710535680
1232168406566232064
1232189058664816640
1232189317373714432
1232414299919810560
##1232011892882845697##
1232460651219451905
##1232015610898501632##
1232016728839860226
##1228810399618916353##
1228811523608522753
1228852093106237440
1229015337133322240
1229035512603848707
##1238030721664630784##
1238031029241348097
1238031457022509056
1238031699688202240
1238032732950839297
1238033300561760256
1238033658675630080
1238038705396502535
1238077013153525760
1238185589779898368
##1242911079287656449##
1243308388550873089
##1243296839291547654##
1243298730830413830
1243307024525537282
##1227856691808657408##
1228010624547987458
##1240767617666859008##
1240946582968848386
##1240767618761531393##
1240770481566842880
1240771137610661890
1240772883753963527
1240790293147987974
##1240767625682173952##
1240768090935353351
1240774008456577026
1240782269431808006
##1240767627229909001##
1240772241752801282
##1240767627506655232##
1240772507407450113
##1240767655616929794##
1240767743105929217
##1240767688210878464##
1240767833220546560
1240768270912929797
1240768293113417730
1240768466795278342
1240768963086299137
1240769963742441472
1240770993947377664
1240772937126481921
1240774108104790019
1240774680413450246
1240778685482962946
1240789477443985412
1240812815117684738
1240815928289513473
1240840590054633472
1240864404981395456
1240967569579917312
1241755496094347267
##1244398935529205762##
1244399082887696385
1244399153981140992
1244399262110232581
1244399278329659393
1244399478968397824
1244399542742724610
1244399898650435590
1244400103189884929
1244400198127927296
1244400606657331210
1244401161194672134
1244401826323206144
1244402044091367426
1244402161263546368
1244402189583495169
1244402334215688193
1244403114213597188
1244404713531019269
1244404812839555072
1244405359906873344
1244406958905589762
1244409672985182210
1244410821159129090
1244413764927025152
1244415137202741248
1244415226973487111
1244420910364479488
1244424120567095296
1244424773083463685
1244427403075768320
1244439562446934019
1244445286589595648
1244446764498911232
1244447199603326976
1244448420363993091
1244455447568044038
1244458976361746432
1244459448711684096
1244463865339019264
1244464710306738177
1244465936666689536
1244467026766319621
1244478653985103874
1244480210478813186
1244484608529481734
1244487574607052800
1244495545756012544
1244501096091062273
1244504155692994561
1244511116375572481
1244517520226295813
1244518572795314178
1244518834649915392
1244526081341882368
1244526576777256960
1244527603802914817
1244528991102545920
1244529016775811074
1244531491985645570
1244531825470590982
1244532004860956673
1244533721732198400
1244534074271809537
1244534827115823104
1244536318127996930
1244536473724104704
1244536677370118145
1244537916493385729
1244540321268105216
1244541658080980994
1244544843294167040
1244545113700868101
1244545250733051906
1244547858658926592
1244548039903260672
1244550044944121856
1244550756969009153
1244558169101209601
1244560206882799616
1244562003852656640
1244564018498592769
1244566363005489153
1244566412598935554
1244567793292529667
1244569171750461445
1244569549296603136
1244570491119177728
1244572642713231360
1244574164305969154
1244575112747155456
1244575717796581376
1244576783468462080
1244577794446802946
1244580025774616576
1244584511901499392
1244584940383145985
1244593767304384517
1244595944945057798
1244597665792512000
1244599089486073857
1244599954917769218
1244601269211234311
1244602360325976066
1244602829446266880
1244603202626105344
1244604344294612992
1244605870740254722
1244606734284607488
1244606888613994496
1244607206554730501
1244619011226308608
1244619776535773187
1244619964780290049
1244621058713554945
1244621448767029259
1244621558506717184
1244629331839799300
1244636441319178242
1244639609243516929
1244642669806211073
1244643712010944514
1244644081722175491
1244651052105900037
1244663425277419520
1244670678294573056
1244676564593324035
1244684344188383233
1244690511325212675
1244697573237145600
1244698321588977664
1244702477661995010
1244728630854463497
1244738414978707456
1244747577117085699
1244765510174113792
1244785272245673985
1244886636653162497
1244915004337463296
1245102822036770822
1245652165672095744
##1231263825875415041##
1231264068343914496
1231264901181648896
1231282783600959488
1231299941974278144
1231325471289364480
1231335508959285248
1231393541596893190
1231423085502509058
1231578968446439424
1231830778545410048
##1235320005673316355##
1236063594040758277
##1233128673445842945##
1233129097666211854
1233130777195483137
1233142298252390413
1233160922799190017
1233205929568542720
1233210655840362496
1233268856342355969
1233287161971007493
##1238952619508465667##
1238952664257507330
1238952789713321986
1238952972983382021
1238953031405916160
1238953032076931072
1238953034656382976
1238953150821924866
1238953224603873281
1238953330321260544
1238953341201330176
1238953395093938176
1238953426794528769
1238953474399838208
1238953535561248768
1238953576589901825
1238953590506639362
1238953594281316352
1238953658622119937
1238953672958193667
1238953751353987084
1238953804223123456
1238953813857501184
1238953822350987264
1238953858782683137
1238954295300677632
1238954707361693696
1238954762529316871
1238954891831324673
1238955473770070016
1238955925890719744
1238955938322710529
1238956412383920129
1238956732040335362
1238957069794975744
1238958097638531072
1238958844333756416
1238959028975407105
1238961950274486277
1238963332016746499
1238965258192146434
1238969322988584960
1238971177332289539
1238972579425247232
1238976816796270598
1238978279584993280
1238989832833183747
1238992609957294082
1239005378291130371
1239009634716913664
1239019167245914112
1239053413150863362
1239056591028174849
1239063739900596225
1239070454016618496
1239070747374637056
1239071250644971520
1239072739807367168
1239081244236943360
1239081746983006208
1239091343013449728
1239100639612936192
1239101029825855488
1239105219407085569
1239107487325917184
1239134271345917952
1239137464830361600
1239137799506407425
1239195399656792067
1239197285776580608
1239198780681080834
1239209683942023170
1239218068074762240
1239227299163254787
1239244653746098179
1239296127725338626
1239330990226538498
1239442891711361024
1239479804937805825
1239669385435938817
1239953524856893440
1247967880546791424
1247968342784315394
1247968649304031232
1247971502261260288
1247979838566281217
1248058233446707200
1248279750352801793
1248347761457672194
1248362923552055296
1248371602313666560
1248425102921719811
1248652462904561666
1248687486173315075
1248769734394421249
1248878203952906240
1248939090659233792
1248951191477923842
1249014569378471936
1249015881620951041
1249077569502294016
1249078530736033794
1249098932665212928
1249104214242066432
1249109900229140480
1249113340678463488
1249154543344144384
1249158489466982402
1249159168541548544
1249294310765453316
1249328227979534336
1249361939320406016
1249366791345836032
1249389281531084804
1249395488228548613
1249502010795339778
1249591667696549889
1249645319492681730
1249654004302393344
1249660863075794945
1249761081171546113
1249774274837086211
1249779030850666505
1249882175174062082
1249937983198855173
1250041861932224518
1250053688313499650
1250125350048317447
1250143520893079552
1250202487887466504
1250324400001314817
1250373129261719552
1250432857618563072
1250451414893187076
1250548720371933185
1250724014936514560
1250741119224291328
1250911987481169922
1251132304937881601
1251172875354202112
1251948981048967168
##1233327257084743680##
1233342876756697089
##1233552961302933507##
1233553152412147712
1233633763646726144
##1238087819190505473##
1238088094328459264
1238088608302718976
1238088983202144256
1238089685483823108
1238089880661569537
1238091422026391552
1238091578771677184
1238094096625012736
1238095596558450688
1238095801194332162
1238096815238635527
1238097410527805440
1238098163497676801
1238100001877868544
1238108168590364672
1238108229101588480
1238110846083108865
1238110992111976448
1238118015633219585
1238119524106469378
1238119806005477376
1238120962459123713
1238123132315148289
1238125486225702918
1238126042369478657
1238126712870907905
1238127275498930179
1238128255254900741
1238130198404632579
1238136098049724417
1238140035188142080
1238140119074340864
1238140640908754944
1238140816050225154
1238142740053008386
1238142916725481473
1238143715564228608
1238145960754188290
1238148647872757760
1238152502308155392
1238152579839922176
1238156636386136066
1238157183436697610
1238159130038349825
1238165406608736256
1238165986911584259
1238166615260385281
1238168308798685184
1238173177714552833
1238190137630130176
1238195051039207426
1238209818332192770
1238213789222342658
1238218116859072518
1238231174071422976
1238251537660555264
1238299843795312640
1238368688748875776
1238373071225892864
1238460037674291202
1238739067648585728
1239196181747699712
##1251805264774299653##
1251806207486185473
1251810626458071040
1251814779636854785
1251815004514500609
1251824066467713025
1251894674270441473
1251965669442293761
1252060319184293888
##1232874580106240001##
1232956079014924288
##1231352385668251649##
1231353364220387329
##1228723933043712001##
1228724822651346946
1228725530851258368
1228726190199967746
1228729828653879296
##1233524521057095680##
1233525202249830400
##1227822981625204738##
1227875313390096384
##1233053767278514177##
1233053985151557633
1233054060795826178
1233054134707916800
1233054267021369346
1233054350961971200
1233054358255947777
1233054386223448070
1233054427793235970
1233054433921073153
1233054473267924992
1233054491341205504
1233054626955526144
1233054633091883008
1233054772820926464
1233054811240779778
1233055044645289986
1233055097573314561
1233055117294874624
1233055201940197376
1233055246324240390
1233055544245653504
1233055760034209798
1233055793018220544
1233055867093819393
1233055942733959168
1233055949826465793
1233056127635595268
1233056354790780929
1233056385560121344
1233056500177948676
1233056590443556864
1233056723738529792
1233056886058102785
1233056906996002822
1233057171065253888
1233057262366842880
1233057279068516354
1233057741633093632
1233057789678948352
1233057872638103552
1233057917072486401
1233058008042741763
1233058012685885450
1233058072475635717
1233058094856441858
1233058095812796416
1233058276432130049
1233058355087802371
1233058620172095488
1233058693924708358
1233058889396051971
1233058892982226944
1233059102613475329
1233059503102451713
1233059717724987392
1233059778412400640
1233059951033167877
1233060073582321664
1233060119501574144
1233060257166962688
1233060299776892928
1233060373424721920
1233060397281878016
1233060501522919425
1233061200902139906
1233061595963633664
1233061665551327237
1233062096511930369
1233062374980116480
1233062500209393667
1233062541598875648
1233063029711024131
1233063123633999873
1233063129531240449
1233063642410541056
1233063773243662342
1233063875756601344
1233064286764912645
1233064551396061184
1233064705234755586
1233065337379311617
1233065411350061056
1233065453834194946
1233065498142822406
1233065536227086337
1233065705534304258
1233066101061431296
1233066249342586881
1233066294469124098
1233067172202786819
1233067358803107841
1233067607986704384
1233067803550322688
1233067988561092609
1233068058870190082
1233068272356122624
1233068333689380865
1233068340744216578
1233070122773905408
1233070805757636608
1233070812703477760
1233070874296803335
1233070922040594434
1233071094707388418
1233071194657710080
1233071474547855362
1233071772100153344
1233071790408323073
1233072092628881408
1233072477422616576
1233072628258267136
1233072631538233345
1233072763767861252
1233073218996637696
1233073274592079872
1233073330896490502
1233073431312322560
1233073549541302274
1233073653107118081
1233073874163699714
1233074461588574209
1233074522754101248
1233074734390222849
1233075033150541824
1233075120706588672
1233075313938182144
1233075546562736130
1233075583854301184
1233075656789024768
1233075815983788032
1233075920279306242
1233076370126909440
1233076670459977729
1233076729855594496
1233077328760254465
1233077491906072577
1233078254682169345
1233078589056331778
1233078670178299912
1233078723630465025
1233078775908388864
1233079011267444736
1233079027369422848
1233079559387516928
1233079727965003778
1233079902636822528
1233079962518872064
1233080693443436545
1233080720706428928
1233081094494466051
1233081877965217798
1233082240134975488
1233082351015559169
1233082691416985605
1233082802410852355
1233082965208576000
1233083471926644736
1233083607801049088
1233084081778364418
1233084215614492672
1233085068446511104
1233085248654774272
1233085280573366273
1233085551521214464
1233085681028784129
1233085934117191681
1233086005030408193
1233086224195293185
1233086231250120705
1233087479860858882
1233087604259774464
1233088261423345669
1233088422706917376
1233088777679200256
1233089065253318656
1233089077701902337
1233089360213483521
1233089599385329664
1233089668029255682
1233089871226572800
1233089923118440454
1233089994056699904
1233090555959300097
1233091031199035393
1233091430740119552
1233091597472014336
1233091752623513600
1233091767718813697
1233091919275839488
1233092155448680454
1233092606319570944
1233092663332737024
1233092732656156674
1233092739732049920
1233092749404069888
1233093134608994304
1233093260714872832
1233093512222117888
1233094355314978817
1233094724837347328
1233094974746566657
1233095008082894848
1233095010268176393
1233095124357435399
1233095487458283523
1233096038300487681
1233096817774034945
1233097009525075968
1233097283593523200
1233097295408877568
1233097387255697408
1233097628793147392
1233097938882220037
1233098842440114178
1233099494608244737
1233099671242932227
1233099818987409408
1233100841000853505
1233101482871922688
1233101624480018433
1233101725852196865
1233101736195346433
1233102269253586945
1233102345833242626
1233102403307802625
1233102492768096257
1233102548669730818
1233102758745640961
1233102807181426689
1233103431314706432
1233104763228770307
1233104887241740288
1233105088383721472
1233105492152639491
1233106171969638403
1233107871551889408
1233107901327106048
1233108396028702721
1233108757246246913
1233109427995205632
1233110083950829569
1233110123884826624
1233110520170979329
1233110906416005120
1233111632743731201
1233112591536398339
1233112637753503747
1233112646385360896
1233113637688090627
1233114766002020352
1233115120907247621
1233115253782667265
1233115321462067200
1233115354840391685
1233115780537049088
1233116014025596931
1233116193147510787
1233118538203910145
1233119023040286725
1233120363455885313
1233121995379834880
1233122128943251462
1233122289790726153
1233122704556879872
1233122786643775488
1233124703281328128
1233125098133053441
1233125122254524416
1233126564973420550
1233126639724367872
1233127585149857800
1233127777773195266
1233128385863454723
1233129032251777024
1233130291100880896
1233130765828919297
1233131093068582912
1233131384807600145
1233131608850542606
1233132196036325376
1233133599039401987
1233134481348997126
1233135317273731076
1233135376929370117
1233135937498099717
1233136805685403648
1233136916595400704
1233137176218624000
1233137738918113282
1233138199364612111
1233139481307471873
1233140683202015232
1233141997663330304
1233142748158603273
1233143479158681608
1233143508149645313
1233143783409299464
1233143879156871180
1233143924316942347
1233144857012711425
1233144912780103680
1233145689619730436
1233146382493548545
1233146428521959425
1233147430889230337
1233147639107063809
1233148287118606336
1233148514168983555
1233149184796176391
1233151985945280517
1233152384521687047
1233152458635055104
1233152557398331397
1233153591965356032
1233154571968614400
1233154792781950978
1233154905629696002
1233155773125005313
1233156058450927619
1233156851044429824
1233156898788126720
1233157089436078084
1233157284634800129
1233158162624208898
1233158611582451714
1233163103866621952
1233163783868157952
1233164836911091712
1233165982820114434
1233166360001290241
1233166368142438400
1233167522968621056
1233167780133974016
1233169098923659264
1233169170403074048
1233169469838708739
1233177687897919490
1233179114510704641
1233179432719962113
1233182007892545536
1233182434688225280
1233182632277614594
1233182779506135041
1233182820484423680
1233183457376952322
1233184751374213121
1233185045508231169
1233185401579491328
1233186854771548162
1233187229675249666
1233188211226292225
1233189301464313857
1233194309882540033
1233199447410167814
1233201068290592769
1233202399147384834
1233203021980618753
1233203129941884928
1233205251693596674
1233206105985179649
1233211692919742465
1233212594611200002
1233216150819024898
1233218032656375813
1233221191390855170
1233222773968904194
1233225991163719680
1233227392681902086
1233228726638436352
1233235160369377281
1233235996722049026
1233257993900371968
1233259741394108418
1233269063805231104
1233269093391724546
1233274369142554624
1233276581684137984
1233276849834336256
1233283523659927553
1233285669625192448
1233285697324318720
1233286873763676160
1233289800448434176
1233292309393035264
1233295725343186944
1233303763399716864
1233310266991009794
1233310829589803008
1233311255231942656
1233311562125004801
1233312023871709184
1233312154310324233
1233314618954698753
1233316089217638405
1233317205661671424
1233320156551622656
1233321878934126592
1233322884149522432
1233330793931472896
1233331929237336064
1233332850793078785
1233336806030135302
1233336947042447365
1233337183030870016
1233337967843971072
1233340766803677195
1233341351032426502
1233341532025098240
1233342343354384384
1233343280173240320
1233348599838318593
1233349173992402944
1233349695591911424
1233351168509779968
1233363704789569541
1233365315490328577
1233369638072979458
1233381187797823492
1233385078778187778
1233385152451092481
1233387664121819136
1233388823935098880
1233399095248683009
1233404716958322689
1233408989905465345
1233409777763602432
1233412833951518722
1233413360122724354
1233467246741159937
1233500963207557125
1233514904092581890
1233557847008567300
1233559502970073088
1233681681829244930
1233682601124253696
1233791860038086657
1233796498229473280
1233799603515949058
1234062408508944384
1234182860015329280
1234680218645749762
1235010788630368257
##1233071105973215237##
1233073861866016768
##1233080643023667201##
1233081192515358722
1233081273305980928
1235124759622541312
##1233097302832812032##
1237373795201175553
##1233162762806800388##
1233302892901171200
##1233707548303384577##
1233708570417471488
1233717864328290304
1233723186350612480
1233753460404871168
1233756486372909057
##1233138867269709825##
1233148980965539841
1233390849607786498
##1232036993623896064##
1232052975603941378
1232137629551988740
1232294704563335170
1232322842576007168
##1233784164354347008##
1234196992928223232
##1234439756844601344##
1234502135523487744
##1233072106931355648##
1233073284327059456
1233073508470657026
1233073880794877955
1233081509541818368
1233096805082107905
1233114567959552002
1233162096990457858
1233453124280635401
##1233202021752344580##
1233210844357545984
1233305822027026432
##1233610522177789953##
1233613022205222918
1233698444755243008
##1249800804745314304##
1249802596996571137
1249889885034631169
##1249822942076309509##
1249824179685339139
##1225194949819486209##
1225202868258529281
##1232033893466898432##
1232292826882478080
##1233411129948459008##
1233421145795432448
1233715700042215425
1233718562465906689
##1224052236961091585##
1224058899269083144
1224072821560705030
1224204457551986688
1224234634134872064
1224357138933407744
1224390483331428352
1224497661560135680
1224764216860717056
1238456581618110464
1245656524329857025
##1225713091524079617##
1225713605389225984
1225713915302203392
1225718854044782597
1225766510544572421
1225838327972143106
1226390718408687616
1226787520605761540
##1226118704817033222##
1226123227732291586
##1227604266594045952##
1227617260367466496
1227701119159357442
##1227819192839221248##
1227821499551244289
1227846929255718912
1227857624626016258
1227869678594330627
1228206168503279616
##1227820764671434753##
1227822662157832194
1227885930171830277
##1227823071664492544##
1227825015950843904
##1228806206791307266##
1228806404502278147
##1230236363276062724##
1230236646202892288
1230237007324078080
1230238229347127296
1230252375547490305
1230335504102633472
1230354501124661250
1230387717017686018
1230467139028619265
##1233455486885933056##
1233467609380683779
##1240660545138831362##
1241400329759064064
##1240898369725358080##
1240898546188115968
1240898644531990529
1240898662814887941
1240899845251985413
1240899861257555968
1240901060753076224
1240901562467221504
1240902121962250240
1240905319292821504
1240906192819552256
1240906823844200448
1240909832246497282
1240920674711015425
1240933594190811138
1240957508430090240
1240960199621586945
1240960627616727043
1240960895917973512
1240963354149216257
1240964156347559936
1240967096076509184
1240968367131033600
1240969519033704448
1240973602889043969
1240998960799592448
1240999209089761281
1241006317462007809
1241009138861146118
1241011454607855618
1241035114332794881
1241055182185775105
1241063983597182977
1241137312156827652
1241206028672421888
1241314010722697217
1241316383406899207
1241316408061034496
1241402993297313795
1241416830620753922
##1240898933154594816##
1240900742648672256
1240901230815334400
1240901427834355717
1240907941605228544
1241030693829971970
##1240900880897118208##
1240916874931691520
1240991000895651840
##1240902862391083008##
1240903281305702401
1240908010244931587
1240909223770370048
1240945446752792581
1240960464692989959
1241003896434315264
##1241054621503819783##
1241055430505365505
1241067221679513601
1241208073546428416
##1241078245078032385##
1241078469032914947
1241079145058185217
##1242088712642707456##
1242097418558222342
##1242175019431669760##
1242175455047946242
1242175562359156741
1242175700716707849
1242175745104973825
1242175838952529920
1242175983962279940
1242176263734865921
1242176277873909760
1242176411986792448
1242176644237967363
1242176779865001985
1242177069913702402
1242177708710387713
1242178374245761024
1242178769303097345
1242178918788063233
1242179761461493762
1242180504096514051
1242182782975184903
1242182966014607363
1242187654978043911
1242188162971009024
1242211095907045378
1242219702153330692
1242239306372169729
1242249741427245059
1242294181504208898
1242296099022360577
1242335634926243840
1242339210196963328
1242354123359621120
1242354406340857858
1242354491573374976
1242356989566599168
1242359262615126016
1242359591251386368
1242362011083780097
1242362160556265474
1242366777776132096
1242367392153509888
1242373171040473090
1242375590394675201
1242382831936049152
1242383460041400320
1242384193360990208
1242391794970759168
1242403061328478213
1242411415727747072
1242432419543879680
1242477768396271617
1242500062871261185
1242502879182761984
1242503935614730247
1242513303836004353
1242524739639357441
1242527802819317762
1242561674923696134
1242631272859664384
1242701979761156097
1242783348851904512
1242788645305753600
1242886353186144256
1242955310945492994
1242956817371725824
1242956873139138560
1243009307274330114
1243032678154330117
1245014143997865984
##1242179307184799746##
1242268877846970369
##1242382827422978048##
1242389241990189059
##1243487763963486208##
1243488009082810368
##1243674158409469952##
1243674986365288455
##1244383852799426562##
1244387580742963203
##1245778703684112397##
1245778997209976833
1245779214806265858
1245779757062594566
1245779912637788161
1245782134654197761
1245792462360195073
1245797713268129793
1245801968838356992
1245809786626682882
1245810926944751619
1245812232455442433
1245812301409562625
1245813633852026905
1245814315682332672
1245817496562737164
1245817939950886917
1245828662529671168
1245832870536478722
1245833420585996288
1245833812958941184
1245841814810169348
1245850383001382915
1245865098549194753
1245870758443642885
1245873298702991365
1245877633394651136
1245880119316697090
1245882753398312961
1245883259172642816
1245886530557706241
1245887878011420672
1245896625286979586
1245905410521026560
1245928142432169985
1245935383352836096
1245936011244376066
1245939713082605573
1245944418416427013
1245945143787687936
1245969106651746304
1245987481784369152
1245995396805074944
1246032721215979529
1246035601322921985
1246036233081552899
1246038039228547072
1246038107159441408
1246046078790709248
1246046214090563585
1246047473828757504
1246047719224901633
1246047870660337669
1246048307497091079
1246049526663741440
1246049670872391680
1246051870675816448
1246051874714923008
1246052250637570048
1246053867172909063
1246057649189330949
1246058539875008519
1246058661383999488
1246063272081731584
1246063801163755523
1246064822875295744
1246065671949004802
1246066002116235265
1246066342735863808
1246067342859046913
1246067487998980099
1246068021245829125
1246069318380474370
1246070066719801344
1246071078654332931
1246071916323987457
1246073776061603844
1246076996079079425
1246077017851744256
1246077462536208385
1246077845757136898
1246079115297525761
1246079365110087681
1246080253484826624
1246081299594559489
1246081709944328192
1246083175874465793
1246083656256491520
1246084081395339267
1246087219145854985
1246087267480977413
1246087514919665664
1246088671478059008
1246089414041837571
1246090040834510848
1246093824008445959
1246094882088853509
1246095749227712512
1246101095832670208
1246102700787486720
1246104623427080194
1246105511289925637
1246113063645917190
1246121326118457345
1246157263972294658
1246159431542411266
1246161728502730756
1246246294471028736
1246246372766109696
1246256815165374465
1246746816793772032
1251614482721357824
1252837254239641606
1255915263863726088
##1245786672140296193##
1245791322784649217
1245791525717651457
1245812370016022529
1245858949997293568
##1245787496379752448##
1245787671533957123
##1245795291531534338##
1245798726314135554
##1246918032506499072##
1246920777666105344
1246975515262619648
1247043188369522691
1247163086785720320
##1247869697724465152##
1247869797561446400
1247869952666693632
1247870411611791360
1247870733788811267
1247870960348401664
1247873658514804738
1247881350775894017
1247887486505738243
1247915837262045184
1247916272446328832
1247922761953050629
1248005931285090304
1248097334770184198
1248101926790709250
##1247885215290150912##
1247946492511485959
##1249301012843814912##
1249301134667325440
1249302024690286592
1249351608867135489
1249459374596280328
##1250529330163257345##
1250529411243409413
1250530869833428993
1250530877412708353
1250534959942680577
1250567542789242883
1250588669959864324
##1255919849311580161##
1255920742337851392
##1256001391262400512##
1256001421796872198
1256001740270448643
1256002253741326336
1256002388143550470
1256002491373826049
1256002749554135040
1256003126206889986
1256013704035995649
1256014700615274498
1256018855136235520
1256048811392237570
1256102188314759168
1256210485428523009
1256224055100936192
1256259916450447369
1256259969449627657
1256260206079729670
1256260550968905728
1256260666538762240
1256260687485075460
1256261687663112193
1256262218787717121
1256262334705737728
1256263308757385216
1256265704761892867
1256268770034712578
1256271317596352513
1256273927611039744
1256276602910056451
1256290294804381699
1256297553102024704
1256315533638733824
1256327116880134144
1256329900731990021
1256331311066669056
1256394235017932800
1256677594180866049
1256854508984053762
##1229465235754561542##
1229466400126885889
1229466618461376512
1229466974377447425
1229589845007327233
##1229706229322256384##
1229711415470166016
##1232319436381655040##
1232332654126731264
##1232957629581975552##
1232957825904730115
1232958544363868161
1232959165691236352
1233008331725443072
##1235331713825411077##
1235331835468619776
1235332514161491968
1235333476846620672
1235335679250518016
1235357861364011009
1235361497913712640
1235388992033447936
1235409678634545153
1235419862530473984
1235493157246124032
##1236774872371658753##
1236825235204300800
##1237045512836018177##
1237046258025414662
1237048566939557890
1237050847097499652
1237068859485667329
##1237065809173905408##
1237098728340758534
##1238173754523627520##
1238174622585098241
##1238230790711816192##
1238230902091718656
1238230926850699265
1238231855838699523
1238232778514235394
1238232846722117633
1238235117736296451
1238235278965387265
1238236839217160193
1238295782622715905
1238339368227569666
1238454183608623106
1242082802834845701
##1238485378488774660##
1238485463062757376
1238485484818571265
1238485488887107584
1238485616532131841
1238485745549090820
1238485879355838465
1238485908791402496
1238486084885065728
1238486207862054915
1238486362522705920
1238486583482998785
1238486655780167682
1238488172172128256
1238488567783084032
1238488964299882496
1238489148794830849
1238489474524418055
1238490440162304000
1238491075091877888
1238491739029151749
1238492249413033984
1238492656231165953
1238492946879655936
1238493652919386113
1238494351732473856
1238496024177541126
1238496405611851777
1238499914834984960
1238501223889866755
1238501490588880899
1238504473372344320
1238505271464472589
1238505473181024264
1238506217233932288
1238511006512558080
1238511064788217857
1238511367818182658
1238512182373109762
1238522682641186818
1238524326745382912
1238526299695693829
1238529409935687680
1238532735293100038
1238537762044854278
1238542187463356416
1238542913837191174
1238546520204509186
1238547241557725184
1238547898226413568
1238551354727112705
1238562755587854338
1238567526042341382
1238567891668254722
1238573323929432066
1238590296558051329
1238594703186169857
1238604087060508673
1238625364156583942
1238665086006370304
1238704327885193216
1238712888434589696
1238715532674809856
1238721830862696449
1238725571762413571
1238726066903998464
1238734325677535232
1238739267809087488
1238742066584342529
1238749428732899328
1238823051984338946
1239113452892946432
1240003006810243074
1240003942408425472
##1221853217740541952##
1221898760638300160
1222115413963821056
##1223257585672998912##
1223300809032638465
##1223726124993302528##
1223730838266949634
1223737394031185921
##1223733542783537154##
1223734193806626816
1223738871957073920
1225167282147659776
##1223743825769910273##
1223762050448531461
##1224456422991319040##
1224472755460083713
##1224592915558752256##
1224702826049392655
1224703248470302721
##1225386383486967809##
1225412961692475392
##1226482937367027712##
1226491604938166272
1226545302448099328
1226594983131656192
1226712106357137408
1226723629221711873
1232666671673991169
1232890705363841024
##1228658790171627521##
1228659041511059456
1228659490419073029
1228660364105179136
1228660379489914881
1228660790514810882
1228661499159293952
1228662040924971009
1228662054485135362
1228662129441591296
1228662766246023170
1228662914799865856
1228664874244476929
1228665072215580672
1228667243388637184
1228667637250625536
1228668762200707074
1228669050517098502
1228672786673160193
1228673072712048640
1228673084191842305
1228673353373933568
1228673363331223552
1228675292799127552
1228679089818624001
1228682167837917184
1228683605163073536
1228684323529908225
1228688631205892096
1228691113780883456
1228697733202096132
1228701415574560768
1228702202086248450
1228704020124119043
1228713779879403522
1228720553994981377
1228721433779539969
1228721740630634498
1228722316814798849
1228722608478310400
1228725696966615042
1228734022513242112
1228737611570827266
1228739806009679874
1228740925746077697
1228752208537280512
1228759401944768513
1228777116696764416
1228781305292378114
1228796045829836800
1228810048610209792
1228880312626708481
1228886165840941056
1228887911506075649
1228915710191112192
1228915915422564354
1228948758559371264
1228962333096992768
1229395189464289280
1229427650810257410
1229549772345946113
1232641363038089216
1232894796873838597
1232974769714352130
##1228792795835572225##
1228800438604050433
1228816923644878851
1228833003918569472
1228834302852505600
1228836197360979969
1228860978223308800
1228872175886774278
1228891715005755398
1228927092101963776
1228929059935182848
1228950011087589376
1228956039481057281
1228966366150971392
1228979317641793536
1229017908774346752
1229018406462087168
1229020034204413952
1229020890593185794
1229060343902720007
1229343576183713792
##1229127066752253963##
1229130084793147393
1229133553012789256
##1230234544088985602##
1230234845873364993
1230235216809267201
1230235646784081932
1230238465633193984
1230241962596368384
1230243986029338625
1230249867286601729
1230257104784678912
1230272876642816002
1230276506716377089
1230276671967809538
1230287122956988422
1230295454862266368
1230302649746100226
1230318875646070787
1230324209462710272
1230335056914325504
1230363027175813120
1230382276544008192
1230390556880179200
1230401294340415491
1230413440503734272
1230418709900034056
1230431863052918784
1230448841499037696
1230475783052963840
1230569589987250177
1230574692223868928
1230831903718158337
##1230426952055607303##
1230427254393647105
1230429908796616705
1230431711374254081
1230435291347013633
1230436374756634624
1230462215284760577
1230491052118859776
1230567069449621504
1230637067849412609
1230652038888992771
##1230472570698391552##
1230481133625802754
##1230523969322864645##
1230524304024096768
1230524576305680385
1230525905166008322
1230557959802904583
1230574623248527367
1230578713017901058
1230602229507383320
1230607942287790082
1230633044874289152
1230636594761216007
1230637618448216065
1230695641619169282
1230799838343725057
##1230544569588232197##
1230555710838038529
1230617911699660800
##1230607347199987712##
1230612266036420609
##1230938541275766785##
1230942949271199745
##1230940130854174722##
1231139354380103682
##1231294507339206657##
1231294907308036098
1231295444757753856
1231295918084894725
1231296011563388930
1231297383193022465
1231303893029675008
1231304959817375745
1231314901009866753
1231338775634227210
1231348839895961601
1231367040788828160
1231367599566532608
1231415642286444544
1231605598321508356
1231616389493821441
##1231683367743213568##
1231683803455852545
1231685133318737920
##1231901029412720643##
1231901362943930370
1231909732107083776
1231942561566273538
1231943266599350274
##1231947044329263105##
1232001006298374145
##1232055348070166531##
1232072577801125889
##1232075572915900418##
1232086719035531265
##1232728566804209665##
1232729022758555649
1232729190975393793
1232734292817694720
1232753488964153344
1233281154490433536
##1232759309815156742##
1232999373208014849
##1232765236438020108##
1232773209650495488
##1232766366379397121##
1232768370023550976
##1232768983318900736##
1232769663244931072
1232770358761181184
1232770780561367040
1232771205935091712
1232772836697178114
1232772933526925324
1232773324540907522
1232784144742174720
1232784157870362624
1232785979066454019
1232785994841284608
1232786180460175361
1232787540823957504
1232792576778014722
1232793470525460480
1232795129116790786
1232801294320009216
1232803667021045760
1232807284750868482
1232811042041925643
1232815069584592901
1232817412170489858
1232819468457463809
1232821670915735555
1232828557178687494
1232829754618916864
1232830828016738305
1232834126551670785
1232834247586668545
1232838219491835906
1232841332139286529
1232842769850359809
1232843602772086784
1232847009410945024
1232853155559419905
1232853270776991744
1232853679247691778
1232855143827361793
1232855821547134976
1232855994662821893
1232858008704692224
1232859300395192320
1232860876186824704
1232861039974330380
1232862831386808323
1232865724726726659
1232866581543297025
1232869559138476033
1232871210842759174
1232874264841400320
1232875791735808006
1232876113283764224
1232880680775929856
1232888424509714433
1232898801788215302
1232902005800071168
1232906164389572610
1232912373494710272
1232914748880117763
1232935724133101568
1232939467121582080
1232941835607248896
1232947854102159360
1232953948430045184
1232957362799087617
1232960295447953408
1233000905857011714
1233005709001940999
1233031646317862913
1233053251689381889
1233053880264593408
1233076204846174210
1233128507384967169
1233129508858974208
1233156028205805569
1233178776114204672
1233381779723227137
1233451394998374400
1233486028104781826
1233622193113833474
1234289442334105601
1235268375888220167
1235294943201067012
1235319146830860293
1235331581260320770
1235354115225591808
1235363571468509185
1235369173934649347
1235423204518367232
1235531475287711744
1236227622763405317
##1232784513304006660##
1232786184864223233
1232787263207215110
##1232785133859725312##
1232785893548871681
1232786356339867652
1232786590562430976
1232786641292578816
1232787049108865024
1232787182626185216
1232787218487554048
1232787364323450880
1232787761071054857
1232787926175617027
1232788182380531713
1232788204266381313
1232788936902291456
1232790352928612357
1232791940300787714
1232792601184567298
1232794131673604097
1232794139093278721
1232796669365956608
1232806367947304960
1232809853699133440
1232815672452882432
1232816056835674115
1232816820752715777
1232819544642772997
1232823251199496192
1232828009645735936
1232836280729337856
1232839401690013698
1232845177947029504
1232847580146622465
1232854054423928832
1232857135903539201
1232863507667914757
1232864578050174976
1232867173577691136
1232868100414017536
1232870762064875521
1232871291767660544
1232871575696891906
1232882737998110724
1232890071331811331
1232898486682689537
1232899290730815489
1232900115158966272
1232900295824478208
1232905249674932224
1232916300420304896
1232921367332499456
1232932212355608576
1232959456889233409
1232970531793776641
1232972775935152134
1232983330515230720
1232994971483070470
1232998623081832449
1233026929705529345
1233028555136696320
1233066988332732416
1233089141920931847
1233113872241954817
1233365373740888064
1233475304229867526
1233513952899928066
1234557549871017986
1240203696929153024
1240204977504768000
1240573864863649792
1247228320481189889
1247422640828137472
1250878062021001216
1252963040473088000
1258792954094895104
1261297418202746881
##1232793053372592129##
1232793162797678593
1232793253474336768
1232793690508333057
1232793735542558722
1232793915260129282
1232795088113168384
##1233182380581703680##
1233195172156051456
##1233242976941416449##
1233244456587059201
##1233287204061011968##
1240985485310414848
1248536966527926273
##1233295367099289602##
1233313629245710338
##1233364066439221250##
1233372747025256450
1233390913503797249
1233477094744711168
1233485034264432640
1233665650993790976
1233684344180441088
1233847083272110085
##1233371185251000320##
1233371509114261504
1233372102025261057
1233398978697408512
1233419522314514433
1233590343414747137
1233628351417536512
##1233406067759108098##
1233406687618519042
1233436113911586816
1233447696414932992
1233457280731013120
1233469775872974849
1233472994497978368
1233474319134621697
1233476409324163073
1233477252282822659
1233508453139742724
1233548775215566848
1233551993467215873
1233622772347219968
1233661832436445184
1233684615572992002
1237076621800001539
##1233430656744599554##
1233431041672667141
1234052745738555393
1234056001344753664
1234744492323897344
1235022916489605120
1235183319807119361
##1233436155481333762##
1233465722266882049
1233465870648856581
1234384736052707329
1234385448430112768
1234753189028691968
1234799688001429506
1237398543012331528
1237433594374696967
1237698594624462848
1237727316823998464
1245013333880778755
##1233442185183420416##
1233443057749626880
##1233446891364536320##
1233446925191581697
1233447612537298944
1233447719160684545
1233590911029911552
1233612828550057989
1233635970983120896
1233636412693602304
1233637196999135233
1233655393999638528
1233666626345742336
1233729027615141888
1233956221016772608
##1233450705211535365##
1233450865727397888
1233451283035504640
1233451525667721216
1233451531141296129
1233451597000257537
1233451700133953536
1233451844363587585
1233452045035810821
1233452125310595078
1233452333616521218
1233452505788506112
1233452984878583808
1233453591265865729
1233453966681350152
1233455662807617536
1233455982291890176
1233456420751892480
1233456571646173189
1233458839581855744
1233459271683235840
1233461438410301443
1233464593789353988
1233464657542815744
1233465429693259779
1233465608441942016
1233466486267748352
1233466635090038790
1233467840289746944
1233472119461289985
1233472319525396481
1233475122201321472
1233477854781984769
1233480046586867717
1233480640546426880
1233482220389773313
1233484105871917057
1233487035081641989
1233498089044029442
1233499014403907587
1233499397377359872
1233500390026600452
1233501363340009472
1233502529155194883
1233507931385139215
1233509534792134658
1233510719129255937
1233511845530677250
1233511859640291328
1233512572160266241
1233512656331563009
1233512671955300353
1233514893648769024
1233515775400595461
1233516120625340416
1233516331057713153
1233518781042974720
1233520611504410624
1233525215084371970
1233534452183314433
1233535390625271808
1233579125761363968
1233595503725531136
1233601301625409536
1233602254835527683
1233604928737771520
1233606882562101248
1233609128381210625
1233609808730828800
1233618380000825344
1233646574170853376
1233649182784790528
1233655377360818176
1233665337004118023
1233669418128941056
1233669981369520130
1233678076770496512
1233693028373663746
1233701100794056705
1233704301354201088
1233708202048524288
1233710709365669888
1233711059124572160
1233711420660994048
1233720563295760384
1233721337455300608
1233757276105822208
1233770408194781184
1233784195484397569
1233788335665143808
1233791661328797697
1233809540950503426
1233809963287502851
1233810769550233601
1233811150871171073
1233815039548809221
1233818390713769984
1233850102722318336
1239299909775429638
1240882572231610369
##1233469506871349249##
1234384731267063808
1234385452112711680
1234799683907805186
1234880449626984449
1237398474553012231
1237399200863838208
1237433584262230019
1237501531689271296
1237698581307576320
1237722315279958024
1237727302353596416
1243376097523314689
1245013328650555392
##1233477155453128712##
1233479027350032384
1233481605001420808
1233481876557443072
1233482215612280832
1233483298250379267
1233509059921354753
1233509799255515148
1233511375940603907
1233535551590060032
##1233481159587368960##
1233763455972319232
##1233487939285475329##
1234494941520330752
1237789707657936896
1239204421843771392
1240694777890263041
1240698646175211525
1240699279334727680
1241013255662903296
##1233489958582849538##
1233528905442746369
##1233512242651521025##
1233512340617932802
##1233533044478414853##
1233534536912457728
1233648892375437313
1233680509470900224
##1233561003369123841##
1233561713712254979
1233801073434992641
##1233666103215349763##
1233688410063278080
##1233676966701780993##
1233677041804992518
1233677999045636096
1233679772988952576
1233683043849834496
##1233703400270958593##
1233715725325471744
1237076020861095940
##1233719705799725056##
1235075635040550912
##1233725233221263362##
1233851564097449985
##1233798025627283458##
1233798053058023432
1233798633436389386
##1233819961707155457##
1234064946159398912
##1233847544851189760##
1234008478299103235
##1233849356362665984##
1233881224437018625
##1234020523706900481##
1234021142299643905
1234027445977788416
1234028709742620676
1234043334542471168
1234045489680670721
1234069349511696385
1234074202375888898
##1234033980778930176##
1234038037061029888
##1234062987742371846##
1234063309793525760
1234150576994295817
##1234080526547349504##
1234081552415498240
1234697918503845888
1234811968965533696
##1234112911158759425##
1234117100861562880
1234117451073363968
1234213976038309892
##1234154851111755781##
1234156239980023814
1234160405171376128
1234172072533909504
1234202931131449346
1234318837962637317
1234446227112153089
##1234171430725705728##
1234172240440299521
1234250709597638656
1234376952766705664
##1239343137086230530##
1239343991600099330
1239345695741685761
1239351720968359937
1239468018641616897
1239633501709840386
1239640129960017923
1239689074933448704
##1239408212580990976##
1239408282713739264
##1239416618926702593##
1239417884973191169
1239417963721166848
1239418343016353792
1239421719657484289
1239427634054004736
1239430714527027200
1239432540139765760
1239435470418968576
1239480615348719616
1239580459421614080
##1239568118336360448##
1239572690631110658
##1239576437000212481##
1239614420390686720
1239627869803905025
1239831592471801856
1242148402063970304
##1239584461592965122##
1239588966195658755
1239589053579825153
##1239665845367963649##
1239671294129471494
##1239675906597302272##
1239679925835177984
##1240026013138116608##
1240026454542426114
1240113880505950213
##1240036526031024136##
1240066008599212039
##1240037238899122178##
1240049569406255109
##1240128950040506369##
1240132371648823296
1240183434288431105
1240183943875330048
1240190538055389184
1240215717720363014
1240224734811426817
##1240251489882423296##
1240251733604958208
1240278112656666629
1240309514336862210
1240540969117892608
##1240562387717160962##
1240757302917058567
1242368426519257088
##1240941799352537089##
1241062439174750208
##1241079754486435840##
1241079972300820481
1241080005423136769
1241081064380129282
1241081071166504962
1241082722342354944
1241085506601058304
1241085630857297920
1241086841325043717
1241086882844479490
1241087821517139969
1241088769320722436
1241089776826159104
1241093226901233664
1241094262420385794
1241099785626685441
1241100969540288512
1241105308262555653
1241106136201388032
1241106869831315457
1241111874936147972
1241115777656336389
1241115967926796294
1241129083431456771
1241137207357968384
1241163911308677121
1241176721791094784
1241182778777100289
1241186426814967808
1241186965271314433
1241189221513211907
1241189926877769729
1241191631807819787
1241195598910574593
1241196819893358592
1241198562811301889
1241203197458485248
1241205156697509888
1241221322006552577
1241225182343245826
1241228765881081856
1241229738649300992
1241231561401368576
1241234388353986560
1241239839170854913
1241247528437325824
1241248047247622144
1241249961645408256
1241251483284320256
1241251899824881665
1241253759285682177
1241254110785146890
1241261456911466496
1241265479001542656
1241265598933368832
1241265775538774016
1241266304742567936
1241267286343811072
1241267307122429952
1241267726657740804
1241272736426741760
1241279060606701569
1241280313134899202
1241300210619383808
1241304336313040896
1241315663299436545
1241321451506073601
1241329302697902081
1241329890781249538
1241330876769804291
1241330947158654976
1241331379863986179
1241333023502667776
1241336478883610626
1241345806088667136
1241353033000390658
1241365774960295936
1241390094801649666
1241404299634237441
1242159111850070016
##1241135234793508865##
1241886726374797312
##1242117005051867136##
1242119316272828421
1242119901751410691
1242120246862938115
1242124637645004802
##1242131764048429057##
1242432779649982466
##1242417573775454209##
1242417981554077706
1242418376678477824
1242420420625694724
1242424170924986368
1242429144505503744
1242434817523879938
1242434954358816768
1242456062126632963
1242456349973381120
1242493382854918144
1242560518117867523
##1242579747781181443##
1242582542655655936
1242582656719650817
1242584568047251462
1242593038330929154
1242912738160136192
##1242876302937464833##
1242876731293421571
1242877096420130819
1242886572246261760
1242895239116992514
1242900954384674817
1243070434171641856
1243083794913075200
1243089093208178688
1243089760396156928
1243135629933895682
1243153674211414016
##1243436184010919936##
1243436303057854469
1243436821872365569
1243436883599855617
1243436919771578369
1243437103595376640
1243437405404889088
1243437432910962688
1243437483494424577
1243438190788255745
1243438264876437504
1243438305280053253
1243438321172389888
1243438421634416641
1243439152303136769
1243439194468429825
1243439427415953409
1243439752256290820
1243439813094711296
1243440260358590464
1243440406559326209
1243440474041593857
1243440486561570816
1243440639439749120
1243440677062656000
1243440988690972672
1243441178772635650
1243441398306811905
1243441874540597250
1243442151826038784
1243442233870888962
1243442390599454723
1243442497008717828
1243442831366258690
1243443285240266752
1243443456007159809
1243443625687736321
1243444179465834496
1243444182930395136
1243444294805065728
1243444698519408641
1243444811870482432
1243445135029010432
1243445239211347969
1243445616849682432
1243445649363865600
1243445990251737089
1243446082060922880
1243446183324004352
1243446333186478080
1243446874343964673
1243447370857295879
1243447480978735104
1243447991488446466
1243448526660657152
1243448667144683520
1243449720263098368
1243449916275535872
1243450190553628672
1243451734317563906
1243453802776322048
1243453859286171650
1243453984897146885
1243454038764589056
1243454048445116417
1243454413580181504
1243454497281568769
1243454563262156800
1243454686948196354
1243455439578247173
1243455757389103105
1243456053427220482
1243457303967301634
1243457577796677633
1243457942638284800
1243458137597804546
1243458577580404736
1243459198471593985
1243459564294504448
1243459976510812160
1243459987319541765
1243460807653982209
1243461043139031046
1243462964516196352
1243464185381629953
1243464208773152768
1243465258955571200
1243465737303461889
1243466215642861571
1243469278294290432
1243470280787406851
1243470441496358913
1243470613546708992
1243470769952350210
1243470792597389312
1243471153643085824
1243471574365351936
1243471880843145217
1243472314261438464
1243472385954717696
1243472563457712128
1243472677630889987
1243472924172001280
1243473055587893249
1243473094708269056
1243473383179902976
1243473483985817601
1243473546149605376
1243473699807920128
1243474252784963584
1243474691542712321
1243475221438509058
1243475985988714496
1243476174229159936
1243476901718642688
1243477775186616320
1243477895852548096
1243478268298366977
1243478736030388227
1243479514765832193
1243479850041643008
1243480079725977600
1243480310685327360
1243480953298837504
1243481082638581762
1243481989308657664
1243482545997709312
1243482783382634496
1243483764950470656
1243483986015420418
1243485081945153538
1243485120327270400
1243487161372024833
1243488066012164098
1243490063486464002
1243490937197793281
1243491104915435520
1243491128353185793
1243492340779622400
1243493146870382593
1243493907217907714
1243493964185055233
1243493965204201472
1243494021894418432
1243494959958962176
1243494973527523332
1243495045187227650
1243496255730352128
1243496902332727296
1243497114036064256
1243497247008055301
1243497762718650371
1243497869459456001
1243498228043198464
1243498295554646019
1243498359320645633
1243498365050064896
1243501298735030274
1243502031832330240
1243504116179099650
1243505847306719236
1243506076588351491
1243506559017259009
1243507754779783169
1243508800537137152
1243509056037404673
1243510725269651462
1243510929045651457
1243510930354384898
1243512128130240515
1243512461506105344
1243512511791394816
1243517149416734721
1243518110918938624
1243518341752541184
1243519625528258561
1243520337070915586
1243520357254017026
1243520583872241664
1243520958117359617
1243521390130626561
1243523210672562176
1243523926623387648
1243526108127072257
1243526134232485890
1243526494892232705
1243526831090872321
1243526905002954753
1243527801267015681
1243527923748962304
1243530065268355073
1243530097333805059
1243530666723225602
1243532744895934465
1243533146026541057
1243533401577136129
1243534599109705728
1243537347884584960
1243538267829686274
1243539564632948736
1243541121969672193
1243541488782454785
1243542262723817478
1243545342366420996
1243547091093336067
1243551627082174464
1243552436524060677
1243555602879713280
1243556891315384321
1243557459639369728
1243558377361412100
1243558511692468230
1243559917807636491
1243560724582076418
1243563147132309506
1243563215893692420
1243564834467299333
1243565148335464452
1243565801560592386
1243567276185485314
1243567566401961987
1243570080618819586
1243571309096980481
1243571911369592832
1243573624721768448
1243574862330892293
1243576448952283141
1243577200403722246
1243579216416964608
1243582234092691456
1243582565690327040
1243583046206382080
1243583849705148416
1243584292472717318
1243585319032762368
1243585333859700737
1243587451060457478
1243589840765169664
1243592156956241920
1243593536324489217
1243597718351687680
1243601451093458946
1243607561254973440
1243607795477471235
1243612156492419074
1243614319419502594
1243615078492094464
1243616811804962818
1243623221376757764
1243624211215724545
1243627304108068868
1243632054006415360
1243633467063238656
1243639813200371713
1243640092855590915
1243641600254914561
1243642395213864960
1243642586969014274
1243647554107080704
1243648369802776577
1243651842912944137
1243658964132339712
1243667435816988673
1243668549085822977
1243673924988215298
1243678062220378112
1243689206968442881
1243709944743985152
1243724927183630338
1243751060466012162
1243752547359379456
1243781813228785666
1243787503750066176
1243793435150233600
1243838730689032192
1243839034616614912
1243843958884753408
1243866947315478528
1243870532409479170
1243875058373857281
1243917347401891842
1244106877958606848
1244187073013317633
1244282523145961472
1244415463985201152
1244496576552239104
1244667897173114887
1265121454313680898
##1243553294003449856##
1243554792707932166
##1243604323055132672##
1243605118618079232
1243605227212886021
1243607066574499842
1243657509040271361
1243723416345227265
1244705352165339137
##1243673714362920960##
1243675733228167168
1243677687295680514
1243692914934349824
1243722376107483136
1243750104173027329
1243750774578073601
1243752209508163584
1243773440567500800
1243778133914005506
1243779221593432064
1243784447322882048
1243839043005186048
1243851524578652160
1243865573248901120
1243898943731314688
1243971484437155840
##1243816548021788672##
1243899827211177984
##1243961492271181824##
1243961881603293185
##1244324985927348224##
1244325506637598726
1244326989776990208
##1244728735724642304##
1244729835806752769
1244730404558512136
##1244761228456726534##
1244761613825126401
1244762312290025472
1244765558966489090
1244773581378277377
1244778278491238401
1244779887153610752
##1245486098240999425##
1245488908558831616
##1245643130013024256##
1245704148072517632
##1245772989771087872##
1245773388100100098
1245777466695835649
1245786862758830081
1245787254561390592
1245798700703678466
1245811895682117637
1245836808539131909
1245887880695820289
##1246202323422109699##
1246259383572578306
##1246267839276859395##
1246271828273790976
##1246575022170349568##
1246778462569926661
##1246576080120696832##
1246576164652683264
1246576193572405250
1246576222265577473
1246576610331045889
1246576855928524800
1246576971481481220
1246577020374581248
1246577488911896576
1246577605651947520
1246578160818360320
1246580484156674055
1246580670941585411
1246581147238371329
1246582001660039169
1246582440363261952
1246582827321380866
1246582880647753730
1246583468101980166
1246583748407316482
1246584643673116680
1246585216015220738
1246585850907025410
1246586684545916936
1246587393995653120
1246589695401832449
1246590536183689224
1246590537458737153
1246590980037509122
1246593255216734209
1246600497181659136
1246608505492180994
1246615629475569665
1246620059696615425
1246623989709123585
1246630952643813377
1246631718444040192
1246633450729324546
1246634458100482048
1246634888058540032
1246637087752949761
1246652859728437251
1246661402733010944
1246675565437952000
1246681440366006274
1246683072331952128
1246686417784393734
1246686704175591426
1246696139618951168
1246696521254481920
1246698147532898306
1246703449099689991
1246711564364898309
1246713974944645120
1246718881323986944
1246725715153780736
1246731584839004160
1246734653794459648
1246743173537435648
1246743912447795200
1246745342458171392
1246751085982814208
1246751582508789761
1246751934318600192
1246757015394881537
1246757760034844672
1246766412842053634
1246777755980697600
1246780058976563200
1246785382865424385
1246788624177410049
1246799551786352640
1246799828681621504
1246803528951173122
1246814935553912835
1246825422098182152
1246825791746383873
1246843290550448128
1246845048110669827
1246868042937782277
1246933628556361732
1249787008798646272
1251995765800669186
##1246579080054673408##
1246579104998133760
##1246819846681251843##
1246820195173380098
1246838328852439043
1246994810940076032
1247059386582867969
1247171549842608133
1247959376985567233
##1247238674657542151##
1247238689706688512
##1247295907718144000##
1247297490375884802
##1248708566678147073##
1248708733389148160
1248709041372762117
1248709470059999236
1248709557494431745
1248710444178694145
1248710671044423682
1248710693139988492
1248711612418138114
1248711772447617024
1248712791785168897
1248717328411475968
1248718235438059521
1248723688486318083
1248726654404485121
1248730644022165507
1248744957373890563
1248775572026728448
1248783206368849920
1248846569883029509
1248917489150496773
1248925374320381952
1248995567591739398
1249058587760099330
1249901306279604224
1253152441694027776
##1248945637745451008##
1248945681835974656
1248964541377101824
1248964973822447617
1248979521509957632
##1249021142293241856##
1249021754250575878
##1249824907388649473##
1249828568277934091
1249921389970296832
1250005039596347394
1250017294136291335
1250026296291311616
1250029244379541504
##1250530333734420483##
1250532722382077958
1250607296461385733
##1250929493973372935##
1250936845342355456
##1251530830591164417##
1251532103512137736
1251542767647494145
1251547918785482752
1251564093393207298
1251601564424376320
1251601986572648450
1251878183261143042
##1251951805623414785##
1251952346034319362
1251952482403717120
1251952863926013966
1251953224556437505
1251953324829655049
1251953661057605632
1251954746887409670
1251955232491352065
1251955393590374400
1251956753002123267
1251957907916296193
1251959021898260480
1251961768382955521
1251969143093571584
1251969305249493000
1251970678380773378
1251970806097358851
1251971421892419585
1251979549480493062
1252000597722759169
1252119407138136065
1252161493937897473
1252174084844269568
1252179699549249537
1252182245818892290
1252184427989553152
1252185032208285696
1252195560314015744
1253819760908828677
1253863878334853120
1253915347155107840
1254040886968713216
1254042334045573128
1254243435848105991
1254338693155954688
1254926444410650631
1257228480116330497
##1252256895596888066##
1252257439828803588
##1252335418890166273##
1252358781905715204
1252709199064293376
##1222500569786527745##
1222507172669665280
##1222660390296752128##
1222666134568218627
1222666442866413568
1222693625810903041
##1225110242217922560##
1225121321207681025
1225123592804892673
##1225148635823968256##
1225161260221763589
1225239413988478978
##1232242185434812423##
1232283967182790661
1232615249246871552
1232618790724173825
##1232339757251862530##
1232375224907239426
1232394607998251008
1232441152587984899
1232560893453533184
1232563232814051329
1232572547595718664
1232623542979760128
1232653632610410496
1232673415653416961
1232675452935950336
1232789687372320768
1235959276616769536
##1232348656705122304##
1232348725361725440
1232349030291734533
1232349435201495046
1232349465346002944
1232350646843695106
1232350675125796864
1232351202362482688
1232351250638888960
1232352467834281984
1232355604376817665
1232356240271036419
1232356902488678400
1232358394813657093
1232358889728958465
1232361675023626240
1232364348003188738
1232364453167063041
1232364468031676417
1232364746306916352
1232366099250982913
1232369946526699521
1232382163951247361
1232387734200889347
1232425507716845568
1232450350168150018
1232455264797741056
1232521721095376897
1232567364606144512
1232569906094379009
1232592894885847040
1232614435237310464
1232767769503989768
1232817572908863488
1234005695034515456
1237745732330778624
##1232366355611037704##
1232369325111226368
1232439406377627648
##1232376885532860419##
1232377611638235136
1232379263829053445
1232380234122567683
1232380500691554304
1232380871140954112
1232381668901752836
1232381700660977665
1232383042305564674
1232384424001593350
1232392487131664384
1232404243862126592
1232416935981256710
1232664988818513920
##1232419116604149760##
1232428239001464832
1232438865148801025
1232440311575531523
1232508549747683328
##1232962189834752000##
1233046650492510215
##1233004501893812225##
1241892445748674560
##1233046843606564864##
1233066100344094720
##1233054539969974272##
1233054576204537857
##1233070145343496192##
1233073683419271169
1233332566155038721
1233816267154391041
##1233075238537191428##
1233075309274116107
##1233079775578771458##
1233091186119892993
##1233086766862696449##
1233087165728534530
1233087581685981184
1233093756955582467
1233093838140510208
1233093881526411267
1233093981648670721
1233094090193063936
1233094237278941184
1233094273677090816
1233094370414469121
1233094513536708608
1233094610299342850
1233094688640512000
1233094793393266688
1233095006015172608
1233095053377253378
1233095345623752704
1233095868414337024
1233095966019981313
1233096328529563648
1233096410662350849
1233096568418578433
1233097234708860928
1233097394981670914
1233097513328140288
1233097633436250112
1233097938898952193
1233098195045056512
1233098823238668290
1233099202386956289
1233099336374005764
1233099938537578497
1233101026460344320
1233101626191368199
1233102369187127296
1233102506303115266
1233102724528472065
1233102892069986304
1233104802864869376
1233104912109703170
1233105858118193152
1233106438253371393
1233106511775354881
1233108173214617606
1233108256303783937
1233108447803166720
1233109273317691394
1233110228767514624
1233110439887802371
1233110856700956672
1233111622031421440
1233112526650593280
1233112978293248000
1233113602888011778
1233113756768624640
1233114846591406080
1233115978826907650
1233116349217615874
1233117710348963847
1233117779215167490
1233117798827732992
1233119575799214082
1233119685044056069
1233120079140839425
1233120729316630534
1233120802125549580
1233120913157238787
1233122239236710402
1233122533248909312
1233125864000434181
1233127143086972928
1233127496696180738
1233128748922306561
1233129300280389632
1233130428569194496
1233130609062694912
1233133503593754624
1233133903822622721
1233133918813118469
1233134371013636102
1233135089447514112
1233136234861604865
1233137410231480341
1233140537789755403
1233141823012581390
1233144174796562433
1233145343023493139
1233146217619763206
1233146800271450114
1233147268024426497
1233147998500159488
1233148279287877634
1233149597263859712
1233149893633626120
1233149966455013378
1233150829554814977
1233151457517588480
1233152467283644417
1233152995573018631
1233153665839566849
1233154775165915136
1233156168018800641
1233156313120673794
1233156315582812163
1233157434128158720
1233158851823853569
1233159146255638529
1233159634510282752
1233161017766621188
1233161018945130496
1233161253763342338
1233161401746837506
1233161550673907712
1233162581260537857
1233164129084616706
1233164433943384066
1233165373098295299
1233167587514687488
1233168436857012235
1233169905928806406
1233171618207236098
1233174032503234561
1233177516413800448
1233182887874306048
1233183102039732224
1233187529932800001
1233188784428212224
1233193376536768519
1233202552373678080
1233203656268316673
1233211907852644355
1233217391510859777
1233217462801436672
1233218024808886272
1233225189003005955
1233229598973931520
1233229803836276736
1233230706123341825
1233237811379294210
1233238889755815942
1233240070360109056
1233240383330668549
1233240533377613824
1233244372189294592
1233245208202137605
1233246162758533121
1233255885985734657
1233256443622633472
1233263866878025728
1233264066275270658
1233274535434227714
1233278250253770753
1233278583788965890
1233280777766494208
1233283255002189824
1233283961872404480
1233285078232576002
1233287579698630656
1233288946823696384
1233289005166465024
1233289186649792513
1233289306778873856
1233290411008983040
1233292590159667201
1233293620314353680
1233295363286687744
1233296019103895553
1233296088456716288
1233296888071413761
1233297406797762560
1233297892368097281
1233300035741372419
1233304194074992641
1233306053657452546
1233307366101278721
1233307447059718144
1233312119187267585
1233314127818428417
1233318586925617152
1233318827364147200
1233319703424180224
1233325923342127104
1233326069320687618
1233327785109786627
1233329884593819650
1233330468323545088
1233331102787526656
1233333185909489664
1233336399857954816
1233341043682299904
1233343809343410177
1233348531307634688
1233350689826525191
1233352402608234496
1233354838412492804
1233355230084988929
1233359665217576961
1233363582252986368
1233366839650025473
1233367335576199168
1233368993215516674
1233371186731667456
1233377334553649153
1233377353033801729
1233377898985336832
1233388003848052736
1233388310820794368
1233388637963923456
1233388883175510019
1233388973147533312
1233389149123682305
1233389389679603713
1233389515567501312
1233389781062647808
1233390033295564800
1233390083937533952
1233390944289947648
1233391502170238977
1233393306287136769
1233393648169078784
1233393670809956353
1233394456386248705
1233396233668120577
1233399272068046848
1233401094828699648
1233401213959491584
1233401457497509898
1233403402513797122
1233406102961782787
1233408822326284289
1233413209811496960
1233413429463076867
1233414357725437952
1233415006617821185
1233421848915955712
1233425869022081024
1233427770086170624
1233431266588004358
1233434996058226688
1233435712017649665
1233446019985178630
1233448618725724161
1233449517351100417
1233450468145344512
1233450470737432577
1233451824214151179
1233457080108974080
1233459684218146816
1233476459869724672
1233480028761010177
1233481380690059266
1233481785515880452
1233482892707270657
1233491467966046208
1233507224225492993
1233523499882438656
1233540901789667329
1233590040187621376
1233591802730512386
1233592005164503040
1233592335662972928
1233592608229908480
1233592670817312768
1233592848517390336
1233592938359291904
1233592989202731009
1233593020328665091
1233593203791683584
1233593373984002049
1233593668575125505
1233594398988013570
1233594425969913856
1233594794674466826
1233594906591080448
1233595050191413248
1233595171910148102
1233595283159887874
1233595331041951746
1233595851978760193
1233595972862849024
1233596005297332226
1233596501563248645
1233597967812222977
1233598107050483712
1233598622631157765
1233599090409328640
1233599152833138688
1233599818855043072
1233601201054375936
1233601422018711552
1233601840488599553
1233604559509037056
1233605120639881216
1233608763468283904
1233609911805861893
1233610645565825024
1233611767512780800
1233613943479947264
1233614281435951105
1233614325874614277
1233616512633708546
1233617778638295040
1233619298431709185
1233620709487759361
1233621398456762369
1233622779452416000
1233623491225759744
1233629457426022400
1233630758566350848
1233634981152514048
1233635517318733824
1233636019498606592
1233639802978828289
1233645658982232064
1233648741237874690
1233649487190556672
1233652367972798464
1233653084938784768
1233656446828646400
1233659361731502081
1233661109791490049
1233661713670643712
1233663722075369472
1233667328082096129
1233677787841679360
1233679532315611138
1233680043534114817
1233680152036552704
1233686410231713792
1233689592722796545
1233691793990017024
1233692578631036929
1233695810308710400
1233701699400933376
1233707728444559360
1233719273400479744
1233749797590441984
1233787900971581440
1233795806668500993
1233824725559844865
1233849834572001280
1233889659119448065
1233953902401327106
1233977745656500225
1234004800682983425
1234222783921557504
1234277499552575488
1234505373710766085
1234585156725374977
1235799959607205888
1236052411040641024
1236757140963983362
1243967174236155905
##1233119909539991553##
1233122881321816064
1233123482390736905
1233127143657353216
1233130894187278340
1233148327778234373
1233164737501966336
1233270921206607874
1233271545335816192
1233271929735450624
1233272535724232704
1233274830272811008
1233279950301650947
1233282404527284224
1233282844237221889
1233295350225670144
1233306730353786880
1233311318133923840
1233327463956131840
1233339012494110720
1233344547742109702
1233351913455968259
1233388261558624260
##1233173354368163841##
1233178707956838400
##1234616292935634944##
1234617657904771072
1234618580672663558
1234654108767981568
##1234604928024354816##
1234606885862436864
1234867525906812928
1234887575594205184
##1234597905333391360##
1234598339821408256
1234613091033403393
1234759971935596544
1234834404037414912
##1234825825356337152##
1234827118208602113
1234834821802840065
1234892110010159112
##1234863850262081536##
1234870539010875394
1234873665004744704
1234892785418936320
1234911521907658754
1234925956038627328
1235106911512432640
1235628602915319810
##1234878304353648641##
1234878437334159361
1234878567210737664
1234879287867695104
1234880390554431490
1234887879920406531
1234901423839698947
1234901971087364096
1234902066830680067
1234907761571434496
1234923336569937922
1234954032235630593
1235104313728368640
1235106941904404481
1235107814697132034
1235113443818012674
1235307994994405379
##1235293708918181900##
1235297033537368064
1235657207016050692
##1235298950833491974##
1235509492634263553
1235856189398773760
##1235324943790989319##
1235370865551986688
1235422711054307332
1235437570701447170
1235442856736718848
##1235371119609122816##
1235373745554034688
1235401535426834437
1235405870902562816
1235408909801750531
1235419644388753409
1235422717945376770
1235423893671809025
1235426303916085249
1235448535652458501
1235459301298376706
1235473396005318659
1235533010344316929
1235566619738304512
1235572445928738816
1235597366302068737
1235612586315526144
1235698199224037376
1235866469512048641
1236408217057603585
1237054315954679809
1237792919505043459
##1235474330672300032##
1235507972253593600
##1235602608397660160##
1237303497558839297
##1235960682933153793##
1235960959727857664
1235971991263469569
1235977594782339072
1235980636743229442
1235987255094804481
1235992003084763136
1235992768176164869
1235993253142507520
1235993551101661185
1235994176975708160
1235994917798850563
1235999941945933824
1236000599411474433
1236002163672956928
1236005583645478912
1236027114282987521
1236036772011937794
1236049022516891651
1236054968320364544
1236072635202768898
1236135327976189952
1236145373657391105
1236287142202085376
1236634302760333314
##1236017568604925952##
1236017832875511808
1236020393846112257
1236037396078235655
1236270664086151169
##1236038337762390018##
1236041166694633473
1236041824516689922
1236058642979356673
1236111322833727488
1236159081553055744
1236712289664974848
1236716868888678400
1236792826354163712
1240428646105481217
##1236325414752133120##
1236333244590817280
1236337597053571072
1236365944764710913
1236367745903624202
1236397979898187777
1236401640489603077
1236401777668472834
1236402536380235777
1236402829297844225
1236403091701891072
1236403565314347008
1236404033000259584
1236404600095326208
1236433045932179456
1236433183576674304
1236449033759133696
1236727186922618880
##1236508966881984513##
1236512744272265217
##1236961055898820615##
1236961197477502976
1236961285985746945
1236961951466520576
1236961952485736448
1236962005954768896
1236962439507382274
1236964754146590721
1236967027287474176
1236967256044605444
1236967644839981057
1236968265706098688
1236969514895540224
1236970068346654720
1236972079892873216
1236973565301456896
1236974443857170433
1236975095102537729
1236977968385331200
1236978759846289408
1236986974667452418
1236988295965560833
1236988434612436992
1236988522038464513
1236988737705426952
1236988880689287171
1236999077067460609
1237001922974007296
1237010180732260352
1237010413214195712
1237011427631775744
1237022422156673030
1237030213395058689
1237047087184969728
1237061642749448195
1237067228106960896
1237084134041845760
1237106667348770822
1237127750315581440
1237150532176941056
1237198489186185216
1237248015162892288
1237260182742126592
1237347174725439488
1237353152615243778
1237624161893117952
1237724502622117889
##1237383924722139138##
1237384147103932416
1237396484691308544
1237574115768160257
##1237512480223608836##
1237513308825104384
1237514779205525506
1237515567453605889
1237536433771909120
1237640223057760257
1251730967183712257
##1237512709307949058##
1237515790661738497
1237825992959418371
##1237639767954796544##
1237652046679064576
1237982481745313793
##1237806425101008898##
1237814118008131584
1237818459754573824
##1237807040321466369##
1237807982416728064
1237811256951746560
1237814296173785094
1237821216557281281
1237956756376104962
##1237838237286027265##
1237838624923631621
1237838784017752065
1237840036889948165
1237840583898480640
1237846834569023489
1237853990269767682
1237854671135371264
1237980628932583424
##1237844712960081924##
1238089832376737793
1238832966576549888
##1237966550113624064##
1237967405059629056
1237979235354058752
1238880729590902784
##1237979796522577920##
1238227915365584896
##1238092760827248640##
1238093617434169349
1238123244382715904
##1238163066539433991##
1238164609221214209
1238165092950302720
1238166123146891267
1238168229580804104
1238170279119118336
1238235460444532737
1238349180428574720
##1238179749052272640##
1238179935098978305
1238179956502548481
1238180080578367489
1238180213005172736
1238181363754438657
1238183376999403521
1238219598840893441
1238376113224777728
1238377144008478720
1238384824202563584
1238403188056875008
##1238215954376597506##
1238216202750656512
1238218008969064449
1238218442865627136
1238218447835795457
1238219209076867072
1238232160194244610
1238260487068028929
1238425133359996931
1238489140645318656
##1238597865850765319##
1238598743114625024
1238598904528146438
1238600423788904448
1238601982052651008
1238602491484405766
1238619702718607361
1238648553905573888
1238651112737181696
1238666070019444737
1238669222877806593
1238680913703325696
1238684989128048640
1238693480748265472
1238699932581838849
1238700055437205504
1238710735406063616
1238713416149282817
1238713576535347200
1238715322544402432
1238721082737274880
1238729834941071360
1238743718540251137
1238748819665440768
1238753394111721473
1238759496228524032
1238884519987548162
1238929658256785409
1239079529836154881
1239174938604560385
##1238813609041559558##
1238869226032635904
##1238868708413583360##
1238870225933795329
1238870237149384706
1238871075318050821
1238871371800809473
1238873812621500423
1238877761978150923
1238922101215633418
1238923789586640896
##1239124301175029760##
1239124489457283072
1239124979524030464
1239124984733339648
1239129509976293376
1239130315177824257
1239134967302676480
1239135358874456064
1239146706006085632
1239153627077447681
1239156437684834304
1239163448161951745
1239170780770062339
1239204245058072577
1239228476286283777
1239238208837177349
1239245831447941122
1239246613018746880
1239251383297155072
1239251880406024196
1239273115533918210
1239281455802593282
1239290878402969606
1239303457565224960
1239348300383490048
1239412798364553217
1241154824999141376
##1239321114075152384##
1239321427695882240
1239322176349757452
1239322246344310786
1239324101510139905
1239324589181804547
1239327465039966209
1239330040741015557
1239331483581546498
1239335499011108868
1239337252221747201
1239359589050650625
1239379631247110144
1239389029088575493
1239394048353406978
1239411001897910272
1239411898237489152
1239411940180582400
1239413465841913856
1239426184083095552
1239439978809171969
1239441617842561024
1239452701240459265
1239467370202218496
1239476070430187520
1239653145720086529
1239675344271159296
##1225706271430475777##
1225707912640647169
##1225732443543498753##
1225737595633700865
1232369865446608896
##1225799056871608320##
1225799245510430722
1225801090580590592
1225801932771557379
1225916494690824197
##1226063220328345601##
1226094736978726917
##1226345421959815169##
1226588189349105665
##1232006991255625735##
1232007224647671808
##1232007643633508356##
1232007984315805696
1232032013491875847
1232035000616390659
1232073936428576768
1232175116387323905
##1232008258208047105##
1232018596542525441
##1232010094923177989##
1232010570548813831
1232011379940429824
1232013200713011200
1232014358282211329
1232014703133675520
1232014962723315712
1232016401382199297
1232016581947002882
1232016795239960583
1232018251418423297
1232018456708513793
1232020307747188741
1232021125514899458
1232022232953769984
1232022910497325063
1232023179280908293
1232024084957016072
1232025786145792001
1232026250228752385
1232026362820558848
1232026562112970754
1232027150410305539
1232028413973729283
1232028957127606272
1232029551217315840
1232032171717799941
1232039359672659968
1232040954820997122
1232048529511714816
1232050073955176449
1232050606644367362
1232051105296719874
1232051939824803842
1232053944970555394
1232053958501453826
1232054344431865858
1232055099587014656
1232057276749549569
1232057349369667587
1232059059517480961
1232066343945613313
1232067409948880897
1232071635387273225
1232071959934066688
1232073864521437185
1232077956966703106
1232078955903098880
1232079451212611586
1232083475437481984
1232083547697139714
1232097481237913600
1232102072318861313
1232110263182274561
1232114362808184832
1232118170380652545
1232125147483688971
1232137520797843457
1232146005971423233
1232147443996864512
1232148089324154882
1232172076263510018
1232179032852180992
1232198538102218758
1232227748392980481
1232232531971493888
1232243910103224320
1232251155369123840
1232251392473079808
1232252468182081536
1232254829172531200
1232286279603191809
1232291442103668738
1232297443062140928
1232306074050535426
1232307904205602818
1232324683170828288
1232327340824285184
1232330083798540289
1232357919548682241
1232363067163512832
1232384085802332161
1232512004033851392
1233380471880454144
1237355194641534976
1237356624056025090
##1232011202122915840##
1232018812335280133
##1232020787407794176##
1232045145346002950
##1232021828174045184##
1232028613387702273
1232212433617530880
##1232081454588362752##
1232083746687528962
##1232734362485035008##
1232743286462349320
1232746559726637056
1232881731121881088
1232935616767283202
##1232734725455929344##
1232746864576954369
1232762012435963904
1232774857705893890
1232866520155512833
1233048409432522753
##1232752399477071875##
1232787214473580546
1232788705817059328
1232821997312335875
1233014103867895808
1233016480998051840
##1232769124826275846##
1235349787580518401
##1240051828982796289##
1240114290771865600
##1243309630773755909##
1243329951757144064
##1243848043084025858##
1243848826659667971
##1246867725068140545##
1246869797050204161
1246883252746571780
##1248001421393506305##
1248004450234630154
1248012854092894209
##1233139235353505804##
1233395176330211330
1233416583277576192
1233418117302423552
##1238234684821250048##
1238307965398142977
1238406807992836096
1238406890616487936
1238413585715429376
##1239217363624615942##
1239217384348622853
##1239276231918530563##
1239276700057448451
1239278488043032577
1241765436183793667
