##1224256779338600449##
1224258579340910593
##1224256868236787712##
1224257848907046913
1224258677554761728
1224269745370861568
##1230074376810352640##
1230078612793151488
1230083628480258053
1230083773431242752
1230083924061282304
1230089639102468097
1230090845614985217
1230098167787597830
1230098289883779074
1230106133936955398
1230122006680567810
1230191695217688581
1230201829956489219
1230205423237685248
1230520285377462273
1232286104285519872
##1224294427855900674##
1224294918807543809
1224321814295392256
1224321848067928064
1224321870482284546
1224321897573339136
1224321918851014656
1224321933371527169
1224321997456408578
1224322025919066112
1224322039722520576
1224322187403853824
1224322243443990529
1224322260258971648
1224323129113239552
1224324052443189248
1224324399253327873
1224326042225139713
1224492114853146625
##1237519875565744128##
1237521416129404928
1237521476565098497
1237549564002893824
1237639290890436608
1237682793976659968
1237732179083513856
1237808640947519489
1237808738788147203
1238069602569072640
##1232022085838524421##
1232022242562887687
1232022366496141317
1232022423928819712
1232022763617038336
1232023035848413185
1232025186922369025
1232026519654060033
1232026863071121408
1232027662127960065
1232028723798401025
1232028759303344128
1232029185352306691
1232032329419411456
1232038492437405696
1232047380842893315
1232055200397086720
1232062372380057600
1232083023086149633
1232086444094689283
1232094530163310596
1232127615638626304
1232150255761870848
1232224703634444289
1232249325415206913
1232308821470695425
1232423692690501632
1233331082117951488
1233805311221387269
1233805816110755841
1233807222171410432
1233938303822565377
1233951548448874496
1234105702202904579
1237885489912270854
1245981538690482176
##1224347075657289728##
1224347509012815872
##1224298751361265664##
1224299317256544262
##1222122109708767233##
1222136127185981440
1222293263958278144
##1222122859893489674##
1222123827536257024
1222124536482672640
1222129601306152962
1222135482840223747
1222159231350198273
1222184243058573312
1222402837524643840
1222583624656093184
##1224044874875527168##
1224045010833768449
1224045737232732162
1224045860562055169
1224046497555193864
1224047905369206787
1224047982062030853
1224048105684971521
1224048655021244416
1224050783903191042
1224051899860733956
1224057526351749120
1224058089751617537
1224096014086365185
1224131826266124290
1224171680496373760
1224174563099074561
1224232953691197441
##1224255973306576896##
1224256755917561861
1224281165936386048
1224395983666237442
##1224256084128518149##
1224256592142643201
##1223993362107244546##
1223993425202229249
1223995225615601664
1223995354485489664
1223995641564684288
1224000954837716993
1224007299565531138
1224012877255720960
1224015533378400256
1224018219549298688
1224021413465677825
1224025079035592704
1224033673848217605
1224057371372158978
1224060793756495872
1224083033390710784
1224087443420405760
1224094206521679872
1224096381025038339
1224148570305187840
1224206468720865281
1224236864191836161
1224328038743257088
1224328414011805706
1224355042540519424
1224403322901319681
1224431323621752833
1224439324826976261
1224442235187384322
1224633843749195776
1225358118206550016
1226320326734336000
1226659950266658816
##1224648306250387457##
1224648334616530946
1224648364593229824
1224648410315227138
1224648488702631938
1224648549327089664
1224649092871217152
1224649103650492417
1224649124294864898
1224649605847093248
1224649774743289856
1224650041417183235
1224650320384610304
1224651255362002946
1224651281412829187
1224655222284464137
1224655607787151361
1224657236649267201
1224657550253154304
1224658111098707974
1224658704739467264
1224667455559274496
1224668989701476352
1224669243788136448
1224669724220502016
1224669963203510273
1224674152948301825
1224674448923660288
1224691674166763520
1224698778311102464
1224698881361039363
1224702631249051651
1224703723668221952
1224705245240070149
1224709952167694341
1224710001404628992
1224713403664666624
1224724377813626890
1224729264651673601
1224735002979700736
1224750875467448321
1224754755307757570
1224755115917283334
1224757562165399552
1224757948238438400
1224760353390723073
1224761919476813824
1224762923207229447
1224763737594384386
1224769026884362240
1224774582575542275
1224776565516578816
1224782769542311936
1224786737861480450
1224788485934133249
1224791716781330432
1224804587640709120
1224824495388733440
1224846332919255041
1224892408997076992
1224922025795497992
1225094045480968199
1225140955646394368
1225261123802284032
1225594340237611009
1228738728673370113
1231327339209994244
1232208039635300353
1232339726172086272
1233063671976341505
1233128832233877504
1233158719397126144
1234474034257170432
##1223963467213950977##
1223964253943730176
1223965318130884608
1223965980273074176
1223968631098310657
1223975468958978053
1223979857849278465
1223980112930099200
1223980158966751234
1223985182270808064
1223987313992175621
1224003457453117442
1224026551362244608
1224027341166383104
1224051601960206336
1224059824784265216
1224087068927844359
1224146492346306560
##1224063700794998788##
1224490268898013184
##1224077761578438656##
1224077934878654465
##1224291852121264129##
1224292242543857665
1224293171116544000
##1224292809705914368##
1224298407327649792
##1224292928404774912##
1224293829974597632
##1224293129009946625##
1224309771349712897
##1229036456565452800##
1229036644461879298
1229036683326345216
1229036833314672646
1229036890852143104
1229037027661881345
1229037304817291264
1229037310039248896
1229037568630628352
1229037711958384646
1229038108575924225
1229038604493742081
1229038764502257664
1229039115586457602
1229040516458741760
1229040954646188032
1229040999407722496
1229041325317775362
1229041806731595777
1229041856102662145
1229042505238401025
1229042601015349253
1229043297563348993
1229047805106413570
1229050182286938115
1229053344271998977
1229054466890047489
1229054572523642880
1229057673955549186
1229059235511664641
1229070195827904512
1229071068465369088
1229076476135444481
1229078531264700416
1229091023252533248
1229091433329680384
1229094269421604864
1229096519657295872
1229100093724405760
1229102877450305536
1229106736453341185
1229112660828000257
1229121363698470912
1229132052995411970
1229138073251958784
1229145213676982274
1229151204120260608
1229154307485859840
1229160906644492291
1229166800807616518
1229239948160704513
1229296141591875584
1229322036088049666
1230476082475937792
##1229044129209950209##
1229149452889415681
1229636823879749632
1229666628465545217
##1232605703539433472##
1232605972931260417
1232606190556893185
1232610205365669888
1232624961405227009
1232652991733358593
1232705746246230018
1232706490395480064
1232720149356204032
1232725807711346688
1232772704702533638
1232775806465794049
1232945042177826817
##1221824594656493571##
1221825073641934860
1221837628875689987
##1221719496068681728##
1221721676347510788
1221721987933966340
1221722549215809537
1221738678210396161
1221739202712408064
1221842375233953793
1221867612101128194
1221868640791822336
1221879173091819521
##1221744305347481601##
1221747702687465472
##1221795088529076224##
1221795419082166273
1221795490775412736
1221797065963048961
1221820923386482688
1222210671858851840
1222441448496345090
1222441781880655875
1222445763009155072
1222449283921862656
1222450353620291584
1222450816214282241
1222458873250033665
1222499041558351872
1222499077822218242
1222519627034583041
1222540937261453312
1222551568790192128
1222551769009590273
1222554666292187140
1222570441388318724
1222572978556276738
1222632732037210112
1222663262690578433
1222719231856381958
1222737159054077952
1222797885626032128
1222827757786279936
1223037917670576130
1223199772233945091
##1221817641385390080##
1221818021272064002
1221824147547938816
1221826674683269120
1221861255742468097
1221892945529462784
1222075013991469057
1222449344844091392
1222450379344023552
1222450832106455041
1222458910163992577
1222505507572850689
1222568315752722432
1222663359167913989
1222674370210009090
1222675567788593152
1222715528504135681
1222827820629532672
1223199804588744704
##1221819261863301122##
1221819612653899778
1221820065101819904
1221820333734449154
1221820386012057600
1221821070174498816
1221822295146213379
1221823001810886656
1221824070616068102
1221825312822038529
1221826588536381440
1221828399020363781
1221836946449846278
1221836970076360708
1221851681719308288
1221898012542238727
1221905421981638659
1221947213728886784
1222028208100593665
##1221976242163003393##
1221978471125090304
1221984678879604736
##1221983760637480961##
1221984760765059072
1221988029331595264
1221995060448911360
1222008871012765696
##1222074403032379393##
1222074469356797953
1222074490508713990
1222074595299266560
1222074769048244225
1222075447556628481
1222075813459304449
1222076366503497728
1222076772902195200
1222076954112929793
1222077423979724800
1222078282012725249
1222079964641746944
1222080357656420352
1222080420126306304
1222081472305254401
1222081755542409217
1222088836605468672
1222117493164183553
1222121807429427200
1222127713114361856
1222134952222953472
1222151563743023104
1222228112739590148
1222272516183461888
1222381211517145088
##1222080970226130944##
1222081411395571712
##1222096982430441473##
1222103207020834820
1222105080595451904
1222105671006670848
1222114829009289217
1222118615668924417
1222118678013075457
1222119066342711297
1222120866689048577
1222143744285253632
1222151223945715712
1222177142735286276
1222178801305706496
1222234048292106240
1222254104489156609
1233750078025797640
##1222137731335237632##
1222171573215469569
##1222180226937040897##
1222181527238385664
##1222208132119781382##
1222210008395472897
1222236520427540481
##1222210198670073856##
1222210316488052738
1222210470884458496
1222210490073591813
1222210511296761857
1222210528476573699
1222210593756676096
1222211023454851073
1222211640336224261
1222212014438744064
1222212098698227713
1222212256861249539
1222212284128354306
1222212926712532993
1222213741154050048
1222213763916607489
1222213879708770304
1222215008886673409
1222215524500811781
1222216452859748353
1222217519945089025
1222218023261655042
1222218865318531072
1222219666980057090
1222219721979899904
1222224435589144576
1222226622973169664
1222226785498169344
1222227455936778242
1222229161902772225
1222229185244073991
1222231163139448835
1222235528906584064
1222236591239966724
1222245955115847680
1222256115699851266
1222277628389920770
1222299285896814594
1222365333631029248
1222387370982551552
1222390200837509121
1222404054489489408
1222422179251392512
1222462086015524864
1223436504288190469
##1223227039303507968##
1223227900591247362
1223228216229482496
1223229019535167489
1223229322502209536
1223230566465777665
1223230943940501505
1223231751327309825
1223234537586659328
1223235476821282816
1223235628105633793
1223236186233364485
1223239938147332096
1223246182723530752
1223248601104764929
1223253009163071488
1223253486105698304
1223253926419599361
1223254297829351424
1223258093838118912
1223260305800732673
1223260852213755904
1223262740011155458
1223263867364610050
1223264459503931397
1223268833970020354
1223272722865762305
1223276991769726977
1223277341977214980
1223278723492913152
1223279236968075266
1223290886047588352
1223296166156210176
1223309479560863745
1223310706671529986
1223316551954305025
1223319876544143360
1223330719784677377
1223331077521014785
1223331097033039872
1223332825866416128
1223334079761985536
1223340803738734603
1223346406645256192
1223346496990601218
1223346641111076864
1223348955926401024
1223353485326012416
1223353486055804928
1223362833334796294
1223366486846312451
1223366567733485568
1223384135923879939
1223399095991226368
1223399155504177158
1223399413349015553
1223400766066634752
1223403169591545857
1223410466132779008
1223430637689982977
1223437910038523904
1223483151848214528
1223522184716603393
1223529779779002368
1223534694513500161
1223535855870058502
1223536472734740480
1223602456191479808
1223620956003934209
##1223228570627166208##
1223231529205358593
1223236876032712705
1223239294279671808
1223245448959463424
1223264748994732034
1223281309356843013
1223364504886632453
1223875559807164417
##1223259447566520321##
1223274897906044928
1223317449107558406
1223319327237079041
1223387396391219205
##1223304826508976129##
1223349513131261953
1223351101581340672
1223526135193010176
1223528095870869505
1223548503634468865
1235179082981224453
##1223582814232305665##
1223583775218708482
1223587518504894465
1223590417788297216
1223600301032247297
1223603110217756675
1223603189343277056
1223613811497803776
1223616263055912960
1223625318524760064
1223626422876540928
1223640994492682241
1223656271355748353
1223702032823046144
1223704129954029569
1223705856946188294
1223730928322842625
1223811312431616003
1223875973394960385
1224788383131631619
##1223640903862059009##
1223641135031160833
1223661806595592198
1223664912469233664
1223779393778208768
##1223660614612062209##
1223665619205263365
1223717859362250755
1223805506067861505
1223837485970706432
##1223701574314102784##
1223704973151809536
1223713797598318603
1223717420055040000
1223730980332167168
1223754357566517249
1223761353019731970
1223774238101983232
1223821110610923521
1223833295923949568
1223850987720409088
1223903656212299777
1223926655854546944
1223959111940833280
1224029211540762631
##1223878972401840129##
1223879258931703811
1223879496111181826
1223879666810966018
1223879892065849344
1223880343880699904
1223880564714954753
1223880810815741953
1223881625156685824
1223882376767516674
1223882684885282817
1223886387939880960
1223887900078678019
1223887958119452672
1223892965006942208
1223893990811897856
1223894887692718080
1223894921133690883
1223895128869306369
1223895953033310209
1223900919630311425
1223906949957345280
1223908648520384513
1223911959801868289
1223921173710458881
1223930035263938562
1223934972270084096
1223935480741486593
1223936809866055680
1223937482229719040
1223942355063123968
1223943480134766593
1223944772458557440
1223947761759985664
1223950089531600897
1223950861791039490
1223951365266866176
1223954082815205377
1223957001107013634
1223957855767842818
1223958090887913472
1223965363156725761
1223970251089620993
1223971584114905088
1223973777865834496
1223975204654850049
1223979482731761665
1223995116953776133
1223995634245685251
1223998395720835073
1224002408281448448
1224013009342824448
1224016738058166280
1224016753606430720
1224024596225101831
1224028395316662273
1224045860171976704
1224048400187973635
1224177454681673732
1224229334287822848
1224231764241133568
1224304431103184898
1224442518932033536
##1223885783188287489##
1223886728366317568
1223887193560797184
1223899176590811136
1223905059429326848
1223909331730673664
1223920454873776128
1223921686560542721
1223932030674706438
1223940898351874048
1223948990300991489
1223950475223097346
1223954485678088194
1223977968097267715
1223985092508385281
1223998901604311041
1224005467283828737
1224044681027342338
1224087967234449413
1224120699763208192
1224184655714365441
1224210398066421761
1224307835091243010
1224605294505988096
##1223886032388722694##
1223886487156133888
1223886658728353793
1223888450027429891
1223888835714650113
1223889436196339712
1223890605610278913
1223893743088099328
1223896207518552064
1223896683400126464
1223899135516053505
1223901661451759617
1223902141150089218
1223903722817904641
1223905317647458305
1223910991777263616
1223911737969299456
1223912609432383488
1223913223545675778
1223913597216182273
1223913966801432576
1223914669410279431
1223915120465776641
1223916807104475136
1223919187476865030
1223920771266949120
1223923215925415938
1223923284049154050
1223923559111766017
1223926949397004288
1223932279208259584
1223933133978030080
1223933276861104129
1223936346806521857
1223942260523487232
1223943627661025283
1223944768713084931
1223945512606478338
1223955733445861376
1223959806039511042
1223961966630395909
1223967490147082244
1223972421172154368
1223973591869546499
1223985949266317313
1223987649834254342
1223996540332716038
1224017911221837826
1224019899552538625
1224023306527019008
1224034498779799552
1224043064873967621
1224058285596250112
1224067228997427201
1224068937320738820
1224068955008094215
1224069503480467457
1224073136796315648
1224078846686900226
1224081337835040779
1224089298615644160
1224132840591446018
1224133947631771649
1224197455308296192
1224197988278525952
1224219039788081153
1224237709578899460
1224240631972859905
1224260221956173825
1224648848112521216
1224784934923051014
1225553196233392130
1225963887356530689
1226139443406495744
1226271453286453248
##1223886741779767297##
1223960549609951232
##1223893869793890304##
1223904042210013184
1223927004111802378
1223947946322014209
1224031147979657220
1224036751179681794
1224210210966966272
##1223895173459070977##
1223897621024079872
1223897886058074113
1223903130171183104
1223903519855534080
1223904164301983744
1223906989832462337
1223909457324859394
1223910901432143872
1223912370726232064
1223912429672783873
1223914694680989696
1223921437267955712
1223925524751360000
1223927427698741248
1223945942291886081
1223958308811419648
1223959980631633920
1223969629363691520
1223985821264613376
1223999126964228096
1224007734623981569
1224008459852689411
1224023768391147520
1224024386115702786
1224127059120750593
1224303757435047936
1224590379284123648
##1223898717071323136##
1223898868720586753
1223900496253063169
1224271055386304513
##1223900567136800768##
1224012811631824898
##1223908001028984832##
1238452498924474368
##1223922776748195841##
1223924471578472448
1223932525363519492
1224234394510073856
##1223934841957371905##
1224031975251628035
##1223976555510214657##
1223978482935508995
1223978571393310721
1223982200380674051
1223984146688565248
1223984287520886790
1223985488727592960
1223985969420029952
1223986010419343361
1223991441816477700
1224001268831617026
1224022860852797442
1224079475291443202
1224125867393265664
1224246786283462656
##1223976810414837761##
1223989129953804289
1224035868975009793
##1223992153275236355##
1223992531073085441
##1223995935786704897##
1223997673268744192
1223998106880106497
1223998455653249024
1224022727360765952
1224039330244694018
1224041499110903808
1224106455047004165
##1224007066651693056##
1224007977935482880
1224008437853577217
1224008676152836098
1224008724819386369
1224008990004256768
1224009018601099267
1224009050444222464
1224009579907952645
1224013084768993280
1224014894074417152
1224016678192807942
1224016789308432384
1224017632371838977
1224026684162224128
1224029403543416832
1224030547355283462
1224033963322368000
1224037628594610176
1224038051611017216
1224038385574187014
1224045551122935808
1224055705008775170
1224057714952876032
1224064012289220608
1224070881921642496
1224077379502596096
1224095911569063936
1224106607199555586
1224107318243201038
1224113139924590594
1224118501230764032
1224122261646585857
1224306668328099842
##1224007417727504384##
1224009779984707586
1224149435657093139
1224451056865665025
##1224012870104600579##
1224012980574195712
1224013093501534215
1224013457793736706
1224013908098404355
1224014032450904064
1224014065514811392
1224014105289404422
1224015808961097730
1224025309416169478
1224025886065864704
1224029757152595968
1224034803110023169
1224038898956931074
1224070610931847171
1224072829978730496
1224084207829487618
1224085881314848769
1224086333473329153
1224087115773902848
1224087329083723776
1224097041015615488
1224181399357288449
1224185486677286912
##1224031322508791808##
1224033291847774208
1224048468274163712
1224050652759851012
1224067115352821764
1224070733946597377
1224250795073441793
1224282793573781511
1224392631767195654
1224428987293806592
##1224036809316937728##
1224179852372336642
1224279307046047746
##1224036809509888006##
1224036996873584640
1224037190931484672
1224037193217429505
1224037224074878978
1224037224322301952
1224037278105899009
1224037331813969922
1224037348415025158
1224037389988966400
1224037410734071815
1224037422201176065
1224037452643328000
1224037464333000704
1224037494666203137
1224037544976900096
1224037550626611202
1224037733225717760
1224037744260911104
1224037761419706371
1224037770966065154
1224037831598841856
1224037891052957696
1224038136780673024
1224038168665772037
1224038272671895561
1224038294557773824
1224038406314975233
1224038439173132288
1224038555070148609
1224038796129456128
1224038864639143937
1224039071493677056
1224039273906810883
1224039843287785472
1224040171487866883
1224040340648267778
1224040501072093186
1224040541115031559
1224040786142154754
1224040991390412800
1224041330902474753
1224041626059800578
1224042884284010499
1224043212328796160
1224043312245608450
1224043347586748417
1224043721102168065
1224044759171420163
1224044822870339584
1224045848897761286
1224047655288016897
1224047691333763072
1224048001078919169
1224048415585292288
1224048546154000385
1224048909531611136
1224049016574566403
1224049156358135808
1224049727035072512
1224050747484114944
1224051581378797568
1224054656034320385
1224055016077647872
1224055489702481920
1224056020495822848
1224059884175548419
1224060266104619008
1224061419999694848
1224063790129479680
1224064342850666496
1224064396856524800
1224064436371099649
1224064982071070720
1224066141187977216
1224066649399222274
1224066672312619009
1224066935207399430
1224067236803022853
1224068558176575489
1224068962566144004
1224069151712534528
1224071206116241415
1224073259022454784
1224073983236222977
1224076315445407744
1224079559064260608
1224081161917468674
1224082958644056072
1224083149120057346
1224083944473288704
1224084733405093889
1224085347526762501
1224086216443932679
1224089795250528261
1224093759723335680
1224101104511868930
1224105401936990208
1224106888041811970
1224109131658944514
1224109823173779456
1224118238361112576
1224119374103175168
1224124433767522304
1224132541227118597
1224133519498207233
1224133988840886272
1224137523326263297
1224141374989250560
1224142272549310466
1224145152706371584
1224147717884203008
1224150129252409346
1224154264148291590
1224161296817557505
1224163978366136321
1224173562170396672
1224175046509330433
1224177078557446146
1224188381980233728
1224188588855910400
1224191365015359490
1224201062464335872
1224207450863292419
1224225510944841728
1224225597951483910
1224235944993312769
1224237556751118336
1224250235045797888
1224250846155767810
1224251710098563072
1224255807723900928
1224276652370382849
1224284430333894656
1224289707367989248
1224291774870511616
1224291804436160514
1224295890481045504
1224301585217486854
1224304506860642309
1224305527024386048
1224307275046772738
1224317816540684288
1224321155257065473
1224327460306804737
1224328184566554624
1224364840531251203
1224364987554115584
1224407874199261184
1224422414953668611
1224424116050186241
1224434851664646144
1224439562300096513
1224489271681261568
1224495504228343808
1224500581349412864
1225301901534777344
1225499223036174338
1226355781316026368
1226372110165118976
##1224050454247723008##
1224166791607463938
##1224054187673247745##
1224054370662305796
1224054538006605824
1224055095047966726
1224055294441009157
1224059100016844800
1224060467511021571
1224064245903609857
1224066007372828673
1224067919618985986
1224068168810991618
1224069842812182528
1224071539215257605
1224077749993844741
1224079046360883200
1224090271467671553
1224099974247538688
1224114698704052224
1224138748516077576
1224163405243801604
1224181239944491010
1224181495989927936
1224181523160739840
1224183053205016577
1224185606877720577
1224215828461211649
1224228855910666241
1224234391783792640
1224240075954905088
1224245226279243776
1224257572875751424
1224264700248104960
1224268196997476353
1224268867427536896
1224279646889562112
1224286870869348352
1224309677846122498
1224309890316951552
1224314585194344449
1224320408335204352
1224333029264576512
1224338315371065345
1224360357814247426
1224381141475643394
1224385112965623808
1224392591845793794
1224395745828245515
1224398039969935360
1224401676309794816
1224423486598340608
1224611289059811328
1224612682092949504
##1224077372506460160##
1224079403992453121
1224133271195471872
1224192285962883076
1224306701203124224
1224313903825522688
1224366481242312705
1231690216525701121
##1224104090738810881##
1224108513712099328
1224122049486098432
##1224201636584787968##
1224201972208881664
1224202446479577088
1224203381369114624
1224206030357385216
1224207422690156544
1224212036453851136
1224216707666993153
1224230491576061953
1224231144243318784
1224237948566110208
1224238967580778497
1224253909620756483
1224258833314406400
1224267018167365634
1224299440791486464
1224334060614492161
1224341187642953728
1224399927469584384
1224432614297067520
1224518511516684294
##1224202523038375937##
1224202659512639488
1224202875301179397
1224202888689438721
1224203216851800065
1224203621841166337
1224204279717801985
1224204664075444224
1224205225210327041
1224205748743364608
1224205988347158528
1224208580796198919
1224210002644172801
1224210346308751362
1224210934736003074
1224211047546003456
1224211328463790082
1224212847317716998
1224213133771857920
1224214691465125888
1224214740123181057
1224214944780038144
1224215568460517377
1224218687512571905
1224219638038351872
1224222483730976769
1224224743605272576
1224232233025908743
1224233648771289088
1224233949783887872
1224236552169107456
1224236587246129152
1224237928353869824
1224252786415669248
1224252861808246784
1224257204422881280
1224257320173080576
1224259365101809666
1224259545465225216
1224262714694012928
1224275461754232833
1224286055010050054
1224297920620650496
1224306596399996929
1224377207684026368
1224385451349413888
1224388770302189574
1224438040241700866
1224444491337060352
1224698955197571072
1224736549134315525
1226438239046832130
1228543993031647233
##1224223163229274112##
1224223419232935936
1224223582785544197
1224223845462298624
1224224866246721536
1224224927471013888
1224225415956508674
1224232275006586881
1224232643354644480
1224236568929603584
1224237378954461184
1224239905368240128
1224241643718619136
1224242744178216961
1224242789262729221
1224251143905333249
1224253455776276480
1224253760379244549
1224254532781211648
1224255583764865024
1224257714970415104
1224261286688587776
1224262078371942401
1224262332286586880
1224262905065082880
1224267397244375041
1224269473307340801
1224273238085246978
1224273351033618432
1224277524894699521
1224280522064637954
1224283832918167553
1224284677189533697
1224284858677186560
1224294033238962178
1224294787316174848
1224296828038012928
1224299849392230400
1224300383889248256
1224300756628574211
1224308858371428352
1224309836789223424
1224319164761939968
1224326509890097154
1224335188777455618
1224343858139533314
1224347594513637376
1224361312299425792
1224367095481163776
1224369425891168256
1224382627135795207
1224383031336718336
1224388742191992833
1224410084006146055
1224427214537707520
1224434818609364992
1224435443946536962
1224552979770019841
1224573728303939584
1225220743799148545
1227752520262574080
##1224243069035458579##
1224244545644351488
1224244904739639297
1224301354698661890
1224476782600114178
1224594893349294080
1224602419671244801
##1224250256356970498##
1224250379522756608
1224251078444797952
1224252947460173826
1224254000024997890
1224258779514134528
##1224255030691336193##
1224257224752746496
1224272421030637570
##1224259318100504576##
1224359753545060352
##1224263573402279936##
1224264380654723074
1224273429408485376
1224292860339662848
##1224272667492192256##
1225006095682428928
##1224281186689785856##
1224281309125730305
1224322921256177666
1224393550038781952
1224418721701208071
1224423720082706436
##1224284204248313856##
1224546549272850432
##1224299948860157952##
1224306089103101953
##1224315446436007938##
1224315902570717185
##1224373475751665665##
1224375936881254400
1224382213044801536
1224391912188272640
1224395011757957120
1224409482714865665
1224420921273962496
1224439110393192449
1224449583826079748
1224507551619911681
1224590575283949568
1224596920783470592
1224659493532917760
1224701613790650368
1224926373023756288
1224942233322950657
##1224373602553925641##
1224376872076705794
1224378142451814400
1224476029223415810
1224517054251851776
1224549610275901440
1224553564405669889
1224555018747088896
1224557949143699457
1224568820481908736
1224581379683274754
1224583670402449409
1224608386412613632
1224698927255097346
##1224377008794296322##
1224377321962065924
1224377663965597698
1224379528950226944
1224379720097157122
1224380713358823427
1224381368995418112
1224381855560060930
1224382232338542593
1224382504116768770
1224384013550309378
1224384407638806529
1224384969134526470
1224385947040698368
1224388783916879872
1224393943770595328
1224394630990417922
1224395103772475393
1224398055425871874
1224407030041075712
1224416156162969600
1224419821812703232
1224428259313512448
1224430242044968963
1224430289482477569
1224437929478516741
1224440858000281612
1224442284130783238
1224443496368500743
1224443894491840515
1224445400075005952
1224448847075672067
1224454073857933316
1224455227224383488
1224460310737801223
1224460420611596288
1224461603837562880
1224464458757672960
1224473248513040385
1224475198277156865
1224482132258672646
1224491793959526403
1224492656245518344
1224500962385068033
1224504747094421505
1224507127504556034
1224510174389579777
1224514893958864899
1224514935201419267
1224518570190819335
1224524568464936961
1224525322487361541
1224528547940913154
1224543383034699776
1224552696633536514
1224554110961291265
1224564086773600257
1224575198529236992
1224584471430737920
1224590646922661899
1224610726695841792
1224614470380670976
1224626488353476614
1224630829516718080
1224639817088229376
1224662539268689921
1224671706062696448
1224679121676095488
1224689448270606337
1224701799359270912
1224725975684042752
1224726074241822721
1224756896512598016
1224756901461876736
1224774985568473090
1224905083990740992
1224939415061114880
1226431591007670272
##1224391820093939713##
1224392079012519937
1224393516840890371
1224394232246472704
1224394388794740736
1224395057479942146
1224396445270388737
1224425004374351874
1225548560332181504
1225555116994039809
##1224399654785294336##
1224399949674229760
1224400170646982656
1224400182177161217
1224400573312708610
1224401121055256576
1224401269114179584
1224401614456479750
1224401958167027715
1224402108763516928
1224402204829810690
1224402933065965568
1224405250750263297
1224406948583485440
1224407770205769730
1224409438494347264
1224417984934039558
1224421271213047808
1224422963820273666
1224460297080979458
1224502807321022467
1224512242181386240
1224550395747409922
1224632192099409921
1224707887844425731
##1224407968764059648##
1224408716478423040
##1224413990639624197##
1224432082073444352
##1224432387037134848##
1224433099628351488
1224450249512472576
1224455446490042368
##1224465933953130497##
1224473494831935489
##1224583359587684353##
1224583913080860672
1224584373229572096
1224584395199152128
1224584603408699393
1224584920154169345
1224586955826044929
1224588064053514241
1224594209879052288
1224603819956412417
1224605965733048320
1224615199401005057
1224643442438963200
1224655598836486146
1224683991242067969
1224774995072765955
##1224618598359896064##
1224647695408750592
1224955087849762818
##1224619601612460032##
1224623319233765382
1224636399770644481
1224641406481915904
1224645812862537728
1224647397135069184
1224682574439755780
1224737259536121856
1225621144004386816
1227093962676166659
##1224623647861682178##
1224624808433840128
1224626324536463360
1224627568764227584
1224769756949073920
1225467040334565376
##1224645960548212738##
1224646441232162816
1224646452741394433
1224646522173829120
1224647161671036928
1224647190829768704
1224647318986743809
1224647716992638976
1224649290783633409
1224649591833931776
1224649855689207809
1224650334712233984
1224650605769216001
1224652072483803136
1224653488484950017
1224654650663673857
1224657648789983232
1224660573373288448
1224661357842354177
1224661937855791105
1224662141040459778
1224662474072510464
1224663845827940352
1224667597637083137
1224670917080625153
1224675324014755846
1224675466335752192
1224680804753838080
1224681949203136512
1224689717180096512
1224692464038137856
1224695176846856195
1224699060671610880
1224708318301650953
1224716191127756801
1224738952831213572
1224743060971687937
1224745919750516736
1224746836935749633
1224762107629096962
1224764423514009602
1224778509589131264
1224794052220145664
1224807228416430087
1224865955895021570
1225725620715446275
1225749961960284161
##1224672506944139265##
1224673458400919552
1224674421882880001
1224682423180578816
1224685779831656450
1224695126309642243
1224708362291613697
1224718428004548608
1224756485726621697
1224821762795458560
1224829501277908994
1224878049751195649
1224878696651284485
1224978996724666369
1224992363795361792
##1224676900293029888##
1224677363222487046
1224728414881488896
1224728945557372928
##1224725311897636865##
1224730768506793986
1224802010559631360
1224908277257031680
##1224743843335221249##
1224746884146847744
##1225441421186011137##
1226067128555577345
##1226178906245517312##
1226200462124294145
##1228184863422812160##
1228185026430242816
1228185565180219392
1228186039958654977
1228186913409884165
1228187659501109250
1228188320364032001
1228188541550645248
1228189798558392320
1228190573829341186
1228192677381885956
1228192827592429569
1228194259070644224
1228195960959844352
1228197101781180417
1228204495995203585
1228204582615965697
1228207878583963650
1228217754202697730
1228218540756361218
1228226278374821888
1228235223910899712
1228235981947432962
1228238269659459584
1228238843582861312
1228286952283222016
1240256654106603527
1250948911671500802
##1229046978186743810##
1229067111575805952
1229104965500784641
##1231116008330612737##
1231116724424105984
1231118294058520576
1231129768139087872
1231142276262486016
1231202338649628673
##1231887326772711424##
1231900866468290560
1231903482871001089
1231994343243866113
1232046714103697408
##1232808538587705345##
1232915319255072769
##1242394507510984705##
1242420659239759876
##1243133854057140224##
1243135282905481216
1243153518606921728
##1243648224738541571##
1243829804585148418
##1222406910789537792##
1222421509630779392
1222435209527861250
##1222594534653206532##
1222605356330881026
##1222625465799774208##
1222626026674642951
1222626929167212546
1222680502236258304
##1222777427564216321##
1222782525191393280
1222782891463204864
1222783051677208576
1222818863353602048
1222839289467158530
1222855796620431360
1222951389774610432
1223040352325701633
1223040432965398531
1223050447201718272
1223129413891579904
1223659666246393857
1223778752334913537
1228454111101759488
##1222899437191618560##
1222900034984742912
1222900228040220675
1222909853812785153
##1222943558870671360##
1222944215111479296
1222945597348630528
1222946616694407173
1222948791374032896
1222956208098701312
1222957489903136775
1222957800424452108
1222959036431261696
1222961339582291968
1222968535544147968
1222979707928567808
1222981199079124995
1222981398535057417
1222982172920946690
1222982738967453697
1222991452055199745
1222993236144402436
1223026127301758984
1223031212215820289
1223032026929999873
1223057965143527430
1223061786749890560
1223107198600933376
1223138626336366592
1223179097104252934
1223180232892567553
1223188689322500097
1223190061350518784
1223207333498642433
1223213447149752325
1223217574890102786
1223271030048919554
1223361190191038464
1223766065618001921
##1222985639773319169##
1222985682827776000
1222985684329410562
1222985725177749504
1222985772967637004
1222985842156883969
1222986342826749960
1222986570174693376
1222988684267487232
1222989868550303754
1222990721466216448
1222992217712865280
1222993945975836673
1222994993230622741
1222995381203742721
1222996003349049349
1223002775430352898
1223006825198637059
1223007977491353600
1223026829029597184
1223030911043821568
1223048471479037959
1223050434450993152
1223064609738850304
1223102495108423681
1223104202940932096
1223109885329469440
1223161623944232960
1223257495063482368
1223277957814288387
1223285078287159298
1223322581257936901
1223337260000727043
1223350696977846272
1223360339192008705
1223367989019533314
1223438809481859084
1223453792093515782
1223490321696403456
##1223003170722537472##
1223003664832516098
##1225111269214236675##
1225159921538342915
##1225132561032261633##
1225132685695291392
1225132984434593792
1225134697644285952
1225135936649871360
1225152486840983553
1225163181837910018
1225189706033500160
##1225153339639377920##
1225153903072808969
##1232248353498505216##
1232252539522994177
1232719918258323458
##1232429275166449665##
1232562304375574530
1232631449737715713
##1232998719806676992##
1232999160296693760
1233246608231403520
1233264465795338240
1233267009212878849
##1235184590169542656##
1235196572268474368
##1235522940285812736##
1235526760667770881
1235534068814671872
##1235702311659372545##
1235702833716047875
1235727659155558400
1235911438901772289
##1237405922445733888##
1239070388015038464
##1238567743277993987##
1238653952918532096
