##1225388704321110018##
1225389584349114370
1225390895975059457
1225391263328935936
1225395176274825216
1225396265401438208
1225396574693490690
1225396612366774272
1225398573359140864
1225401301275750405
1225404374945587202
1225407638999064576
1225419174270427136
1225419554895126529
1225421340741656576
1225421891332079617
1225423650872012801
1225426860022038537
1225429422968315905
1225431206113763328
1225432675793735683
1225433106238377985
1225433387437035521
1225436130528632833
1225436208634961921
1225440545616605184
1225442387163590656
1225461229101166594
1225473366901039105
1225506542922928129
1225682585390469120
1225928026694836225
1227158975965208576
1243819243206041600
##1225157090420969473##
1246826043136184320
##1242954929020362752##
1246826374989516801
##1231263825875415041##
1231264068343914496
1231264901181648896
1231282783600959488
1231299941974278144
1231325471289364480
1231335508959285248
1231393541596893190
1231423085502509058
1231578968446439424
1231830778545410048
##1235320005673316355##
1236063594040758277
##1221817604232351745##
1221817740119420929
1221818529000951809
1221821035550515208
1221829508174618625
1221837049059213313
1221837634215038978
1221837872002715650
1221844152884789250
1221844692507283461
1221848708272283649
1221853592090443777
1221866984587059208
1221868632743071744
1221871075727937536
1221871778995286018
1221874306000572419
1221885275347001344
1221900255756791808
1221908998485614592
1221923282405986306
1221925122577240065
1221927107896532992
1221930311673618433
1221931422941941766
1221945603036450816
1221951099650945026
1221977534990049281
1221991324548763659
1221992563265212422
1222027842114007040
1222161821693427715
1222168698942783488
1222177470054588416
1222262598596427776
1222377421455925248
1222400465851297792
1223143407788417024
1224681022777937920
##1223947189690478593##
1223954189770002433
##1224057993681145856##
1224058242214526976
##1224082006646104067##
1225844748633755650
##1224566916699824128##
1224567863417151490
1224571417255186432
1224596377138843648
1224613865901711361
1224659828951388165
1224797435748343812
1225855418544644098
##1224595470439342080##
1224761003562479617
##1224780566253441026##
1224791572656664577
1224793651345264640
##1225802609996382209##
1225804732779941888
##1228658790171627521##
1228659041511059456
1228659490419073029
1228660364105179136
1228660379489914881
1228660790514810882
1228661499159293952
1228662040924971009
1228662054485135362
1228662129441591296
1228662766246023170
1228662914799865856
1228664874244476929
1228665072215580672
1228667243388637184
1228667637250625536
1228668762200707074
1228669050517098502
1228672786673160193
1228673072712048640
1228673084191842305
1228673353373933568
1228673363331223552
1228675292799127552
1228679089818624001
1228682167837917184
1228683605163073536
1228684323529908225
1228688631205892096
1228691113780883456
1228697733202096132
1228701415574560768
1228702202086248450
1228704020124119043
1228713779879403522
1228720553994981377
1228721433779539969
1228721740630634498
1228722316814798849
1228722608478310400
1228725696966615042
1228734022513242112
1228737611570827266
1228739806009679874
1228740925746077697
1228752208537280512
1228759401944768513
1228777116696764416
1228781305292378114
1228796045829836800
1228810048610209792
1228880312626708481
1228886165840941056
1228887911506075649
1228915710191112192
1228915915422564354
1228948758559371264
1228962333096992768
1229395189464289280
1229427650810257410
1229549772345946113
1232641363038089216
1232894796873838597
1232974769714352130
##1228680371430199296##
1228681090438778889
1228681190326054912
1228683979257192448
1228696709020225536
1228738837163204609
1228742032539181061
1228761187346763777
1228804439345188864
1228897751095824385
1228920735055405056
##1230924655617245190##
1230926771849134081
##1230949088855822338##
1230949527705837573
1230957419343339520
1231107374234177536
##1230953598735069186##
1230955403019771905
##1232031243321171968##
1232034856529469440
1232042735651172358
##1232052567951192064##
1232071769122648065
1232079139760418817
1232248544167374851
##1232759309815156742##
1232999373208014849
##1232784513304006660##
1232786184864223233
1232787263207215110
##1232785133859725312##
1232785893548871681
1232786356339867652
1232786590562430976
1232786641292578816
1232787049108865024
1232787182626185216
1232787218487554048
1232787364323450880
1232787761071054857
1232787926175617027
1232788182380531713
1232788204266381313
1232788936902291456
1232790352928612357
1232791940300787714
1232792601184567298
1232794131673604097
1232794139093278721
1232796669365956608
1232806367947304960
1232809853699133440
1232815672452882432
1232816056835674115
1232816820752715777
1232819544642772997
1232823251199496192
1232828009645735936
1232836280729337856
1232839401690013698
1232845177947029504
1232847580146622465
1232854054423928832
1232857135903539201
1232863507667914757
1232864578050174976
1232867173577691136
1232868100414017536
1232870762064875521
1232871291767660544
1232871575696891906
1232882737998110724
1232890071331811331
1232898486682689537
1232899290730815489
1232900115158966272
1232900295824478208
1232905249674932224
1232916300420304896
1232921367332499456
1232932212355608576
1232959456889233409
1232970531793776641
1232972775935152134
1232983330515230720
1232994971483070470
1232998623081832449
1233026929705529345
1233028555136696320
1233066988332732416
1233089141920931847
1233113872241954817
1233365373740888064
1233475304229867526
1233513952899928066
1234557549871017986
1240203696929153024
1240204977504768000
1240573864863649792
1247228320481189889
1247422640828137472
1250878062021001216
1252963040473088000
1258792954094895104
1261297418202746881
##1233290199838359557##
1233297748016992258
##1233490820914982914##
1233491017007058944
1233640277694459904
1234020561359163396
1234024692215877633
##1239670546952052744##
1239671689551777794
1239675586802581505
1239676320470220800
1239680182891548672
1239991274557583362
##1240595063899652096##
1240597773864624130
##1241822974002561026##
1241823340790190086
1241823655555891202
##1242876302937464833##
1242876731293421571
1242877096420130819
1242886572246261760
1242895239116992514
1242900954384674817
1243070434171641856
1243083794913075200
1243089093208178688
1243089760396156928
1243135629933895682
1243153674211414016
##1245040716260216833##
1245040958242205696
1245055819898662913
1245056528685686788
1245062781503705095
1245329091286482947
##1232387814811107329##
1232391033352310784
##1232442564780810240##
1232447233435389954
##1233123740877303813##
1233125523347341319
1233129108575576065
1246826602593476609
##1234529856626536450##
1236064329587462144
##1235684682873872387##
1235855450651811840
##1235712226792742912##
1236063297214074885
1236063570003202048
1236064497254772737
1236154669291970562
1238889650275725312
##1235987308727488512##
1235995631514193923
##1237713465143447552##
1237822948225974272
##1237800591507836928##
1237815304157347846
##1237802775578378242##
1237802904519663617
1237803404153491457
1237808263384752128
1237836276377796614
1238049236265996289
##1237807040321466369##
1237807982416728064
1237811256951746560
1237814296173785094
1237821216557281281
1237956756376104962
##1237960267729907712##
1237989307538956288
##1238079240551235586##
1238079996788342784
1238084773429551104
1238113343119994880
1238142375177981957
1238145209848025089
1238160785643315200
1238202133041856518
1238216333340352512
1238218836245184513
##1239288514728071174##
1239301641884622849
