##1235138095474933761##
1255990245838991364
##1235364172281581574##
1235367876237889538
1235371623483662341
1235373451453403136
1235391344446590976
1235409353311694853
1235420806093713408
1235423863120461825
1235423987376828419
1235462986741026817
##1235364200509313024##
1235364347586768896
##1235228605409570818##
1235241139382427651
##1236620580834680837##
1236627186670538753
##1235228771415883777##
1235287707603079180
##1235305995074768899##
1235306781070495750
1235306834522759174
1235307059484254209
1235307553963335681
1235308323567742977
1235308498071834625
1235311147580108802
1235318228580265988
1235321140219990019
1235374699263266821
1235382225874677763
1235383643997999106
1235396236792008709
1235427747092148224
1235429547870388227
##1235307637106970625##
1235308749629394957
##1235419179785703425##
1235424590328979456
1235425957353115649
1235426598805004288
1235456638217269249
1235461446688964608
1235462956944707584
1235464280058793984
1235508014230233089
1235509878665482240
1235510169716617217
1235513034602233857
1235514494681526273
1235515174171312128
1235515296213057536
1235521372325056512
1235524214582439936
1235529725025513472
1235538913219002369
1235548328626130946
1235550394878529536
1235572902323515393
1235581789273501697
1235609261067177985
1235615535183749120
1235617186145865728
1235632750230745088
1235638922073354241
1235656314673459202
1235672439012524032
1235673338632167424
1235680319669497859
1235681728171307009
1235689094530781184
1235708416099835905
1235709229606014977
1235712176519647232
1235776084140007425
1235781627105640451
1235788989673754625
1235800854134812672
1235816757299826688
1235819076607344640
1235842562386087936
1235850624668798977
1235865153565913088
##1235315539217698818##
1235316189422858241
1235316917885431811
1235316980955127813
1235317638676574208
1235320343407013888
1235327819305148419
1235328761303793665
1235335543459897345
1235436929275043840
1235559227323600897
1235569744641765376
1235573907027111937
1235580473721511936
1235669973319782405
1235674190730100736
##1235481227416698881##
1235657930323750912
##1235137643538612224##
1235151340361396224
1235153589506641920
1235231543053950977
1235235984670953472
1235236169304150016
1235267374233915392
1235280401645686784
1235311346050363392
1235346181867401219
1235417805979189249
1235422198019559425
1235819148002734080
##1235309108225626113##
1235743319541649409
##1235661416889282565##
1235661762113892352
1235663073387655174
1235933800896618497
##1235662825730838529##
1235663274663751680
1235663535298002944
1235933782521323522
##1235306066973519873##
1235306637650427906
##1235309121240526850##
1235309265637773312
##1235229112165335048##
1235917237673959424
##1235191418563350529##
1235191523324628996
1235191903609671681
1235192240508723201
1235192513226592257
1235192709192835072
1235192862545006594
1235192883046645763
1235193097933541376
1235193260072632320
1235194063609049088
1235194085721411587
1235194179585740801
1235194182278541317
1235194304164958208
1235194644377620480
1235194925333049354
1235194952981852160
1235195475462180867
1235196028841844740
1235196110106431494
1235196111738081280
1235196311026233346
1235196356131794945
1235196422997319680
1235196524679835649
1235196589272190977
1235196601439748097
1235197045138493441
1235197780651651072
1235198118846746625
1235198639343099906
1235199204068405249
1235200816572780544
1235201797603680256
1235204386525237249
1235204528506646528
1235204550228930562
1235206114289102849
1235206649276702722
1235208020151459841
1235208589284970503
1235208692297084933
1235209003128573954
1235209017150054400
1235209036213170179
1235209871127121921
1235210245263237122
1235210438972968962
1235210602739458049
1235211027408510976
1235211581799178242
1235212022062645250
1235213185474420736
1235213581823741952
1235214589278724099
1235214705687490561
1235215926892670977
1235217635933118464
1235219460400836608
1235219563429711873
1235220311697690630
1235220782873272321
1235220896115240961
1235221145126871041
1235222057346109440
1235222106931105793
1235222573736235009
1235224247259107329
1235224417359273985
1235224661228687363
1235225294451232770
1235227289421590530
1235232597179076608
1235232751286194178
1235233090815102977
1235233370696806401
1235234955698950144
1235235271702126592
1235235724661751811
1235236280054800386
1235236467619827713
1235237101660184576
1235238035895316481
1235238690433138689
1235240829029175296
1235240952496820224
1235242792429015043
1235243034180235265
1235243338502152193
1235245462740926477
1235247823815352320
1235248914917445643
1235249831616163842
1235251560017539076
1235252544609423361
1235253238770827272
1235257182159015936
1235257675270762501
1235257975515774979
1235258318769262593
1235259949137178626
1235260207699288065
1235261117242445824
1235265304239976449
1235265976297545733
1235267035715776512
1235268171399077894
1235271597650518016
1235273316107202564
1235275436088844288
1235275498697216007
1235278202135818241
1235279542899617792
1235279597744394241
1235281938178551809
1235284120990896128
1235286275424387079
1235286395012493314
1235286591687532546
1235287049101549568
1235288472237244418
1235289086455402496
1235290143428349952
1235290292946952192
1235291839789490177
1235294494033051648
1235294849429053441
1235295193005527041
1235297195047481349
1235297345329336321
1235297564125212672
1235298840833675264
1235303160383705088
1235303805245370371
1235309846502748161
1235311051224342528
1235311951682691073
1235312302087380993
1235314001862635521
1235314460371365888
1235314998144118787
1235315932458864646
1235316197081649154
1235319872436998147
1235320727672442880
1235323853167042560
1235326008858996736
1235327159864119299
1235327294606118913
1235328774364856328
1235329791814971393
1235329840204656640
1235340261229723648
1235340326849712128
1235344644369719301
1235348426545655811
1235349326836228098
1235355250514628608
1235355511639375878
1235358181016170498
1235360259423834112
1235361144895868930
1235367849327316993
1235371932016611333
1235376195572772866
1235380525855997952
1235382593627000832
1235391614148694018
1235392722854273026
1235392920024485888
1235399832006688768
1235400234936741888
1235403410003726337
1235403466962583554
1235414122784841729
1235414416641925122
1235414491522883585
1235415109482295296
1235419080183685121
1235422998275985409
1235423455782334464
1235425269697015808
1235429788225060866
1235430831621095425
1235430918145404928
1235432730193690625
1235437507770085376
1235444365679570944
1235447822008217602
1235448327476477953
1235448540194844672
1235457300565028865
1235459412669747200
1235459514486398977
1235461228195176448
1235475426962743296
1235479661301452803
1235481880931131394
1235485922478653440
1235486218894405632
1235498024253526016
1235500086005764097
1235521814350176257
1235522425883783168
1235522526949847040
1235527626623602688
1235527975665197056
1235536062929395713
1235542836000329729
1235561266191765504
1235565786443313153
1235574615814164480
1235579555307556864
1235642306453278720
1235657688765173760
1235676145946787840
1235872083160137728
1236010843193495552
1237050847256875014
1237123224950976513
##1235040304748625921##
1235040829623980033
1235040830223552513
1235041801809154048
1235042028825829376
1235042263086125056
1235046984588972032
1235050178320588801
1235053474464690176
1235058478802030592
1235067020426661888
1235079736050749440
1235081508999712769
1235092707548082176
1235125281112944640
1235164532793847808
1235196442576392193
1235306691723436034
1235325671855075332
1235358401191972864
1235819408972320772
1255982257539559427
##1235064449293094912##
1235249714838335489
##1235218324272934912##
1235240536476454916
1235246346053001216
1235254199904014338
1235362977907437574
1235367463904215045
##1235221244338794501##
1235221382029611008
1235223063614148608
1235366291768258560
1235367001205420032
1235469416919445506
##1235288075376488450##
1235288709957906434
1235295228438949888
1235316686078775297
1235483669059362819
1255982643851808769
##1235229495340171265##
1235241036793995265
1235242010392621058
##1235342912822620161##
1235466181231947777
##1235297546437873664##
1235297681926479874
1235297910545436673
1235298166179794944
1235298633085526019
1235298672625278980
1235298724819197965
1235299083943899137
1235299425603506179
1235299771310583810
1235299900981686272
1235301377728970760
1235302758963609600
1235303288033153029
1235303485270302721
1235303828926365696
1235304440908910592
1235305464671473665
1235306927426502657
1235306958191816706
1235307065536655360
1235308161155903488
1235309265201573890
1235309942887809026
1235310483793731585
1235311848901267456
1235314809417146371
1235315328101634049
1235316739300261888
1235318387624079362
1235320840260071426
1235321104161439744
1235321254799962113
1235323479144226819
1235323723441373186
1235323784825012224
1235325557920985088
1235325608701423618
1235329184043618305
1235332287677501440
1235333105092898816
1235336594380464128
1235338700839677953
1235348061049806855
1235348230646484995
1235358011402727424
1235359879356915713
1235360959037923329
1235362054778875905
1235364952313155584
1235394302689206272
1235395247213068288
1235408213354348546
1235412423307169793
1235418073068212229
1235456062284877824
1235498255460503553
1235516607868416000
1255990955263561734
##1235297940903809025##
1235298809770651648
1235299641803108353
1235300121656651784
1235300374334058500
1235302114039074817
1235303410385244161
1235304579492974592
1235309877075087361
1235323270892748807
1235348705441656833
1235465885529358336
1235476547311669248
1235820502037364742
##1235323371891679233##
1235323609150902272
##1235347148792827907##
1235350396870283266
##1235139909024964608##
1235140740822503424
##1235162959237787648##
1235164143109492739
1235166078197694467
1235167262828617731
1235170874782863363
1235172219053060098
1235174597219307521
1235174630668808192
1235174974316519424
1235178051169857537
1235182957385715713
1235184321633243137
1235193603074465792
1235193799472754693
1235196121892433922
1235197406272159746
1235204889447411712
1235211442086907904
1235231259888160769
1235232549934419970
1235245199091290117
1235247953616437254
1235252390196105222
1235262041583218689
1235271334487379976
1235283517879341058
1235288304599412738
1235291992743170050
1235292496957263873
1235297122477625352
1235298437198942213
1235299972033269760
1235307066341953539
1235312700806361090
1235318787517358082
1235319676399505408
1235339647624019968
1235346142650654727
1235351864776052736
1235373543333953543
1235378036557705217
1235404003707514882
1235553540401176576
1235561710297264129
1235575981693456386
1235647425496444933
1236544408968970240
1237385108853678082
##1235289978047025154##
1235291091479547904
1235293179127181315
1235299855972651011
1235312956793122822
1235563998441082881
##1235301069116379142##
1235301560529321984
1235301927073832968
1235302269886881792
1235307640819011586
1235309983698432003
1235310371155644422
1235370563260030977
1235373576330625026
##1235311953486241796##
1235313080277651457
1235317855442407424
1235324258685014024
1235529603671674880
1235534525834371072
1235538978604019714
##1235324132935569409##
1235324273893441536
1235324637795569664
1235324676764766209
1235325487989362694
1235327839035174912
1235327941304815616
1235352701074051074
1235413321685151745
1235416854421573634
##1235324469012463621##
1235325014406287360
##1235429909490618369##
1235431973268549632
1235437685520687104
1235442342984683522
1235453936057925632
1235474296249520129
1235491903031959552
1237056065654665216
1255990605672521728
##1235308217485361152##
1235308578988331009
1235308856898617344
1235309008015306752
1235309171039506432
1235309471926190083
1235310023892402183
1235310517947949061
1235311121294340096
1235311470398844935
1235311591614296065
1235312295917559808
1235313167477157891
1235315201689505792
1235316948436733954
1235319016010502149
1235320735939416066
1235324420467707909
1235327891887591426
1235328279114108936
1235329888271446019
1235330021625036800
1235342043809017856
1235401324084117504
1235425107595513859
1235426670837927949
1235428637073125376
1235433889016971264
1235437193658843141
1235456219935961088
1235469058809749505
1235515456930361345
1235528858000142337
1235537151980376066
1235618881814831104
1235619575623847937
1235645023179476992
##1235310018150518786##
1235318643573035009
1235319013217112065
##1235312446346350592##
1235312564843798534
1235313066079858691
1235315852972634113
1235319600809750532
1235327335580258305
1235328020262653959
1235333638864211974
1235338826266087428
1235341317250732037
1235350553372352513
1235350950229008386
1235354992263008256
1235367886853746691
1235389224955842561
1235419403807789057
1235439289166594048
1235576470392586241
1235581081967091712
##1235327054977040384##
1235327594872131585
1235331228053778432
1235332921025802244
1235333503614627841
1235341552005853184
1235366167910498304
1236434976519921664
1237884636396548098
##1235327332430368769##
1235327830977892352
1235329190335045639
##1235379271343931394##
1235379557060001794
1235380484127014912
1235382508851802113
1235426386300612614
1235434324977164289
1235489717380136960
1235493518812033024
1235534400458125312
1235565035755364352
1235621253354065921
1235941851410182145
1236071030801776643
1236391273344491521
1237401249911275521
##1235054767828873216##
1235819896346275840
##1235138759550738432##
1255990233608400896
##1235139219363950592##
1235145565375205376
##1235143956800966656##
1235820333736681475
##1235156486659223552##
1235157154497212416
##1235160238921265153##
1235160363081043970
1255991144690921472
1256460903974912002
##1235179441724289025##
1235181074684268544
1235196153408483330
1235203342336495616
1235206131783471106
1235262872932012034
1235277666980425728
1235281067646611458
1235297381417193480
1235338965793857538
##1235194639637983237##
1235194939493011456
1235195270184476678
1235202564603498497
1235213269570375687
1235278446185586688
1235310640027381760
1235466150856794113
##1235197265922449408##
1235301183893495809
1235319686386061316
1235361765988413441
1235414349570863104
1235418051488739328
1235488783421845504
1235515950692044800
1235540947611631616
1235575962236002304
1236020690828042242
1236023504769867776
1255982905500844032
##1235209115678527488##
1235209466414600193
1235225724363116546
##1235230004990136322##
1235230044072677378
1235230555983183873
1235232456393084928
1235232527184519168
1235232778473689088
1235232871817891841
1235241700865564672
1235242814478389248
1235243397096632322
1235243688948834304
1235244344589922304
1235244700875059200
1235245747521675265
1235245967923982337
1235249560563396609
1235265036299493379
1235269390985289729
1235272617784946688
1235275080122404869
1235275434427899905
1235279899826573318
1235281042711416832
1235285135576137731
1235293023245914113
1235294942756511745
1235296706570457089
1235310491628687366
1235331181224349697
1235358713525014528
1235423678134771712
1235434260775030785
1235548421114580993
1235583276036702208
1237136370516271106
1250093952046374914
##1235231568697978881##
1235244832223883264
##1235231904754028544##
1235235780995534848
##1235234073976754176##
1235242876344336385
1235244989854224386
1235248186387816448
##1235235269974077440##
1235235760699297795
##1235235652838576128##
1235239955498233866
##1235239837256617985##
1235241112069165056
1235248797623648257
##1235243225176313857##
1235246922342035457
##1235245356511834116##
1235247716705415169
##1235252134125473793##
1235252693234573313
1235253040220909569
1235253295209476096
1235253912514461696
1235254405676617728
1235255438372990983
1235259578520080386
1235263527637651457
1235309853377212418
1235310355095736321
1235310365996732417
1235310450688094209
1235310958815440897
1235311398487494657
1235317580971335685
1235362637153816578
1235408514199109632
1235424106796986368
1235453259155779585
1235462365103022081
1235463275040604161
1235471605536559105
1235489486387253248
1235495068506697728
1235522194404491264
##1235284825273184260##
1235294743334203392
##1235298427292053504##
1235299109378109441
1235308833867694080
1235310167702593537
1235481085405851654
##1235299201094955008##
1235338642094161922
##1235299928831909888##
1235299984846786560
1235302957450747907
1235303644460920833
1235305027343876096
1235305518865973252
1235306737982468104
1235307285972496384
1235307688952827909
1235308039055577088
1235310752497643520
1235314710804869120
1235314917219225602
1235320150460715013
1235324496632057864
1235336315467681793
1235342461750464512
1235344517487824898
1235437619661676544
1235439502866317313
1235527923630825478
1235545528827592704
1235551255407271937
1235564075410550784
1235580665028018177
1235580722053877761
1235594500921339904
1235621936694276097
1235640492089421824
1235766406035189761
1235781811046842373
##1235300012889968649##
1235820019767885826
1235867403071832065
##1235300336761483270##
1235300488243023879
1235311017804083201
##1235302581557227521##
1235304009021480962
1235427307340234752
1235792851008618497
1235820495422910464
##1235303855715475459##
1235304113098887170
1235793214461947904
##1235304738796732417##
1235306560437587971
1235307113682997250
1235308150284263424
1235308452651634688
1235309090282319875
1235309947749093383
1235310341439049733
1235313921118085120
1235314758473134080
1235314944679333888
1235317293334355968
1235323332528164865
1235323644735303683
1235325904471183361
1235327538123231232
1235327745355374596
1235336323764047872
1235338523387060231
1235338606543278083
1235345621629927424
1235349926521065472
1235353529000353792
1235358657950425088
1235361353319280640
1235362768473251841
1235385879738429440
1235394334926630912
1235398010315694082
1235399524224569344
1235401867275927555
1235402817923428352
1235405931535572992
1235407663657172992
1235418881495162880
1235420230026792960
1235425032148484101
1235427965552508929
1235432974243352576
1235433859807928320
1235435969576349696
1235440393531072514
1235444392225378305
1235445623316287489
1235446227455655937
1235446256312504320
1235449289188536327
1235459262727548928
1235465402345496576
1235475557212499968
1235476149540712449
1235478105629904897
1235478173430636544
1235478323171594246
1235478608774197250
1235493857569239040
1235495152556392448
1235495747287728129
1235497544190394369
1235498187089154048
1235508926889824259
1235512034453790720
1235521852535189509
1235524735125131269
1235529055857864705
1235532843406811138
1235540384660566016
1235541539004301312
1235542491618619393
1235546518033182721
1235548171582898178
1235556879809384449
1235564249738629132
1235566719952916480
1235573292867571712
1235590593713143810
1235623014328393731
1235637475147517952
1235641716842958848
1235646416585977857
1235658309421748225
1235663045474619392
1235663382717448192
1235665495182974976
1235679632470482944
1235685398065618946
1235696196011753472
1235698189556121600
1235739269853065216
1235817351645294593
1235819371009736705
1235880377413177344
1235913414792355840
1236006681181597698
1237823060717207552
1245072230842798082
1255982111502348294
##1235305108000460800##
1235305554098171904
1235311129347358720
##1235307270927454208##
1235662299001745415
1244045120074326035
##1235308192944574465##
1235309509209448448
1235314033554837505
1235505244764811265
##1235308811113639939##
1235309587361865739
##1235309641808179203##
1235310324569583621
1235311047373991936
1235311477998972930
1235326861430919169
1235349826780499971
##1235310910488616968##
1235312790870659072
1235329529310216194
##1235310998132854788##
1235311758132350976
1235507048361521153
##1235311238961389569##
1235316004173082625
1235316264123367426
1235335276030984200
1235336802015338496
1235368527588216832
1235416786989801472
1235451642905911298
1235453697221525504
1235456186671075329
1235461975947137024
1235485975100391426
1235501764981469184
1235503761688166400
1235516888811175936
1235521639305052160
1235522666288869378
1235526839012999175
1235529996019458048
1235530294595407872
1235533876702961669
1235546134233239552
1235556110423056384
1235570309543219201
1235583820524470273
1235593255846318081
1235610105460203520
1235626101751377923
1235629389112414209
1235630257761288192
1235644361129459713
1235650056524632064
1235652164950818823
1235655670801649665
1235663444474462208
1235669454366928905
1235670113170452495
1235679719292628992
1235688412839018497
1235805220250071043
1235855130055999488
1235863461277523969
1235904255569154048
1236038600363511808
##1235311747466227715##
1235324107442577408
##1235314826131451905##
1235316860289196036
1235324148190261248
1235331801574449161
1235382803723939840
1235417752598458369
1235476789436309504
##1235315406933504000##
1235317101092581378
1235317227135684609
##1235316236709396489##
1235319287608479749
##1235320261555167236##
1235320743250006016
1235320847763636232
1235321214543028226
1235321328548425729
1235323681146101763
1235331267337555969
1235337973543075840
1235338361226899457
1235341888913395713
1235360690191376385
1235360800728068101
1235361914961776641
1235403068495335425
1235448685221138433
1235458515659042816
1235471757777047555
1235481741835546630
1235506633322754048
1235526700122992640
1235531309273006083
##1235321062646304769##
1235321993282584576
##1235324156578877444##
1235324226627948548
1235324599161757698
1235324802086440967
1235324822420418565
1235324975873130496
1235325092328075265
1235325232950530049
1235325239778840579
1235325328127598593
1235325747520253953
1235325974243348481
1235326323536605189
1235326370869370886
1235326667201142784
1235327033376468998
1235327837118386176
1235331287185059847
1235331792716124162
1235332812552704000
1235333112319676418
1235333878182793217
1235334238607728641
1235334629705555969
1235335132350951427
1235335402451501057
1235335777481101312
1235336740602294272
1235338227621531649
1235339413489627136
1235343712429002757
1235344241783697409
1235345142153912331
1235346124258582528
1235346632608288769
1235348606271578112
1235348834370408452
1235350547433168896
1235350809413431297
1235352187125084160
1235355399253037057
1235355785489715202
1235358432020107264
1235360607890821120
1235360816020455427
1235366263939047424
1235375923299594241
1235380851988467712
1235383153411448835
1235384269830225921
1235384353489694721
1235392429626441734
1235403084588867584
1235425557418033152
1235432706466631682
1235435459976630277
1235438277647372289
1235439335706685440
1235442947837083650
1235444787538350082
1235455072160505857
1235469303971024896
1235472142139043840
1235472923206524928
1235473426791399425
1235482922880126976
1235485785899626496
1235510133976899585
1235524993460695041
1235527881545089024
1235531767194554369
1235540143014019074
1235543407600087040
1235550951295025152
1235557585220222981
1235558154290724864
1235576140036575232
1235576596892749824
1235576711154196487
1235577202831511553
1235577314055987200
1235577667380011010
1235578494177996805
1235578697962254338
1235583217471827969
1235589457308459008
1235594650876096513
1235595054346952707
1235598228403470338
1235601063451004929
1235613758493515776
1235614119887241216
1235618374912180226
1235619727462010880
1235629880378830849
1235673525807128576
1235679693849804800
1235681599183876116
1235720523532972039
1235807357457719297
1235824394422775808
1235832360836288514
1235860061647331330
1235891554985836546
1236306469202489346
1236388848554426368
1237128762929614849
1241842029501571078
##1235325025542197255##
1235345798818385922
1235346021921812480
1235349932279767043
1235350808537034752
1235351335903678464
1235352459515760647
1235403627528847362
1235412476709257217
1235522925744336896
1235524754548961280
1235538756741943299
1235555398926680065
1235579257490989057
1235609944654671872
1235672320716480512
1236174401126744064
1236262053913997313
##1235332539562242048##
1235334045061521408
1235334624420728833
1235334658923139079
1235340558790520837
1235348847079165953
1235349579761176577
1235446349497278465
1235455442383405059
1235480816966225920
1235563555329437699
1235626526026207233
1235664117991485440
##1235332684353806337##
1235333006107299843
1235428421854990336
##1235339304643284992##
1235339478924963842
1235339594411003904
1235339869041430528
1235339893297090564
1235340381098778626
1235340572283539456
1235340640948543489
1235340752865161223
1235341207649366023
1235341267594289156
1235341574562877441
1235341648340668416
1235341666485186562
1235341771720269825
1235341858051706882
1235341902746181632
1235342156468019200
1235342448764899328
1235342518637785089
1235343048848166914
1235343180452818944
1235343410506215424
1235344133222518787
1235344988134920192
1235345656434356227
1235346724400529421
1235347263196626952
1235347553979424770
1235347716965838849
1235349239783395329
1235349284721131520
1235349530574544896
1235350320122867712
1235350418991001607
1235351069582032898
1235353186380193792
1235353195989397509
1235353300276518912
1235354221714853889
1235355125620846592
1235355433189224448
1235357185141547008
1235357645613264897
1235357874429272064
1235357966422937602
1235358793359376385
1235358893758431235
1235359255999414272
1235359825934118915
1235359932603654144
1235360963458748417
1235361012565659649
1235361158279958535
1235361200071991296
1235362300254654467
1235362870520688640
1235362939684651008
1235364197669761025
1235365001743020032
1235366984490991616
1235367059485310976
1235368021314715648
1235369360673382400
1235370023276994560
1235370221247979521
1235371336135999489
1235371463743393792
1235371882741936134
1235373368255315969
1235374812077453312
1235375843376902144
1235378874017624068
1235378976534581248
1235380051069239297
1235380500883267586
1235380599894007811
1235381565640912896
1235381593373642752
1235383454348587009
1235385545238499329
1235385646115667968
1235386485689454593
1235386957372575744
1235389773583433728
1235390753792278528
1235391129471852546
1235391232823701506
1235392265301848064
1235394040218243072
1235394643526848513
1235396316387147777
1235397348160925696
1235400233623916546
1235400426054455298
1235401960255361025
1235403066163302402
1235404663933022208
1235405323600629761
1235407473684643840
1235408447539159040
1235409121517506560
1235413015169728513
1235413566187909121
1235413585901367296
1235413788431486977
1235414050097463296
1235414474141532161
1235415152230412288
1235415465134108674
1235416777565376512
1235417248602427392
1235417366739275776
1235417546452541441
1235417870009540608
1235418306686922758
1235419971766845440
1235420480078741504
1235420634592706560
1235421098214375425
1235422357759684608
1235423364820451328
1235423450518482944
1235423634912669697
1235424373235945473
1235424550214438913
1235425323841474565
1235425649176621057
1235425847122759682
1235426178594410498
1235426501014753280
1235426550834577411
1235426619356930054
1235428839687364609
1235430234918227969
1235430398991011842
1235430546035150849
1235431205505585153
1235431442043342849
1235432284842586112
1235432489881153541
1235433538121539584
1235433914690396160
1235434279171239937
1235434671699263488
1235435478062518272
1235435937724678146
1235436116070854656
1235436937474961408
1235437081490489344
1235437529568104448
1235438089742544897
1235438284274380800
1235438439618826240
1235438459755679744
1235439295562944512
1235439938210074624
1235441174753595392
1235441446569881600
1235442094455521280
1235443006054035456
1235443876485160960
1235446799990755328
1235447368918511616
1235447960567271424
1235448509119098880
1235448780427755520
1235449368049790978
1235449613521321985
1235450124513370113
1235450458430492672
1235450542802919424
1235450688131514369
1235451687088697344
1235452006942162944
1235452956008419328
1235453016402268160
1235453393147224065
1235453947843710976
1235454278799708161
1235456275208704000
1235457385302495233
1235457614311575553
1235457660150935557
1235459326120054787
1235459800781201411
1235459847430254594
1235460228143108097
1235461475226943494
1235463903603286016
1235463920866996225
1235464184965591040
1235464246953234432
1235467223986319360
1235469075209482241
1235469337135366145
1235470030646710272
1235470908258648064
1235471093378494465
1235472884107292673
1235472894475546624
1235473108137582592
1235474564689387520
1235475094232850433
1235475833105592320
1235476314297176065
1235476489258196992
1235476521671786496
1235478522233270273
1235479280383152129
1235479290860523520
1235480531451641861
1235480686406098944
1235481185859629056
1235481428550471680
1235481449546969089
1235481811268120577
1235481839562702849
1235481989656043521
1235482712091303936
1235482834602799104
1235483248735772672
1235483478025699328
1235483536368549892
1235483583898439681
1235483746079555584
1235484297529905152
1235485414011449350
1235485528725864448
1235485918141825024
1235486319868104704
1235486323290460162
1235486517415612417
1235487093792444416
1235488148563488768
1235488152606904320
1235488153953132544
1235489260557529088
1235489748191285248
1235489809440935937
1235490244893593600
1235491290671747073
1235491647330422784
1235491931137773568
1235492151057887235
1235492576192589824
1235493721006919681
1235493822827835392
1235494011072180224
1235494078130933760
1235494499062857728
1235495172659654656
1235495573677133825
1235495760831135745
1235495893169836033
1235496962683740160
1235497096498876416
1235498119976153093
1235498181850468353
1235499485448429571
1235499842459308032
1235500705873567744
1235502718803947520
1235502759685783552
1235503625377665026
1235503773554008064
1235503930534170624
1235504052756246529
1235505598785032193
1235505884010340353
1235509676751458306
1235510454241431554
1235510628418281473
1235511065796063232
1235511098750767105
1235511245777731586
1235511415240372224
1235511558651826176
1235511676121817088
1235511807265120256
1235513275686825989
1235513312625840128
1235513437213429760
1235513602569678848
1235514754803937280
1235514886509248512
1235515228663635969
1235515661788557316
1235516145232273409
1235516706342256640
1235517781103104006
1235519885683326976
1235523132393283584
1235525417412460545
1235525512841187329
1235525986088820736
1235526133736751104
1235527974922989568
1235529717060599808
1235530483913629697
1235532545715924992
1235533102954446849
1235533244084469762
1235534289053184001
1235534531324784640
1235535826160947200
1235536576635187201
1235537230199955460
1235538925181186048
1235539784594075648
1235540403643920384
1235540411453550592
1235540528889905155
1235540820889133057
1235541278672039936
1235541777328803847
1235541832492253185
1235542357178793985
1235542373314093062
1235542472039821313
1235542766836310017
1235543111633420291
1235545459197792256
1235546542917980161
1235547629351849984
1235548798027542528
1235549320822259712
1235549522161307648
1235552105617911808
1235552150295584770
1235553467457912833
1235555219930517505
1235560400193761282
1235561471167393792
1235564987827073026
1235565348344205312
1235566528239751168
1235566804271063040
1235568641174917120
1235570135714238465
1235570322235174913
1235570414912303104
1235572946426630144
1235574251173736448
1235575900399456257
1235576844684050432
1235577976001085441
1235578231635484678
1235578280293646337
1235579555890556929
1235580692349796353
1235582175766077441
1235583272970792960
1235583347671347201
1235585253235924995
1235587334944493568
1235587989427773442
1235588126778802176
1235588981179342849
1235589670693752835
1235590365492756481
1235590472271368192
1235592469120598016
1235594581892198406
1235596305294073857
1235596349426593795
1235599158897188865
1235602759518318592
1235603939988590594
1235606143654866944
1235607937986580485
1235612608322887680
1235612615679840256
1235613029162770434
1235613189963907072
1235613861593702401
1235614004065730562
1235614059095044098
1235616248261730304
1235616796578889728
1235616851478163457
1235618095936311297
1235624692737888257
1235626312494198784
1235626570057781248
1235626770440900608
1235628640013938688
1235630538653757440
1235632060339023873
1235632704009449472
1235633384476610561
1235634828013420549
1235634873643216896
1235634984368693251
1235635182012522496
1235635237297754112
1235637125019627520
1235638592032169986
1235641672186421250
1235642242813104128
1235642535114088448
1235642649240993792
1235645459714228225
1235646018819104768
1235647096344150017
1235647441464184835
1235647873707986949
1235648175693840386
1235652145011179522
1235652327341797376
1235652703784665089
1235653856954142721
1235656846448431104
1235660825370730497
1235662353716457477
1235664432262303744
1235664863197880321
1235665136683282435
1235665792714371089
1235670949900333056
1235671825293561857
1235672720626585600
1235673667633377297
1235675180917284864
1235675536741068807
1235680084117385216
1235684815984193536
1235690647404679168
1235693829652721664
1235694748410826753
1235697540026249218
1235704749862686720
1235718380440686592
1235729197244518402
1235735991341760512
1235741151598129152
1235747210928717826
1235768546577301504
1235768938690220035
1235781418430722050
1235782792396582914
1235783320203661312
1235806600033488898
1235811142376685569
1235818959619764225
1235824280585175041
1235827829931040768
1235833918521131009
1235880648063270917
1235884535688159235
1235895923626123264
1235907868186021888
1235923766070239232
1235966612945149954
1235969996418936833
1235986267034324993
1235989617402417153
1235995037118255104
1236008004899737601
1236041259384483840
1236148230318174208
1236273881104736256
1236293305488506883
1236465180659322883
1236536943158099968
1237045941842194432
1238876557613191176
1262889596523872256
##1235475486786142208##
1235476114103037952
##1235480839607259136##
1235505469709578241
1235627038502989825
1235630279261392897
1235646599981719552
1235651156493377537
1235866112115363840
##1235511262244753408##
1235515501603770370
1235674306153234432
1236091789263716354
1240911370050297856
1240914650318938113
1254397950417080320
1263918222023299076
##1235589099496583168##
1235623822432391168
1235647588772327436
##1235592036511707137##
1235592268289056769
1235593443445035008
1235595623887302656
1235597645923549184
1235599774490882048
1235602842523594752
1235603937639743488
1235604705973358593
1235604876203196416
1235616480625979393
1235616658607222784
1235617954542153728
1235619176192118785
1235619927987453959
1235622323832516608
1235627730613354496
1235635564545703939
1235645551254941698
1235647020079239168
1235653652125061120
1235655448726048769
1235656459079372802
1235672564925632512
1235678398720225280
1235709716526960641
1235715417269620737
1235822025454706689
1235831171323269120
1235904318735294464
1235957131385372673
1235958964686385152
1236143654147969024
1236145492507140096
##1235652205383798786##
1235657422531944449
##1235709149553532928##
1235709875042136064
1235714267569102849
1235718177402875907
1235738770613440512
1235739238190026752
1235773756469100546
1235825413521195008
1255990761667145728
##1236020942293303297##
1236021033938886659
1236030645278838786
