##1249049577728049152##
1249050334527393796
1249050816658505728
1249051148012654597
1249051455543271424
1249052132969451520
1249054955501236224
1249059986682130433
1249060917335199749
1249063556374573058
1249065685730418688
1249084983752429569
1249696465770905600
##1249293815426568192##
1249294994550263808
1249296101875867648
1249308940615237635
1249925367630041089
##1249789267422961664##
1249806474597056512
##1249791779999711232##
1249792909643255808
1249792917331259392
##1229706321555083264##
1229708687436066817
1229711306359484419
1229715330810904576
##1248634026446946304##
1248634618531758091
1248634717823471616
1248640807483179008
1248641118004273154
1248651809826242560
1248652724436193280
1248652968573927425
1248661787710574593
1248665053143937026
1248666669897187328
1248669249079476231
1248670501389635585
1248671618307670016
1248673254513889281
1248673668638662658
1248674490764144644
1248680618294153217
1248758900985335810
##1248650400934305793##
1248650580257579008
1248651432049418243
1248654139434962944
##1248711020799016966##
1248711125392338950
1248711250856550401
1248711878236426243
1248711906883514370
1248712336808062977
1248712436003282946
1248712768909463553
1248713233554440197
1248714326913007619
1248716375708884994
1248731231434543104
1248739407621996546
1248746844273946629
##1246143588431548417##
1246143789636431873
1246143847694024706
1246143883752476674
1246143986215026688
1246144163348983808
1246144197645799426
1246144213940658177
1246144388838940674
1246144435924217856
1246144562357297153
1246144615142559748
1246144674315853827
1246144832793448449
1246144846278135808
1246145102369652739
1246145108950552579
1246145275971977216
1246145751450779649
1246145760850251777
1246145998629502978
1246146183837421569
1246146603251052547
1246146870356979718
1246146976271323136
1246147117598597122
1246147733314043904
1246147824246554631
1246148588310335488
1246148666232012800
1246149683841511424
1246149856747495424
1246150269689307137
1246150911648563201
1246151411152424962
1246152025001406466
1246152069159047176
1246152255084072962
1246152386260934657
1246152546261049344
1246152636707078144
1246153460199931908
1246154261630771204
1246154820173602816
1246155236777041921
1246155276685914117
1246155901045813248
1246155965587750912
1246157103795974146
1246157421900414976
1246158353967001600
1246159165350969345
1246159441923375108
1246159588803710977
1246159922573783043
1246160266749972481
1246160357405622272
1246160508526432258
1246160912223997959
1246161020562722816
1246161036723531781
1246161058466861056
1246161142394892294
1246162587143802882
1246163122966138882
1246163150183043074
1246164311631958018
1246164713014210567
1246166171159801857
1246167244322877441
1246168792029442049
1246168835121700864
1246169041745719300
1246169409103806465
1246169448916160514
1246170057190899714
1246170728774369280
1246171176520552455
1246171432192794625
1246173689655316480
1246174661064433676
1246174785521905665
1246176159886381058
1246176248927313920
1246176891788279809
1246177082851409926
1246177105563484160
1246177700110372864
1246177953576366082
1246178065081864195
1246178727748349954
1246178949950046214
1246179451232292867
1246180315938410507
1246181330515308544
1246181592155947013
1246182528215584770
1246182964955840513
1246183250202165254
1246183614670352385
1246185530133528581
1246186319690240004
1246186722238648322
1246187618532016132
1246188254166241281
1246189868134346763
1246190130504876034
1246190373015367681
1246190381194268674
1246191289034575874
1246191910265466880
1246191988627701765
1246193882863460352
1246195922079531010
1246198323381501956
1246198826874155009
1246198983938248704
1246200112604463105
1246202013748264960
1246203963684372480
1246205388577542150
1246207097726996480
1246207127493935104
1246207418268254209
1246208138031833088
1246208222895185921
1246209471577284611
1246209914164428803
1246210802027311107
1246210815969067008
1246211966470893568
1246213600877907969
1246216547036774404
1246217539270647809
1246218464576131072
1246218853966843910
1246219798876434435
1246220473651822592
1246220633505181697
1246221149303963649
1246227886543196160
1246228230522241026
1246232770764050432
1246233924507971584
1246234703172116482
1246238997564850179
1246241506865950722
1246243169634856960
1246264615929024512
1246265214158295046
1246265856360960000
1246266095411093504
1246270736861454337
1246271873370988547
1246276195009933312
1246278466263285760
1246278654704996358
1246278954736128001
1246293057265336320
1246298040106979332
1246300164094144517
1246301638467387392
1246301976125739008
1246302584996007938
1246306265086808064
1246310567389868033
1246311990378840065
1246314870431272960
1246325052972433411
1246327171561463810
1246328834162675713
1246333453085356039
1246333770170617858
1246339218571476993
1246345759894749185
1246346253136547840
1246346297663033345
1246346321881153536
1246346717957705728
1246346909817737217
1246349175010340864
1246353617944264704
1246364618097917954
1246369667062607873
1246371054081249281
1246371665128427520
1246371799979429888
1246372007903727616
1246372066896547841
1246372327564156930
1246373349183369217
1246373377100722176
1246378544122429440
1246392441441267714
1246395987540742144
1246396487736623106
1246396757422092288
1246401421261582344
1246407779092480001
1246407811426332672
1246408686513291267
1246410459072335874
1246411791997026306
1246417736588288001
1246432757988954115
1246447173824327681
1246462012617564166
1246462348497506307
1246462512616390656
1246464015204782080
1246464325306314752
1246465897876815879
1246484767131840513
1246493648512069634
1246497874386526208
1246503500500152321
1246517161536954368
1246546137747795977
1246558606562152450
1246579807703511040
1246843652082749440
1246911557323427840
1247130356408627200
1247228827350315010
1247636467805040641
1247978251294846977
1248008181332115457
##1246146931803504640##
1246151648180871171
##1238558516639666176##
1238558615713255426
1238558682998325250
1238558720793235456
1238559594974187523
1238561439704645632
1238562256444633090
1238563097733971968
1238564342901112832
1238564390250708997
1238566267516268546
1238566476510101504
1238567054174818304
1238573062221697027
1238574161376743430
1238577122647707653
1238594586462892033
1238605627930402817
1238651997701771264
1238654887438802945
1238658271210344448
1238661044089901056
1238698728808161282
1238699495489261568
1238909407246893057
1238923084922605570
1238931413472284672
1238931615319023616
1238937575865364480
1238947144062709760
1239079827308609537
1239132704551112704
1239155102067372032
1239207371743903749
1240675342030954506
##1248713803631677445##
1248713881939304459
1248713991389577216
1248714110965071876
1248714405761728517
1248714511378513921
1248714542131142660
1248714843001098250
1248714937519738887
1248715064804335616
1248715106969665536
1248715285013639168
1248715431130673163
1248716215985586187
1248716541627174919
1248716861145047041
1248716921668874241
1248718137836687373
1248719404617121793
1248723634446839808
1248724955472310274
1248725286851620866
1248731572729151489
1248732983869280257
1248735626708553729
1248742884205084672
1248765415972573184
1248833938581266432
1248940153202192386
1248980774197567488
##1248714910239866880##
1248930195224043521
##1245833387199193089##
1245834969110532096
1245835375156830211
1245836659725393922
1245841546592899072
1245843648216027144
1245846152110628864
1245846275028893697
1245896338052653056
1245933193624256512
##1251902683151306752##
1251902754358013953
1251902764399185925
1251902767133753345
1251902781033676800
1251902807474671617
1251902809727000578
1251902836453113863
1251902864856924165
1251902910503452673
1251902978375790594
1251902982192578560
1251903003453460482
1251903050228346884
1251903051486711809
1251903094033731587
1251903154108669955
1251903154653990915
1251903183242375172
1251903277144424448
1251903472963911681
1251903665146822656
1251903738001973249
1251903889533816835
1251903896798269442
1251904011143458816
1251904018399584258
1251904057607888897
1251904211857682432
1251904243411361792
1251904333987434498
1251904478158245889
1251904595837755395
1251904796858163206
1251905156029059083
1251905182771838979
1251905206067093506
1251905214845722627
1251905831811104769
1251905841655164930
1251905861540290562
1251905868381196292
1251906379297837057
1251906423027650565
1251906647389282304
1251906656428011522
1251906793971822597
1251907267110359041
1251907548468383744
1251907588238856192
1251907761811701760
1251908113629937666
1251908145330507776
1251908182886289408
1251908202201055234
1251908336116813824
1251908419986096128
1251908493981908997
1251908538395484162
1251908806461870081
1251909045663006721
1251909263599026177
1251909712913801217
1251910189344792576
1251910697929322498
1251910733299879938
1251910758482546689
1251910786013958145
1251911125052071937
1251911296704012288
1251911487242866690
1251911697322868736
1251911780152029185
1251912602948710400
1251913241988599809
1251913449153716230
1251913773780213766
1251914140215660553
1251914175615504385
1251914223904571394
1251914391966097408
1251914893151928326
1251915102963597317
1251915182529486848
1251915408992546816
1251916069360582659
1251916208481415169
1251916359589679110
1251916421975748609
1251916446470410240
1251917409797181443
1251917759593807872
1251919633902456834
1251920601306083328
1251920778381209602
1251920911395160064
1251920932500889601
1251921734556692483
1251922724286541824
1251922919552430080
1251924161196437506
1251924729419743237
1251925460184969218
1251926319933333507
1251927381968896000
1251929240095854595
1251929260480233475
1251931056397185024
1251931066132312064
1251931082276077570
1251931273087647748
1251934746965352451
1251935180840984576
1251936306919342085
1251936737858854912
1251937140033884162
1251939425484967938
1251939804129959936
1251944790771580929
1251945547130441729
1251945549126864896
1251948697123946496
1251950624243093505
1251953586931732480
1251962067835408393
1251963679396020224
1251967204964384773
1251969068258734087
1251969193211281408
1251969324308484097
1251969936731275267
1251974719756275714
1251976270017110016
1251976603002966021
1251977873692545033
1251979304281477122
1251979796688633859
1251981440507678723
1251983787162034184
1251985776306458625
1251989206223794178
1251992575612981248
1252005688970272768
1252008984116150272
1252013032332570625
1252035343592894466
1252039126544769026
1252049132769939457
1252068651727032320
1252070405038387200
1252097338698543105
1252106389243101184
1252111118618824704
1252117320908054529
1252169955669430272
1252170536119140352
1252186244739674114
1252201128135188480
1252204223493738503
1252244906149580802
1252525584372174849
##1255836477583474691##
1255836533342515207
1255836570348896256
1255836683704074240
1255836816562847744
1255836883332083713
1255836923588947968
1255836949480452097
1255836980505706497
1255837097925193735
1255837144465182721
1255837225226567680
1255837263197605888
1255837313202077696
1255837406319779840
1255837418453979136
1255837420634980353
1255837547156078599
1255837625556054016
1255837734889041922
1255837847799713793
1255837891311304706
1255838005782351873
1255838246426247172
1255838434020732929
1255838450135314433
1255838831573680130
1255838840524341250
1255838931624644610
1255839278409682944
1255839450145468421
1255839570102542336
1255840015176863744
1255840952360611840
1255841022573252609
1255841107361095680
1255841118865981441
1255841163778686976
1255841246813265922
1255841947568074753
1255842327395995648
1255842360099037185
1255842676961947648
1255842827193528320
1255842912597946369
1255842959624462344
1255844158113222656
1255844158113296385
1255844427253395456
1255844769487560704
1255845116725669888
1255845188158795783
1255845222526976003
1255845702485381122
1255846053817077760
1255846072578170880
1255846265000247296
1255846288849080320
1255846321170321414
1255846537663590402
1255846673403850752
1255847294454333440
1255847536956497920
1255847661904834560
1255847916486328320
1255848477491433472
1255848785881767936
1255849024923619328
1255849366641946624
1255849430688858116
1255849468148187137
1255850263476342784
1255850923034923010
1255851042782220288
1255851410089967616
1255851832557154304
1255852549791506437
1255852943787638795
1255853400417341440
1255853722791542786
1255854115856494595
1255854181690355714
1255854674441383941
1255856596950888448
1255857087093014529
1255857445513113602
1255858204195651589
1255860802411773952
1255860854257586178
1255861362493984771
1255861913826836485
1255862416459673607
1255862452585140226
1255862768474996742
1255863268800974848
1255864298037039107
1255865211585691649
1255865440540246018
1255868129500180480
1255868761682386950
1255869080546021378
1255869778071359490
1255870549210824706
1255870615325749249
1255870814857109506
1255871193397317632
1255872104148414464
1255872626632908801
1255874575755337730
1255877314975608838
1255877768996323330
1255877866853629957
1255877896507469829
1255878025129996288
1255879210008301573
1255879784862748673
1255880395704410112
1255880804196069377
1255883256215502850
1255883285651128321
1255884238114742272
1255886839862505474
1255886874398294023
1255888339657506818
1255889021718466560
1255891729422651393
1255898289343528961
1255902169854771200
1255904467628830721
1255904695178100737
1255907453952315392
1255908341722873862
1255908769629908999
1255910705896796162
1255911164023799808
1255912647754682369
1255914999526146051
1255915688390266883
1255917702587301888
1255919095163355136
1255919160527400961
1255919196116049924
1255920445108432897
1255921794055393281
1255922572287500293
1255923073045483520
1255927437311049730
1255929175925538824
1255930329824624640
1255931384641789958
1255935415581921283
1255935527158759431
1255936386198310912
1255937890066092042
1255938081150173192
1255938107733663747
1255938488110907395
1255939336631189505
1255943360646467586
1255944300703158273
1255945181918093312
1255945906056245249
1255946312694075392
1255954882386853888
1255956410237673473
1255958052555063298
1255959113621700612
1255963166179233792
1255966035800395777
1255967505329373186
1255977872830935043
1255978640824819712
1255984182213345286
1255984874378362886
1255985105090248705
1255986783160094723
1255990665772781568
1255991442482368513
1255995759520071680
1255997355553423362
1256003108640919552
1256005036758401024
1256012021759344643
1256018169111740416
1256024826743062528
1256025237885530118
1256038629769650182
1256045161265729537
1256049719236857858
1256056568606588928
1256082196051431425
1256084063095590917
1256207438300184577
1256215514478764032
1256231341336735747
1256254622731304961
1256303411726880770
1256332366479413249
1256336158822248448
1256424031529717763
1256585188060155907
1258238861265850368
##1255933274737856512##
1255933706436567042
1255935370992238593
1255935979392729091
1255938424059695109
##1229635402832711680##
1229635490229428224
1229641575438979073
1229642548852989952
1229647205658742785
1229656307076128768
1229664986156290048
1229666757998194688
1229679868322992128
1229707608015167488
1229878423482441729
1230249076354158592
##1249438892828364800##
1249441901058686976
1249442351141064704
##1249438947215912963##
1249461246006562824
##1244387231063826435##
1244387515903115264
1244390194360483840
1244391765060321281
1244399739984019456
1244455273898676225
1244456476644708352
1244456864827441155
1244586859696660481
##1251223331661021185##
1251223390800809984
1251223398497366016
1251223536754139137
1251223624155049984
1251223640382857216
1251223650201673733
1251223659123019776
1251223714995339264
1251223765205356545
1251224011725516800
1251224101341011968
1251224183515811842
1251224519790022659
1251224550735519745
1251224573707771907
1251224626266607617
1251225373817344002
1251225458940825600
1251225525420425217
1251225641585958915
1251225860675383302
1251227023974051840
1251227028172476417
1251227115133063168
1251227242807660544
1251227259396075521
1251227362819297281
1251227628041879552
1251227781628858370
1251227980560506881
1251228029432532993
1251228082834464770
1251228375160688641
1251228593121886209
1251228969841672193
1251229006470549504
1251229135491473413
1251231338423877633
1251231729328762880
1251232396638371841
1251232536912711687
1251234118207188992
1251234807834718213
1251236065396117506
1251236179611209729
1251236756982300678
1251236944375427074
1251238882361958406
1251239117951729664
1251239590280794113
1251241140843577346
1251242092812214274
1251243129509949442
1251244332851630081
1251245640501395456
1251245918860476428
1251246284293509120
1251249592907202570
1251250876964114433
1251252823767031811
1251253873228107776
1251257553553625090
1251258968531505161
1251262476550909952
1251263782334214155
1251264796844011526
1251269463300870144
1251282103087529985
1251288308828844032
1251289315327520768
1251292096952184832
1251298095947755520
1251302987865210883
1251328359285633025
1251353326526042113
1251372922947743745
1251395816302039041
1251403672724156422
1251408451051405314
1251413109685829633
1251413407783440385
1251413634225516547
1251452874753740800
1251497042444201985
1251501276787023873
1251502096605753352
1251536641711378433
1251590556742037504
1251590656172187649
##1251267759306145792##
1251281521543127041
##1251616304609611781##
1251616363652812801
1251617298315653120
1251788815020298240
##1248717181963165699##
1248717598788857862
1248718057633169411
1248718521758027776
1248719251755732992
1248723302740365314
1248727874502365185
1248740070418460674
1248788501715443714
1248788626823053312
1248813921756164097
1248826298132312064
1248902759191064578
1248950362985414656
1248980012759502851
1249012262972645380
1249012411790766081
1249012742578716673
1249013844854349825
1249013882217213952
1249014192717398017
1249016206893494272
1249026170894659589
1249037552763506693
1249039859186053121
1249041218568364032
1249128021405110272
1249159969213222913
1249164548504014848
1249182114916040705
1249295621439336448
##1248717184202878976##
1248717390059364352
1248717400234700801
1248717506686210051
1248717537375916034
1248717545718366208
1248717582796050440
1248717642300612610
1248717663976620033
1248717669328707586
1248717672121905152
1248717680502173696
1248717694183993344
1248717707542851585
1248717715742707712
1248717763507560449
1248717937852194818
1248718004440965121
1248718022921129988
1248718028725989379
1248718048686755841
1248718150503407620
1248718203653705732
1248718411514941445
1248718468230283266
1248718735042584577
1248718791212773377
1248718915359969282
1248718962470387714
1248719137939038211
1248719194725576705
1248719414758912000
1248719606581039104
1248719808201457664
1248719816187416577
1248720040192507912
1248720592892833796
1248720802184388621
1248720964608811010
1248721068132577282
1248721089196425219
1248721429778051078
1248721533868048384
1248721743591636997
1248721905273749505
1248722094021660675
1248722345281421314
1248722666762186753
1248722945742180358
1248723644819353600
1248723676297596928
1248723812507672577
1248723866899415040
1248724061888417792
1248724300145799168
1248724462247317506
1248724859758301186
1248725059675488256
1248725519476146176
1248725539038334982
1248725581895696386
1248725896732782592
1248726065536794626
1248726595600371712
1248726905899094020
1248730451734388736
1248730602355986444
1248730999837597697
1248731009606189060
1248732654394134531
1248733026323922950
1248733604508774405
1248734496565977088
1248734920232652810
1248735563827511297
1248736635619094529
1248737530159288320
1248739756139216896
1248742567254142976
1248747424195186688
1248749550682210304
1248749783377944581
1248750980394635264
1248754593770725383
1248754707990040576
1248759694296002561
1248763742109806593
1248764845010358273
1248765341402050560
1248773310059614208
1248776528537714691
1248791144496009219
1248803071653789701
1248804681754836993
1248845637036249088
1248852055378313217
1248852935070691328
1248862736941023232
1248881092905574400
1248883833010872320
1248885338510065664
1248886487472582656
1248886912032673793
1248887433166495745
1248889484307038213
1248891584084692992
1248891727311765504
1248895762437718016
1248895877923713025
1248896484269006848
1248897195170029569
1248898571870646272
1248899095965700098
1248899318192443392
1248906986030354437
1248910371823460352
1248912973747421185
1248912990830768129
1248913906170462209
1248915205121245184
1248916624268242947
1248916822159765504
1248923785945808903
1248923968456790016
1248940575312744449
1248946908644757505
1248950855849652236
1248951830744313857
1248952323893800961
1248962509035524097
1248964377916641282
1248972800305627143
1248981563200675840
1249130344730841089
1249736776400293889
##1249449318999875590##
1249449927358459904
1249483832790835201
##1255995170069319684##
1255995277695168512
1255995491470512130
1255995523070341120
1257354502862254081
##1251478855942115328##
1251478956492103680
1251479018374926336
1251479021860401159
1251479084435202048
1251479101405356034
1251479225309290502
1251479305491828736
1251479320620601344
1251479348164648960
1251479370025271297
1251479371157835777
1251479384671862784
1251479434466639873
1251479504834498560
1251479537411645441
1251479558018260994
1251479592059240448
1251479644085407744
1251479652188721154
1251479687735410688
1251479724741836803
1251479786997919744
1251479906602672128
1251479912785022976
1251479944179462145
1251479986579652613
1251480072776753152
1251480094159355904
1251480112169697281
1251480149746483202
1251480174622904321
1251480195325988865
1251480285897687040
1251480467515363328
1251480578001641474
1251480626068406274
1251480626819194880
1251480627989352448
1251480691658960897
1251480839550009344
1251480863424106497
1251480898412961792
1251480907707490304
1251480938514657280
1251481079720091649
1251481154097725446
1251481171265028096
1251481172141621248
1251481208510394368
1251481303964360705
1251481419886596096
1251481531299790848
1251481573750341633
1251481626485424128
1251481670517231616
1251481675709779968
1251481707993325570
1251481744135598080
1251481917901475841
1251481945067982849
1251481957927657477
1251481961283178496
1251481982183366656
1251482004274720768
1251482154124574721
1251482183530840064
1251482190388568067
1251482595478700032
1251482638084382721
1251482734570192898
1251482753801084928
1251482821501353984
1251482830804332549
1251482946395148288
1251482986660454401
1251483116218220545
1251483171352465408
1251483186271584256
1251483189132099585
1251483205502406656
1251483239409221632
1251483376810426369
1251483428542873601
1251483597590220802
1251483630272221184
1251483685284728832
1251483959499927553
1251484638364786688
1251484752651132930
1251484898004787202
1251485100610551808
1251485376214183937
1251485998757941248
1251486010967457792
1251486310633746433
1251486709390422018
1251486888478810113
1251486930732228609
1251486954476244994
1251486984197091328
1251487031592706048
1251487189080342530
1251487316511768578
1251487458786709504
1251487545227128832
1251487683874095106
1251487726580502528
1251487808734330880
1251487822143512577
1251487850346033153
1251487890527391744
1251488548424998912
1251488701097664514
1251488712241840129
1251488913706881029
1251489161015709697
1251489484677550083
1251489791847399424
1251490208534724608
1251490432615407619
1251490651348381696
1251490758785409026
1251491350853365760
1251491393438134272
1251491991852064769
1251492020570542080
1251492087196979205
1251492222765334529
1251492403040616448
1251492427715817472
1251492709556240384
1251493347161772034
1251494297553326080
1251494533872996353
1251494721245122562
1251494725850447873
1251494807962374144
1251495240730587137
1251495370330386433
1251495429528838145
1251496150819053568
1251496436920918016
1251496779608137730
1251496825389043712
1251497156801966083
1251497159817650177
1251497576244940800
1251497720134676485
1251497763336060931
1251497876905222144
1251498113975582720
1251499032272343040
1251499078078382081
1251500306204106752
1251500822258745345
1251500836632625160
1251501439278624770
1251502081804025859
1251502103362666496
1251503699182137344
1251505012985016322
1251505874260111365
1251506636373610497
1251506668342579206
1251506725447962625
1251507607149428738
1251508111367700480
1251508276350595074
1251510284335960071
1251510306406305793
1251510979852206080
1251511238535909377
1251512642155536384
1251512870711504897
1251513898601189384
1251515659877482496
1251515791763218432
1251516483714330625
1251519204844544001
1251521506934472705
1251521966164652033
1251524614381015044
1251525168373149699
1251526895285436416
1251531266907951104
1251532192737607684
1251533368824664069
1251540571342192653
1251540597938192386
1251543257303191553
1251544175675351041
1251544630262407174
1251544677775339520
1251544811527684096
1251545135420067841
1251546590235549697
1251550972364697602
1251551095891144706
1251552385547280386
1251553152773611520
1251553165301944326
1251553706035892226
1251553761643855874
1251554049582870528
1251558420181856256
1251561510452834305
1251564002502639620
1251564810216620037
1251566699788283904
1251573006050230272
1251583758156824577
1251584345824997387
1251588286579191811
1251588352484270080
1251588687810494465
1251589647135920133
1251590112141619207
1251597029253537793
1251597119275835392
1251599213370249216
1251606448838238209
1251606914754121728
1251610137963479041
1251614336109379587
1251614871663316993
1251615942137741312
1251617880342495235
1251619732085760000
1251621642645766147
1251622244025020416
1251622681876758529
1251624302140678151
1251624900307177474
1251626548211449857
1251627666005950465
1251628178533203968
1251632879345549323
1251638432931160067
1251641783907487745
1251646745001549827
1251660858104729608
1251669475046408196
1251691490134372358
1251758141206921218
1251769913020223489
1251775399970865153
1251788553580949505
1251791214833262593
1251811519211409408
1251829149389463552
1251843794670059525
1251844169166917632
1251867257434710016
1251895919504764928
1251931465677504513
1252346680818597888
1252879312002224128
1256031347220656133
1256267456051634177
1257985343049121793
##1251479946213691392##
1251480020381569025
##1234513972193300481##
1234514527326175232
1234514746579279873
1234517343868420096
1234518202220236804
1234519187697041410
1234526833443581959
1234528099007639553
1234531947176714241
1234541829678338049
1234548620868947968
1234562372473413637
1234572041719820288
1234615589957722113
1234627239230263296
1234632350006423554
1234833877060980736
##1245034212970967040##
1245034551363207177
1245035252856340487
1245035811416035328
1245036625802997766
1245037407021543430
1245050792152903683
##1228223600219475969##
1228224056245178369
1228227617720958982
1228264139816153088
1228270510196305921
##1228291548053299201##
1228292028276133890
1228292051533475842
1228292291368013824
1228292394967355393
1228292821515456513
1228293006614286336
1228293172956147712
1228296197586268161
1228300127657496577
1228300489462296579
1228300842601762818
1228303379354542080
1228304761277100034
1228308029000605703
1228320266083799045
1228328741320953856
1228336538993471488
1228349883553370112
1228377700500410369
1228427845355102208
1228555296798277633
1229774048445554689
##1228570830809989120##
1228571292045074432
1228571355987218433
1228573931382157313
1228577127227850753
1230095093538918401
##1228601087684423680##
1228601798010834945
1228603060152303616
1228609098976878592
1228609999594758144
1228616073215430656
1228627652107538434
1228669953408163844
1228865571174875137
1229044736683626497
1232133825280512000
##1228972301628190721##
1228972592108900354
1228972900146991104
1228973547609116672
1228991276080652289
1228997486079074307
##1229031127567847425##
1229031410905833478
1229031749855973376
1229043223550660609
1229048851954356224
1229053235383672833
1229066271892942850
1229093346951540737
1229101521259966466
1229276022408908801
##1230081826468900865##
1230083135561519104
1230083183393361920
1230128095249694720
##1230540611503185921##
1230540884418191361
1230593683839442949
##1231222055892332545##
1231234117204926465
1231239371011043328
1231240204670918666
1231255080311173120
1231265132577198080
1231441436224172033
1231519922368454656
##1233356776571113473##
1233494828266160128
##1233452226183663617##
1233453629744525312
1233454314582151170
1233454401911697422
1233454844465250312
1233458313880391681
1233462853451079684
1233465067380920322
1233473209879744514
1233481403725221888
1233567164310921218
1233739435688316929
##1242934282668171265##
1242939203509460992
1242966368200335361
1242987357919477763
1243032345785090048
1243274364713304066
1243275147412475909
##1243258417839575050##
1243271505837948929
1243459504878034951
##1243313100046155778##
1243876269789515776
##1243634389000609796##
1243638668251799553
1243641459527618563
1243698182242041856
1244556147044032512
##1243637338275827713##
1243637726194384896
1243639259547959296
1243640719937503232
1243649632980348928
1243651128832770049
1243658478167691267
1243663682871181313
1243669316131790849
1243675851872522245
1243682084629053440
1243726960158748672
1243729816240742400
1243968721351249920
1244012925981020161
##1244382485678567427##
1244383664747753477
1244387580235468804
##1244382541815205889##
1244387980082626563
1244792549631496192
##1244382546982559745##
1244582275649601536
##1244384182333247488##
1244387955139137538
1244389783419457536
1244398997013495809
1244400331385176067
1244459397142786053
1244513158213099520
##1244385242296836097##
1244400336284127232
1244413929553567744
1244517480942505984
##1244386689163972608##
1244386822412787714
1244389949790728194
1244390823275438085
1244395772600336384
1244395921259008000
1244397657843531776
1244413201489379328
1244414587618852865
1244415284544442368
1244418679632056320
1244423292502540288
1244435442646372352
1244450566828417027
1244460187894890496
1244466896629628933
1244467891203911680
1244473586691321859
1244477736095285248
1244478193211518981
1244511666420830209
1244519879480414208
1244540959095959553
1244542813603336192
1244547511295053826
1244549080463937536
1244580504193638400
1244600426936352768
1244610249157419008
1244611627560951810
1244612195280990208
1244652239983181824
1244674374361329665
1244685975319728128
##1244402462846410752##
1244407209099964416
##1244589895949127680##
1244592041604132864
1244608437700440064
1244617849815158787
1244670928866459651
##1244716025326772226##
1244716306202537984
1244716419549405193
1244718263243870209
1244721580900528128
1244722853699878912
1244730764048162822
1244819821780332546
1244819839237140480
1244820303068442624
1244821198720073728
1244821372477624326
1244821746890477572
1244825421654495233
1244834588951707650
1244880341401288704
1244903927243472897
##1244746466658304004##
1244747018922328064
1244748510060257286
1244749423000911873
1244749935133818886
1244750224448532480
1244761889462239243
1244764610382700545
1244765304477147138
1244780899406839809
1244794763783569409
1244795344879333376
1244813211951644673
1244879643838222336
1244995513033900033
##1245461120556634119##
1245464627309416448
1245513347153477632
1245622768562929665
##1245816774647521280##
1245817097709588483
1261846011892334592
##1245835902078734343##
1245836166848335882
1245836269827080193
1245836504531943426
1245836690436108293
1245837176052559873
1245837832297558016
1245838466774073347
1245838794307162112
1245839337922523139
1245839357501681667
1245840469365383169
1245841512794959873
1245844091214028805
1245845381428031488
1245864989186904064
1245896147283193861
1245907633212719104
##1245850603508494338##
1246861411906654208
##1246177338850717696##
1246256586256977920
##1246192177345990656##
1246256545140297728
1248840403526340608
1248857134604980224
##1246203266121244672##
1246203482828410884
1246203923058298883
1246204540782813184
1246206785310072838
1246211096811372549
1246214450182586370
1246216089446551553
1246222867483721729
1246434268110340096
##1246208990763192320##
1246221023277715459
1246256438097428480
##1246214397711618048##
1246214868849569793
##1246460591100833792##
1246462382488068097
1246520190608818177
1246539892169084928
1247092197914181639
##1246480397313196037##
1246481455582248960
1246483409100300289
1246488611513610242
##1246802224405262337##
1246805697133715459
1246807518539591686
1246812415930613767
1246813481757704192
1246824102607892480
1246826049712918530
1246833246807240706
1246847266352218113
1246853474098335745
1246897003763826689
1246920377995079681
1247018172491890689
##1247152939506053120##
1247153106787295232
1247153182548955137
1247153415337267200
1247153480625803265
1247153531502489601
1247153587676995585
1247153733903044608
1247153795609563137
1247153839054127104
1247153936387145729
1247154092935278593
1247154150502064129
1247154162648993792
1247154166880862214
1247154181057593345
1247154533844697095
1247154854314852358
1247155464145530883
1247155518591758342
1247156027838976003
1247157202348953600
1247157957789462528
1247158169962344449
1247158913327198208
1247159139350056961
1247159516627480579
1247162589592735745
1247162834913558528
1247163177743204354
1247165012910714880
1247169296167559168
1247171577524957196
1247172244217958402
1247173645761470466
1247174131696705536
1247175297717370880
1247176185752227849
1247178787030269959
1247184839775748097
1247185288079773702
1247186914119122945
1247187297965047813
1247189856977027073
1247191363382382593
1247199973168603137
1247211355540721665
1247211998099759106
1247213437232562177
1247215405078327297
1247215860172939272
1247216588123668481
1247216950977212418
1247217175959605248
1247217185702977538
1247218259939733505
1247220369431212032
1247236189112934407
1247238407773925380
1247244485559549953
1247244529960443906
1247250808657371136
1247269711383080961
1247294182953189377
1247298294243627009
1247301104007892997
1247303356890087424
1247304594163720194
1247324292267880455
1247337172715425792
1247377903882559494
1247407753787781120
1247415164783165441
1247438976425828352
1247439758923530240
1247451035360247809
1247485269298892802
1247506456963944449
1247516448542490624
1247527077915398144
1247638132855537674
1247865627425021954
1247986124636766210
1248077320155512832
1248200928118931462
1248553878288764928
1248554234603343873
1248555744485691392
1248558661460467712
1248560181610450945
1248589842788888577
1248634254977839116
1249305170468573185
##1247216129522765825##
1247216399434604546
1247216521304301568
1247216650765680643
1247216709544693766
1247217176513261569
1247217270025334785
1247218778292830209
1247218792570159108
1247220337755983874
1247221890218950656
1247222652093243399
1247225642040647690
1247226153070452737
1247226847508733952
1247229930464776192
1247232526621556736
1247234344621654018
1247234755940225026
1247241092426280961
1247249739554402305
1247250007767552000
1247273396989288448
1247274375981776905
1247293315906707457
1247363929430515715
1247364478498418691
1247383440300834818
##1247240870375624707##
1247241422702546946
##1247301839982407681##
1247302071826690061
1247302083637895178
1247302150239199238
1247302164327825408
1247302267767869442
1247302305768226819
1247302414241345536
1247302562803527682
1247302564552507399
1247302581896036359
1247302670848643073
1247302678943801345
1247302740130349062
1247302743678767106
1247302785567199234
1247302795868418048
1247303123959496705
1247303173167087618
1247303248618323968
1247303374762053633
1247303652072660992
1247303694732967938
1247304104927465473
1247304131783655424
1247304215195762694
1247305370235797510
1247305397557436416
1247305642433490944
1247306577373278208
1247306850975924224
1247307043117174792
1247307205419941888
1247307769084084225
1247307942774411265
1247308491250958339
1247308552034811904
1247309214927724550
1247309528363945986
1247312427986948099
1247312453224009730
1247312470336831489
1247312564066963457
1247315772080304129
1247316980991963142
1247319653464113152
1247322296659914758
1247324356461592576
1247326370306408449
1247329953278017536
1247332449362870272
1247335823525150721
1247336607578980353
1247340913464152072
1247341987709280257
1247346799121256448
1247348481775357952
1247348497856237573
1247350804954185728
1247354094676836352
1247355385767505926
1247358454500655104
1247365267321245699
1247366955759218688
1247366993826766848
1247372014391885824
1247374472056840192
1247376921123586049
1247378863090434053
1247381683550203905
1247389672877297665
1247390023193899010
1247391490487324674
1247397660367228937
1247398864707096576
1247400641976307712
1247403008364818435
1247405871736541186
1247406114972598273
1247417340435857408
1247421147702087680
1247432188687196160
1247434831212032003
1247436457796648963
1247440813874917376
1247447446206251010
1247448977399853059
1247451154008735745
1247476381174435840
1247478044752781312
1247479485672361986
1247479666564366336
1247479850945912833
1247480703597654016
1247481161225568257
1247481189939712002
1247483150399406087
1247483609168195584
1247485746019270657
1247487244979625989
1247527432174755842
1247533899057487872
1247543689431244800
1247571987544838144
1247576906008010763
1247581470279024641
1247630098414678016
1247676776379228162
1247877279381778439
1247971544221069312
1248005463871897601
1248076975572496385
1248530174284611585
1250163050507841536
1253799187679981582
##1247473780676591616##
1247473891779502080
1247485097164627970
1247513294073667584
1247722798509891585
##1247621934474395648##
1247628858217639936
##1247627506074648576##
1247627560969699328
1247627560978190336
1247627707468468225
1247627737214435329
1247627898565152769
1247627959818739712
1247628007893852170
1247628035345481734
1247628036918263808
1247628059232133127
1247628341559132160
1247628356880871424
1247628496526028801
1247628504512049153
1247628524598571010
1247628588163137541
1247629189366382595
1247629268496142337
1247629308362985472
1247629450394697730
1247629494594215936
1247629600206860289
1247629645660532742
1247629646436478978
1247630050909798400
1247630074192551941
1247630156170252293
1247630541073113089
1247630580977672194
1247630621888872448
1247631043546484743
1247631900014972930
1247631904440029184
1247634014028120066
1247634720260841472
1247635209476026371
1247635633507569665
1247636321604177922
1247637437934952448
1247639067120066561
1247639436445220864
1247641360083177476
1247643175629586435
1247644094802857985
1247644415419723786
1247644500928991232
1247645936710496256
1247646970996576257
1247648478093889538
1247649691648643078
1247650622729605120
1247651402610102273
1247654732228898829
1247654944045445127
1247655150422044674
1247663705032196096
1247670234053578752
1247671624662482945
1247677206098259969
1247682772107431936
1247687598245584896
1247689486940680193
1247691991116394496
1247701959483801600
1247704659898310656
1247715970245853187
1247717835620704257
1247734051579936768
1247811414967947265
1247812757673644033
1247814942151135233
1247836595933364225
1247928550033948674
1247937520899407874
1247960454078529536
1252655438950289414
##1247667947851730944##
1247691102553100288
##1247852939902885894##
1247853152562446336
1247853529332625408
1247853653362388992
1247853802872549376
1247853996716498949
1247853999421894658
1247854198043090944
1247854310895083521
1247854655847178241
1247854819890483200
1247855386947919875
1247855428236726284
1247855475934232577
1247855704460984321
1247855824527130625
1247856010137669632
1247856051510284289
1247856145689128961
1247856197052571651
1247856236487495681
1247857615226515456
1247857753902776322
1247857862543581186
1247858041699139585
1247858748783239169
1247858762708385792
1247860077509443589
1247860285093957634
1247860341796675586
1247861452540719104
1247861538897215489
1247862500206534658
1247863430054379520
1247863677316890626
1247863828563611649
1247866080162459651
1247866595814322181
1247866635941302272
1247866892934660096
1247868933958443015
1247869058340524037
1247871037125074944
1247871618648543236
1247872291133952000
1247872947425083392
1247874022001512448
1247874063025999880
1247874367163424768
1247874374012723201
1247875175900680192
1247876195930103809
1247876209750532097
1247876337957777408
1247876368383315968
1247876496284430336
1247878873095630848
1247879077559709696
1247879511787458561
1247882051644280832
1247882342770675714
1247882645863686147
1247883132965130240
1247884320699637760
1247884351867506691
1247884737613455360
1247886089315962886
1247887863577890824
1247888680657620994
1247888993099739139
1247890126522298368
1247890579507171328
1247891263161950216
1247892554281975813
1247893171532529671
1247901408222777345
1247902414176268298
1247902850803331073
1247905089039159299
1247905174498107401
1247907354022154240
1247910662547922945
1247911902338039815
1247912922124357636
1247913168124416002
1247913240069316608
1247914591834845184
1247915430309695493
1247917584898539524
1247918040903290880
1247919684323852289
1247919696277635072
1247921978037751808
1247923116615008256
1247923119127494657
1247923739179634688
1247927039073505281
1247932729607495681
1247933921649668100
1247939389289889796
1247939606793814017
1247940697900097542
1247941293185077250
1247941350286340097
1247941671779741697
1247941853317660674
1247945717622194184
1247945873994194945
1247946673919275009
1247946930484895745
1247947791500021760
1247947815814418432
1247952893170286602
1247953118022766592
1247954032901140481
1247956499403550720
1247957045501976577
1247957102880063493
1247957936258920450
1247958212671913985
1247958357828407297
1247960713789943815
1247961713774911488
1247962089274179584
1247963128199032833
1247967337602584576
1247968795693592578
1247970568726548481
1247970708556218373
1247970720732401669
1247973051452571649
1247973907585531910
1247974040070955008
1247975466138587139
1247981304752332800
1247983635711606789
1247985372388360192
1247986614367932416
1247989972138971138
1247990008910426113
1247990016149782529
1247995116511531010
1247995780968976384
1247995934341918721
1247996865083330560
1247997866502541312
1248000513435561986
1248002813759807489
1248003835009716225
1248013670476419073
1248014082604580864
1248014272765935616
1248016174417203200
1248017516531601409
1248018609185501185
1248020355584651264
1248023091483197448
1248023423290400770
1248024756718383108
1248027908343554053
1248030191743635456
1248042717617283082
1248046913691230209
1248049198592860160
1248061468286816261
1248062308837928961
1248065060573974528
1248066221582561280
1248066922991804416
1248073181166030849
1248090958761205760
1248140434209148928
1248153469049077760
1248161404366073856
1248163639376384000
1248184714848067585
1248187051557732353
1248189190715478018
1248193721696505857
1248201239487266816
1248205664108924929
1248219772338212867
1248238493857468417
1248315212056461312
1248596540534534144
1248642135710142464
1248665747372617731
1248842709474910210
1249722284010606592
1256256984174690306
##1247890854674489346##
1247891124699578372
1247891348142743558
1247891415876550656
1247891537037373440
1247891553231597572
1247891888306151425
1247894473654194179
1247895806876635139
1247896295177506818
1247896778587779080
1247900743928958984
1247905205217366016
1247906335863300096
1247915013408505859
1247917209164189701
1247966960454942720
1248026818940198913
1248121289270796289
1248158649807183873
1248164919553544192
1248182303504961536
1248225711984447488
1248270018036543491
1249766728772567040
##1247892262786228224##
1247892438997299202
1247896850088116236
##1248027285153886208##
1248027642940534790
1248031375493599233
1248031432456441861
1248078992441212928
##1248131065371377666##
1248132340943118337
1248166400855814144
1248174607191982080
1248176157356257280
1248177142032150529
1248179750499221504
1248181936230551552
1248260582865874944
1248261968785551361
1248268027386376194
1248268418501038080
1248279142518460422
1248284225817776128
1248300994603225093
1248320388637044736
1248336241017446401
1249004878443225090
1249493785970606083
##1248186846812811264##
1248187438528450562
1248187826132398081
1248189067323416576
1248189504919306240
1248189776173375488
1248191664977575937
1248196894553186304
1248198674477432834
1248199433327648768
1248211643139600384
1248211977866018816
1248212168765472768
1248225620401807360
1248248823928909824
1248261833959657479
1248262721285603329
1248273371260993536
1248283992379535361
1248346065042014209
1248346584062005253
1248408697069428736
1248557331937406976
1248997237969039360
##1248258761883627522##
1248268157493678086
1248282852254498822
##1248348864131805189##
1248349301090197506
1248349394698723328
1248349518665584653
1248349687192547328
1248349825713737728
1248349991296532482
1248350181789229063
1248350331060314113
1248352018139353089
1248352020530151424
1248352621653565443
1248352678213795845
1248355765900980226
1248355845966004228
1248370718078885888
1248379877209690114
1248427309276659713
1248622933636874242
1248711967566696449
1248712037972217864
1248713417747238914
1248715073125855232
1248716784146014216
1248717586474377217
1248718826247802881
1248728674792333316
1248733268469583880
1248916526109020160
##1248381977243160578##
1248382015692369920
1248639521106821120
##1248627562382647297##
1248629908139577346
1248632532599541761
1248673308905742343
##1248628600368070662##
1248630056013967361
##1248630673772105728##
1248651566904737793
1248867679341031424
##1248630675223138304##
1248632458683330560
##1248631371741966336##
1248632949777498114
##1248631758557413378##
1248659623952998401
##1248634144223043586##
1248634248485130240
1248634605760102402
1248635162327429122
1248635366204203011
1248635805230338048
1248653268982607873
1248658167875190790
1248666501558779904
1248682679652024321
1248684394157654023
1248684664564469761
1248686462679363585
1248704055746191361
1248705473135730690
1248737851182854157
1248808891133169665
1248823486690349057
1248858191758229504
1249093134954500098
1249096779871727616
1249097881279172616
##1248634512386469889##
1248635240437907457
1248635587126493186
1248725521367732224
##1248634547820023808##
1248634598646521857
1248634668473294848
1248634676949983234
1248634711129436160
1248634728846168065
1248634762350268417
1248634777160355847
1248634820235874305
1248634829073235977
1248634889982873601
1248634905061457923
1248634937143693328
1248634982605651969
1248635421149536256
1248635803393232896
1248636952448045057
1248652889796550656
1248661528804540417
1248665939693928450
1248693973520171013
1248907057593561088
1248907382547251202
1248910138582302720
1250134959857242113
##1248635359845638144##
1248636204884602880
1248636782209622017
1248636987105517573
##1248636905341759491##
1248645608178683905
1248666208951504898
1248708763994947588
1248716475155787778
1248746604242362370
1248746849982390273
1248972050091462657
##1248639767807438849##
1248639972032368641
##1248641689272692742##
1248642598367100932
1248642938697064449
1248647294553067520
1248651611616030720
1248656715689734144
1248664608078016512
##1248643741671399425##
1248645020531535878
1248645517678174215
##1248643898643296256##
1248644029711089665
1248646401497665539
##1248650048977752064##
1248659661370294272
1250135962694402048
##1248651183885082629##
1248660422129041410
##1248651286658113536##
1248734837588078595
1248737187644018694
1248844044496703489
##1248660041391104002##
1248660970098110466
##1248669034654162949##
1248669377056120832
1248669577157935112
1248669786638372866
1248671400426176512
1248674659312246784
1248702158595411970
1248710184035405824
##1248672833909280776##
1248673830824030214
##1248706147063861251##
1248888584800817154
1248948094496096256
1249013215369011206
##1248712389031333888##
1248715541625409536
1248719101335408640
1248730058035990531
1248744642365046784
##1248717389128011776##
1248717463661019136
1248717567419654153
1248717614366502913
1248718055422787588
1248718980438728705
1248719066434592773
1248720420452413442
1248722605286326272
1248723181302579200
1248723942199738368
1248733411138830336
1248737402144907272
1248741842629386246
1248819513472188416
1248836189370454016
1248857520233480194
1248984708404346886
##1248717446372081666##
1248717698160300033
1248722231989022721
1248722308983861248
##1248748252612169729##
1248753614522368003
1248932603752841216
1248936387811905536
1248972062556852224
##1248750726181863424##
1248761259572559877
1248763956610678788
1248767675863642112
1248926897225990144
##1248751742327623682##
1248758680201428994
1248773745486987265
##1248751901702868994##
1248761150940086272
##1248753232668696577##
1248842121488011264
##1248780250441547779##
1248851016650547201
1250786878468620288
1251600882409648133
##1248963346742853632##
1248963869046984704
1249006567967592448
1250134922972614657
##1248969666040561664##
1248970718315982848
##1248978296894783488##
1248978533965275138
1248979324469993472
1248980747924508674
1248980901083652098
1248980978749640704
1248981926939164672
1248988720738570241
1248990523517435906
1248990865965621255
1249013384592404480
1249018867055300612
1249090854138019842
##1248980185241747458##
1248980878921007104
1248984474832048128
1248991386977873921
1249005471568220161
##1248986894605713408##
1248987465551134723
1248991500509249537
1249012161143279619
1249014174551769088
1249016537119371264
1249016538839109632
1249016539233300480
1249016539497496577
1249016539929620482
1249016542777552896
1249016543998074880
1249016547034701827
1249016548427210752
1249016549551325184
1249016550184583169
1249016550243348481
1249016550650249218
1249016550994128897
1249016551170342913
1249016552646639617
1249016553036746753
1249016553569431558
1249016555997925377
1249016560838205442
1249016567297462272
1249016571038703618
1249016577472806912
1249016577854517248
1249016579326652416
1249016581801336837
1249016587442675716
1249016593474105349
1249016599593484290
1249016601866887168
1249016602609233921
1249016603259351041
1249016604043685888
1249016608175149061
1249016610955972608
1249016621013893120
1249016629222150145
1249016630761394176
1249016661090471939
1249016661744771072
1249016679323049984
1249016690249207812
1249016702479843328
1249016707731128321
1249016713926115330
1249016730380369920
1249016733916110850
1249016767139192834
1249016781211131905
1249016786827317248
1249016804405653510
1249016827457548291
1249016836664025090
1249016840233406468
1249016864103112706
1249016881362735104
1249016888555962368
1249016915969953792
1249016959792033793
1249016980683751425
1249016999616839681
1249017016029192193
1249017020101861376
1249017046848790529
1249017151282913280
1249017162544623616
1249017219616591873
1249017219645943808
1249017303464841217
1249017332569198592
1249017339657564160
1249017368988319746
1249017537112739841
1249017552082210816
1249017565613043712
1249017574291013634
1249017583812202496
1249017664149872641
1249017682407624704
1249017683737292800
1249017748631453696
1249017756105822209
1249017800796110850
1249017804508082176
1249017846547570688
1249017861160517632
1249017951606517761
1249017958183165964
1249017974855471109
1249017995525062661
1249018066580787201
1249018090517680131
1249018136168456193
1249018137791664131
1249018215424016384
1249018330867994626
1249018355169865728
1249018419602743297
1249018448228868103
1249018607603982336
1249018628462333953
1249018640529227776
1249018654299230208
1249018936114458629
1249018939205697536
1249018993714827264
1249019009170800641
1249019238267998209
1249019400289730560
1249019646264688642
1249019696734711808
1249019802817044485
1249019930013511681
1249020005343064065
1249020056060801026
1249020177569767426
1249020389877059585
1249020436769394690
1249020486190796802
1249020581544185857
1249020582546542593
1249020654617341956
1249020669985206275
1249020727862460418
1249020757960806404
1249020824759255041
1249021017516843008
1249021031752310785
1249021153638854656
1249021205689954305
1249021260643872774
1249021344416702464
1249021389530632192
1249021419557617669
1249021497689038848
1249021658406453251
1249021729139240962
1249021730804375553
1249021780553015296
1249022206321008641
1249022217175826432
1249022250726182912
1249022466414051328
1249022467680669696
1249022575256141826
1249022578116755459
1249022623771697153
1249023143315898369
1249023194880708608
1249023618513866759
1249024179497771008
1249024572260675584
1249024821586989061
1249025497125859331
1249026520108142594
1249027131369275394
1249027178152460295
1249028412565606400
1249028944457842688
1249029110174814209
1249029343185186816
1249029426630873089
1249029471279161346
1249029508260339713
1249029537733763073
1249029717736460288
1249029884132941824
1249030038630039552
1249030350061387776
1249030516059275269
1249030780988338181
1249030855013564421
1249030912144277507
1249031320988192768
1249031328345063426
1249031693891260417
1249031710181863425
1249031792713179138
1249032532731011076
1249032621100843014
1249032867822395397
1249032875724464130
1249032916203683840
1249032932624384003
1249032946541092865
1249032953994321920
1249033278591508487
1249033340075880450
1249033487623077888
1249033572171776007
1249033900124508161
1249033982429315074
1249034384516268033
1249034596848742401
1249034647905984512
1249034707536355328
1249034814877061120
1249034906895814657
1249035380067885057
1249035616597221377
1249035854678568969
1249036622261354496
1249036664791535616
1249036677827493889
1249036869263900674
1249037183824035843
1249037210059497477
1249038033766305793
1249038282853363714
1249038684818739200
1249039512581390337
1249039925485408260
1249040198140387329
1249040449316237313
1249040711233810433
1249040744226197507
1249041054646534144
1249041274986004481
1249041486462816258
1249041813576601600
1249042543150600199
1249042885133185024
1249043209667436559
1249043507085443072
1249044009894305792
1249044643423105024
1249044735177736195
1249044780568412163
1249044795793776643
1249045402248192000
1249045678661173249
1249045781820116992
1249045873356611586
1249046340665032710
1249046362433507330
1249046964345417730
1249046988236165120
1249047140472676362
1249047154632593410
1249047650302930945
1249047843534446596
1249048893054169090
1249049568219627522
1249049826181996547
1249050703856906246
1249051341453955073
1249051659726196736
1249053136020529167
1249053469996130304
1249053727358681092
1249053871244222471
1249054051351879680
1249055788729057284
1249056251033661444
1249056737916837890
1249056922139049986
1249057821175529475
1249058189997473798
1249058593489518592
1249058780568002563
1249059437811245056
1249059801725906944
1249059876074131456
1249060602288406528
1249061160172871681
1249061952841822212
1249062516719865856
1249062544058339331
1249062570306265088
1249063276400517120
1249063494152044545
1249064223675736070
1249064338813583362
1249065567354486785
1249066794901475329
1249067768730865664
1249067894580875265
1249069110841016326
1249069210644480005
1249070572182609922
1249070894854672386
1249074409731735552
1249076936246276097
1249078981867057155
1249079349468422145
1249080713456095233
1249081350759514115
1249081353053798400
1249081510751338502
1249082118392745985
1249083574336327680
1249086348750991361
1249087390259580933
1249088434569916419
1249089237313630209
1249089410613817344
1249091106173849605
1249091193088212997
1249092079231414273
1249092198433542144
1249093502702624769
1249093564530909185
1249094622279761920
1249097803000958976
1249097910815506432
1249100649872023557
1249101428691369990
1249103194606555137
1249109232860819460
1249111769965969411
1249112822090358785
1249114658155433986
1249115379990962179
1249117913455394817
1249122135911653376
1249125251700621313
1249125856762626055
1249130464327147522
1249135614550781952
1249141185286987779
1249146723185897472
1249149698419707905
1249155284955693057
1249173030321958913
1249173887868338177
1249175298018549760
1249176644440543232
1249180178779181056
1249180694493958145
1249183325736112136
1249185478018060288
1249191914441752576
1249192406416871428
1249193490862559234
1249196900588359680
1249205453806096384
1249207891594293248
1249215177838469122
1249228590237040640
1249230158394990592
1249234597625221120
1249235093836750848
1249235853215498240
1249236544109654016
1249241020027600896
1249242943975718913
1249246316259086341
1249246555980402689
1249247379607388160
1249250702884569089
1249251052744052737
1249266747536019459
1249277885904494592
1249277897724039170
1249280958626488325
1249285437518118914
1249289619834900480
1249296347628478464
1249314327586373632
1249314518817222657
1249316037230768129
1249317462128156674
1249318731081289730
1249318845954785287
1249322415412387840
1249323369893367808
1249323671233183745
1249341500019879938
1249362267210162177
1249365827834523651
1249378649436020736
1249390197952917510
1249390587813531648
1249399776078168065
1249426563734605824
1249770818453876737
1252629089158074374
##1249027826856210433##
1249027995060273152
1249029104814432258
1249032533800558592
1249046549579141122
1249057895876100099
1249085832734093318
1249096248495407106
1249161399005327361
1249428878206078977
##1249028797602635782##
1249029116344569857
1249035109250011136
1249046480893214720
1249047489946226694
1249048387061723138
1249049538742099977
1249096272826568712
##1249070591417683970##
1249194186466869251
1249262408973115393
##1249080158180515843##
1249080516105642005
1249080551132270592
1249081207071129600
1249085618342309890
##1249088505667555332##
1249089131554189314
1249089523134447616
1249089525042774017
1249089544735121408
1249090178318245891
1249090322753368064
1249090796504125443
1249091005145649158
1249091669892501512
1249092621743652865
1249092627926061060
1249092751485960193
1249092931195219971
1249093240487399431
1249093618855526406
1249094215902146561
1249094480684355584
1249094851775389696
1249096162939895811
1249097029256654857
1249098933109809156
1249098990638886916
1249099851364622341
1249101573260578817
1249101832003055617
1249102133044981761
1249105310310072321
1249105892940881923
1249106007562862592
1249106291240448000
1249107399643971584
1249119631454986243
1249120955617685505
1249124331017338882
1249124566716350464
1249126743186837504
1249130334207311872
1249130683961937920
1249132327118266369
1249133464277876736
1249135568556036097
1249143746568032256
1249146160780058624
1249148858170585090
1249148966878543873
1249149772742701057
1249150371215355904
1249150524177485824
1249151108385308672
1249152937517035520
1249153786582577152
1249160206065504256
1249161865579683841
1249164690271416324
1249165573805703168
1249165891943661568
1249167969873268744
1249168303031037954
1249168797069643776
1249168996949200896
1249169225513607168
1249169252466200578
1249177090320224256
1249178380643295232
1249187092862828545
1249192905199300608
1249196432772550658
1249200891351175168
1249221540908085248
1249223143492849665
1249224466816778248
1249228590509629440
1249231206660616194
1249233038862700544
1249233241770524673
1249234224143630336
1249254584893288451
1249258106313474049
1249258754077573120
1249260508005498883
1249406451946266626
1249411113546121216
1249414484625670145
1249417777175236609
1249427051477708801
1249427152581332994
1249445100456947724
1249449009216880640
1249467546291617793
1249700497428267012
1249740895253139456
1249809018505302017
1250203030194176001
1250204196521095169
1251171240427036679
1251620765159604225
##1249115814613209088##
1249117694407979013
1249227198394925056
##1249263128258457601##
1249263477799223297
##1249291181089067008##
1249291713887244291
1249292835330932736
1249292934392004608
1249306882931556352
##1249331686720057344##
1249552502657372161
##1249347898682363905##
1249348794006806528
1249354255976280064
1251542841219846144
##1249364948217729026##
1249367473184542720
##1249372327198052353##
1249373625532256262
1249373932408487937
1249401558560800769
##1249373951450591232##
1249377116946345986
1249377275377844227
##1249381729527386112##
1249382297830395905
1249382878808625152
1249383645217001472
1249391450091147270
1249409012518596608
1250076412259729413
##1249389239709638661##
1249389396714979330
##1249391298232168450##
1249391351189422088
1249391418545770496
1249391534308458496
1249391647969800193
1249391677917278209
1249391768975683590
1249391777846562818
1249391846972932097
1249391912680816646
1249391920775868417
1249392317959737344
1249392428970389507
1249392454450778113
1249392491176042496
1249392510968963073
1249392982228373507
1249393133466669056
1249393233320390661
1249393333979557890
1249394146474950661
1249396831647412224
1249397055686131713
1249400822217281536
1249402997395914757
1249406370803331072
1249409394544181255
1249410804933365762
1249413131769720832
1249416967120969728
1249429558467706883
1249434586700005377
##1249396842049273862##
1249397043791122439
1249398839888556033
1249398848809848833
1249402611809337346
1249410613211783169
1249598656505761792
##1249398735014150145##
1249398890446630913
1249399019077619712
1249399233893015560
1249399453003452425
1249399673837826052
1249399950489894914
1249400936491102208
1249401731378708480
1249401992235102214
1249402399552409600
1249404745829289990
1249406674311487489
1249415450582188039
1249415964568911872
1249416271906693120
1249417854467932160
1249419647671250947
1249421009687646212
1249438918229049346
1249440952437157888
1249449957091835904
1249479739716374528
1249505843122503683
1249568750954786816
1249569966241783809
1249570616421777408
1249574667687546881
1249580711729913856
1249581249376555008
1249584633169281024
1249630103069495296
1249638169533915137
##1249399382878965760##
1249399693483872262
1249399957855055872
1249402163530469376
1249402833788600325
1249404617923932162
1249408762387054592
1249417328032448512
##1249399625943003136##
1249399751470129152
1249403227335995393
1249403649832488961
##1249399656494309382##
1249399769392431107
1249399997759660032
1249400465797849088
1249402263971528704
1249403991907278848
1249404715164672000
1249406481260306433
1249407041380237323
1249418865357938688
1249420430995345408
1249422441383964672
1249422761585491969
1249428365515382784
1249435983155728385
1249438952077103104
1249441337277112322
1249441805919272961
1249444078493761539
1249444556870950914
1249445999149547521
1249457951225589766
1249476298717749255
1249483374047215617
1249527837599698945
1249528632936206336
1249585624216227840
1249589444455337985
1249606482506719232
1249615999952977927
1249622023124455427
1249779943581667330
1249838996122992643
##1249400203054112772##
1249400349959520264
1249400732320743424
##1249400429831770114##
1249401493377212420
1249402351213064192
##1249426633620172805##
1249426907462057998
1249427217538519040
1249428504401362945
1249428694499758082
1249429836227059712
1249429999318380546
1249432395754938370
1249432968516509696
1249433938361229312
1249436764571340801
1249437549795389445
1249443071403741187
1249443102898733056
1249448116706848769
1249455517212250118
1249461421160759303
1249477364490305536
1249490080407924738
1249748632078823434
##1249427613845725185##
1249428103400751106
1249428188838707203
1249428222325948416
1249429017528238082
1249429718983532544
1249435405717569536
1249439385352908807
##1249432519159808008##
1249432776929161217
1249432891714678790
1249433129514827778
1249434039611785218
1249434789339451392
1249435339820634113
1249444401597894657
1249523675835043841
1249592145045934080
1249693966116827137
1249706551742472201
1249757219064864769
1249761523095961607
1249776214790864902
##1249434616047566848##
1249452913241591810
1249457022443143168
1249534203768836102
1249611422084063244
1249614720212054018
1249790602495041537
1250020236545458182
##1249435504182996992##
1249435564748804097
1249440778012839936
1249441004354232320
1249441417010831364
1249442836010991617
1249445463541063688
1249446308739506179
1249588797437882371
1249606984292237312
##1249447394078588930##
1249448385486217217
1249450548287410176
1249460326355161088
##1249467343153086466##
1249467994633363456
1249471673214124034
##1249468512835457024##
1249474525479211008
##1249477261562130432##
1249478235492093953
1249478717874765824
1249478813769138177
1249478856475631616
1249479788416417794
1249485602359332865
1249489854381133824
1249490212067192832
1249491867386941441
1249519158397734913
1249523104575078400
1249526105591230467
1249529135459790848
1249529314862927874
1249534079550271491
1249538772829704192
1249557060041277440
1249597599969140737
1249607882431254529
##1249699229976662016##
1249699910917726209
1249702066202836995
##1249730857725841409##
1249733489970339841
1249733967739105281
1249830130698072068
1249969581831184384
##1249754990996004868##
1249755390776086533
1249756087328350208
1249756416199581697
1250031943229616129
1250099149984403457
1251798993388085250
##1249774045333278721##
1249814985729085441
1249822061805142022
##1249783493497937922##
1249788847115907072
1249836496116473859
##1249783563689566209##
1249783617460502534
1249783694216384512
1249783770523336704
1249785540066660355
1249790473864126464
1249790651954343937
1249791293456351240
1249791467251433473
1249796746374512648
1250103668944318467
1250150482980593664
1250151303008915466
1250405827464355841
##1249789453377441793##
1249789663189106688
1249789783423045632
1249790774843187201
1249791398515290112
1249791768956145672
1249793720322531328
1249793918692179968
1249797761240891392
1249798308161302531
1249823063438483456
##1249806310104842241##
1249806470880714752
1249806472680058880
1249806606239498241
1249806700561027072
1249806768319971335
1249806847227371521
1249806873945145352
1249806927988576256
1249806950797152256
1249807019999191044
1249807125360054275
1249807357653254144
1249807662323306499
1249807969753194504
1249808069946720270
1249808383005396995
1249808405180624902
1249808502362714114
1249808786518355976
1249808808756621312
1249808824103559174
1249809094120259588
1249809233572438017
1249809292791816193
1249809577429925888
1249809753183838215
1249809899967713282
1249809965814026241
1249810585505673224
1249810593843949568
1249810890221916164
1249811413775912962
1249811465521029120
1249811698619502592
1249811996893155331
1249812240863289344
1249812524121407493
1249812762135597057
1249814279173410818
1249814956285050887
1249815068109406210
1249815395281797121
1249815647569281024
1249815652833144842
1249815717240877056
1249816389696868352
1249816533964140549
1249818223328899073
1249819478919188481
1249819908646600705
1249820082269716481
1249820147776454657
1249821316246634496
1249822001214169088
1249822874162139136
1249823811874193408
1249826041679527936
1249826420823638018
1249827244786229249
1249827748673196038
1249827984929849344
1249828776156049409
1249829142738108416
1249830210746408961
1249830232770711555
1249831149133869056
1249831275525005312
1249831799422885893
1249831992595808257
1249833102899318785
1249836119040065536
1249837725760577546
1249837881755140097
1249838467808444416
1249840399147040777
1249842454939000832
1249843387009818624
1249845669122146304
1249847340493672451
1249847670488870913
1249848785875992581
1249850274040201216
1249852566386741250
1249853635774873600
1249854095046914052
1249856090814234626
1249861130970738688
1249862278184304641
1249862650420441089
1249862905195106304
1249866807462297600
1249874017273679873
1249874334165893122
1249876870922993664
1249877950520086528
1249878959371759617
1249880316958912515
1249880658962505728
1249880673458040832
1249881509038866432
1249881547169320960
1249882022899855360
1249882971286487043
1249885851414298626
1249887341558333441
1249889597510868996
1249891608897769474
1249892203918430209
1249892714327543810
1249893181946318849
1249893861914054658
1249894281856397312
1249895823468527616
1249896517953077248
1249897889515651072
1249899155591442432
1249901156555464705
1249904127166963713
1249906588065955847
1249906958565597184
1249910497522180102
1249911088323362818
1249914843185983488
1249916486703091718
1249917874724048897
1249918340077883392
1249919429732950017
1249919650625970177
1249921488460886018
1249923215075524608
1249924890813136896
1249924990390153216
1249925041602560001
1249925850381910017
1249927054323220481
1249928282574925825
1249928850194259974
1249929166637674497
1249929275576377344
1249931820961091585
1249934441625124864
1249937098838163456
1249937560295612417
1249937982926344192
1249941890763567105
1249941947411767298
1249942374513606656
1249947642756575232
1249948922249916418
1249949280015724545
1249950071359225856
1249950546779426820
1249952780497944576
1249953073411297280
1249955398636974081
1249956459225526272
1249958016599953410
1249958673176317952
1249958694990893058
1249960862611378177
1249964527736819712
1249966565799407616
1249969596674826240
1249969852577730560
1249970893956276227
1249971898693439488
1249972566091083776
1249974362792484867
1249979892525084672
1249980503924584449
1249985117495463936
1249988773724729345
1249993702518534145
1249993906613354496
1249996901656690688
1249998582649966593
1249999655364149248
1250002717763928065
1250006241860030464
1250007546758389768
1250009407318102017
1250010390500642816
1250015308296970242
1250015822359203840
1250018009722359808
1250019344593178624
1250025184763011073
1250026624256561153
1250029317834358785
1250030408529580034
1250032878773252097
1250048848631865344
1250050574181072896
1250053575016951814
1250056208196808706
1250057466513104905
1250057989987467268
1250077555815854083
1250078550335672320
1250091359458988035
1250116908923445249
1250118127582687232
1250129799231791104
1250132452288454657
1250135267396239367
1250135424808497154
1250143176335204354
1250152711967903752
1250154048294174721
1250195388419780609
1250279277083254787
1250303462908157953
1250310549671309313
1250812630668849154
##1249812624688152578##
1249813550664728576
1249813761701171206
1249814205366239232
1249814990502199298
1249816110561669123
1249818700477345794
1249820621816684552
1249822192130494465
1249827320262778880
1249827339661463557
1249830998206025735
1249833360618401794
1249861412173885440
1249870119125254145
1249875726049980418
1249878787203969030
1249888738634801152
1249898410498568193
1249929581454397441
1249931406219886592
1250008225283538945
1250108471216922625
1251252240087687168
##1249829706846920706##
1249972539499204608
##1249834468459843590##
1249834794139164673
1249834892285919233
1249836480823992321
1249839537716637704
1249866001933578241
1249882017669545989
1249898752007077891
##1249837400874012677##
1249845511668084737
1249952037942505472
##1250023779662811136##
1250026218281267201
1250029000350670849
1250032919642550273
1250033704942153730
1250034473128865792
1250037277746741255
1250058144878911491
1250146535666520064
1250274711369445386
1250295123151208449
##1250177813321261061##
1250179283345170434
1250187445515272192
1250190268818743314
1250193815794786307
1250208522639466498
1250209726551535627
1250230125465133057
1250235441531564032
1250235562511958017
1250236385795231744
1250243963765874688
1250245269196808193
1250246378942541824
1250247526663454721
1250261597492142081
1250265402803810305
1250267045796565005
1250272059113893890
1250283258056597504
1250283563188019200
1250296544214966274
1250298866190016515
1250300164910112769
1250304678870433793
1250305334901526529
1250305899635200000
1250306755747180546
1250308906263269377
1250309212845928448
1250315775107194880
1250321301849272322
1250330378197299202
1250334536732270595
1250343257780785152
1250350742839296005
1250378112766029824
1250383045338767360
1250384264702631936
1250385512319369217
1250386359694565377
1250395401544441856
1250448160230645760
1250462064944037899
1250473230189682693
1250477553447550976
1250508020276232192
1250508120822087680
1250523160249860096
1250550070929391625
1250653138341806080
1250836200849539072
1250896134605885444
1251760141952864256
##1250184540242485255##
1250186973366628352
##1250376705199439872##
1250377353034858496
1251924364330754048
##1250440840054370306##
1250441190048010249
1250441261468643328
1250441293127270400
1250441501009571841
1250441538749861889
1250441813111926784
1250442274967662593
1250442357549355021
1250442389270835201
1250442476617269252
1250442706238619648
1250442867102842880
1250443245491871746
1250443432620949505
1250443941394014213
1250444280256217088
1250445595371876357
1250446120515403776
1250446549324365827
1250447543231799296
1250448252102561794
1250448656827920384
1250449773703892993
1250449852468731904
1250452106286436352
1250454383403433986
1250456184718536704
1250456357108453376
1250457256648458240
1250457583963570176
1250459165551669249
1250459739147972609
1250461894495911936
1250472267945054208
1250473476034646022
1250476344292642818
1250484096616325120
1250495640129372160
1250575509899091968
1250616223173349379
1250649216155820032
1250654936494419968
1250666093594783745
1250798281007009795
##1250519200529100800##
1250520651296841728
1250529655414820867
1250534153629491200
1250637101265231872
##1250735960993693698##
1250736516499996673
1250736546963238912
1250739295763206144
1250755954330787841
1250772714178125825
##1250869384022818819##
1250869703247040515
1250870166185000960
1250878671952449537
##1250877219955781633##
1250878853683314689
##1250881932512157696##
1250882074602602496
1250882153153511424
1250882625151131651
1250883133530091523
1250884872958246922
1250885339306131456
1250885363582844930
1250886702102646785
1250888155772919808
1250888845308178435
1250923324357709828
1250929861377626113
1250935569166761985
1250989749021691906
1251039643325399044
1251039827476320258
1251089318682165249
1251189255466037250
##1250901260858949634##
1250901964063494144
1250903014497533953
##1250906526044356608##
1250907659454296065
##1250911848913870856##
1250912001833959425
1250912148257202178
1250912239814684677
1250912629259931654
1250917833082646528
1250926015221817344
1250950194151243776
1250951928307122181
1250960672638320640
1251225749941555202
##1251181999416541184##
1251183621823750149
1251183746818215936
1251183946509025283
1251186165056757763
1251188194646908928
1251190741667282944
1251192219182280705
1251194254086594560
1251197103654817793
1251198905947164672
1251201284914515968
1251203743720321031
1251203756634537984
1251204538029277185
1251206032191340546
1251206761983418371
1251207208462880773
1251207724051857411
1251211440943439873
1251218541648375809
1251221095178473473
1251227127829192704
1251229317951942656
1251237498799390723
1251260733704339456
1251308867356635145
1251310297983434758
1251321377610706944
1251330238161858560
1251354613921591296
1251419869414907905
1251433325048233985
1251439574204768256
1251451821756952577
1251455077707059201
1251459759519215616
1251467678365163520
1251486616159485953
1251954114931634178
1252140102538723328
1252337799241576449
1253365302106238978
##1251208810070339584##
1251210178436964352
1251210486055677952
1251223736457576450
1251239660115963909
1251247349948723200
1251247590747881472
1251247687657295876
1251247727679340553
1251247841185538050
1251248168685252613
1251248323903840256
1251248336943931392
1251248634890518532
1251248796580876294
1251250121846804482
1251252210350112771
1251252579687899146
1251254122440994823
1251257336271904769
1251258499071434754
1251259660876873734
1251260228101910528
1251261286735888384
1251261549047689216
1251262799361331208
1251267744529612806
1251270068438274051
1251272991314448384
1251273040027176960
1251276040200237058
1251277511754997772
1251279562933223425
1251280738428878848
1251282534400393216
1251283119380082688
1251283372170719240
1251283625884045313
1251283731173736449
1251283786987339777
1251283943489449985
1251283960417656833
1251286377662119937
1251287286639099905
1251290000924295169
1251290974715891717
1251292288682274822
1251293160321490944
1251297771493167110
1251299537538486274
1251299549324496898
1251299882075291655
1251301100587794433
1251302854859595777
1251302964045774848
1251305498856620032
1251308598359207936
1251309461265932288
1251311418303025153
1251321001721442304
1251326751210213376
1251329229997948928
1251330351655538688
1251330444467019777
1251331866059321344
1251333577079500800
1251334003715723264
1251335218855923718
1251336386650746881
1251341579207532545
1251344494525665280
1251344523411828742
1251345941384302592
1251352765688930310
1251354492123168771
1251356579208679425
1251356754740477966
1251358318561501186
1251360619854548992
1251367038284697600
1251373052300087296
1251373455607508993
1251374111701577728
1251375597944791040
1251376932480000000
1251387079612907526
1251391652763181057
1251391880782381056
1251397626676862976
1251401278208397314
1251408742618402819
1251412152939876353
1251412343797493761
1251421468249985024
1251423866595000320
1251426370355331073
1251429841095852034
1251438348088102913
1251442426440491009
1251444086126583814
1251448219567087616
1251451691704213509
1251453338908049410
1251462034727854080
1251462374189445120
1251462777559973888
1251469723914698759
1251470515300192256
1251474111274065920
1251477114081206282
1251480840988774400
1251505389201428481
1251510283044032512
1251521262217822215
1251544983519342593
1251554283327291394
1251558231664705536
1251601593453154305
1251609395655516160
1251627154737188869
1251638589089341442
1251643231256956930
1251647060316688386
1251673963916337152
1251718180168437762
1251750272533176320
1251791549802962945
1251813894189957120
1252078384278093824
##1251227842374971392##
1251228218897694728
1251228761036664833
1251229145905930243
1251229378127835136
1251230112856657925
1251230315517009922
1251239259572441090
1251262622902738949
1251403069792882689
##1251239714918719488##
1251244223808049153
##1251284234075021313##
1251285070255702018
1251285266817601536
1251285336795295744
1251285350711996416
1251285618795126784
1251286474512883712
1251323536230268935
1251570189595967489
1251677667583234049
1257011683127590912
1266441933326553088
##1251439580315815938##
1251561517461524480
##1251462116705538050##
1252395506296217601
##1251479706064519169##
1251480167232483337
1251480513308696576
1251481234305400835
1251481404602486784
1251481923488296960
1251482284571734017
1251482890589949953
1251486901946761217
1251504941425995777
1251517879293534208
1252115107112464384
##1251481320112480257##
1251481538577027073
1251481875098501120
1251485395977674753
1251532060273016832
1251532647584727040
1251532735501479937
1251532980104966145
1251537556753256448
1251563516944945154
1251585148946198529
##1251495999433998337##
1251496069323796481
1251496183744339968
1251496309313462273
1251496911707701248
1251497025943764992
1251497228373499908
1251498890169389056
1251501188433932289
1251501891634237440
1251513517255131142
1251516066909609985
1251516206537998337
1251520890849943552
1251537535299465226
1251582835040944129
##1251586253176418305##
1251587508036669451
##1251594451824279554##
1251596710461177856
1251601953655795713
1251605991164174338
1251610583218245633
##1251595171705360384##
1251596300199628803
##1251607032068812804##
1251629387629420545
1251633985396097024
1251655226924417025
1251663646046007296
1253594395619872770
##1251609169179836417##
1251609843531571200
1251622486363553792
1251622790278545411
1251629400086458376
1251655256318099457
1251663660562382848
1251871728453771267
1253594425311334401
##1251615580513337344##
1251615940967530496
1251615943643607042
1251618811528253440
1251621334888714241
1251872532749332483
##1251623585707425793##
1251624588750061569
1251626172624048130
1251629219681046530
1251629734448037891
1251632809636171783
1251655327256391680
1251663678086225921
1251881233866534913
1251883619624218624
1251888922600357891
1251907126777217025
1253594569092055040
##1251624092987424768##
1251624346730315776
1251625647186874368
1251717923623837697
##1251648493606838272##
1251762481233616898
##1251790136540569600##
1251814914047475712
##1251914106078199809##
1251914361339351042
1251914644631019520
1251916249925287936
1251917559613579265
1251919305731641344
1251919360345681933
1251924553691009024
1251929429791649792
1251932972707721217
1251943000915181574
1251944354085822465
1251951944584826881
1251952690873196545
1251953408485064707
1251987109331664896
1252095434639753216
##1251914197824409607##
1251915467180179457
1251915552332931076
1251919326443114498
1251923366069579776
1251928593522929664
1251956647418900481
1252012637237522439
##1252003502219550720##
1252004320117239810
1252288487568617476
##1252009016861044745##
1252009131730448385
1252010910258024449
1252017585119531009
1252035387670872066
##1252034276981379072##
1252036143773876224
1252036518283292673
##1252250674592657415##
1252254182754660354
1252260646609190916
##1252348817644507139##
1252351051090366467
##1252362348817334273##
1252362491679531018
1252362640375963651
1252362693303910400
1252362861357051906
1252363225967910913
1252363251632885760
1252363891197132805
1252364198924791814
1252364251965952001
1252364589754224641
1252366067009064966
1252366361403129862
1252366526562238477
1252368637928722433
1252369071384887297
1252370635621199878
1252388787440594951
1252409172076838912
1252415644810620929
1252533527469608966
##1252371214783385601##
1252371463950069762
1252371553662058497
1252371680296439808
1252371748953092096
1252371950535495680
1252372404296314888
1252372872070197249
1252373453220352005
1252374326898118656
##1252376757975437313##
1252377369513357314
1252378151717531648
1252379645351063552
1252381105056956418
1252390447055429637
1252400209893580800
##1252493084736266240##
1252494095899131904
1252495784550989824
1252496609780400129
##1252505080412110848##
1252505839732174848
1252507180038750208
##1252507362193260544##
1252508053100003328
1252508455635738625
1252509490970312704
1252509494711631872
1252509979065671681
1252510536870301696
1252527003741413376
1252575116879429632
1252606426771607554
##1252624383165825026##
1252624545032237057
1252624882493534209
1252625153260957699
1252625171292315650
1252625294210535431
1252625623404752897
1252625814832787456
1252626442636210178
1252626569484472321
1252626874779435008
1252627557415112706
1252628943259283459
1252629091410415630
1252629432826765313
1252640750162120709
1252641190161387522
1252641237154304000
1252694043181625344
1252746552315121677
1252873167611166720
1252873961446109184
1252884909938618368
1252900499990462464
1252903216183984129
##1252637858147549192##
1252638360939659264
1252638942161231876
1252697056168247297
##1252645576241549315##
1252645897525235717
1252650919604432899
1252739033907843072
##1252703978233761795##
1252707055489728515
##1253035846606835712##
1253059648661458956
1253085982641074183
##1253046574202195972##
1253046847956029443
1253055661224734722
1253057212907491328
##1253076109706625031##
1253109043352276992
##1253454933791293440##
1253883846275272704
##1253805788868608001##
1253806014064885772
1253806048428900353
1253806848622440450
1253809869867692035
1253810922700902405
1253811263060271105
1253812478355615745
1253813823787728897
1253814615349354496
1253815203839594498
1253815737539604482
1253816359613607936
1253816522184830979
1253816942747623425
1253914842915799040
1262652058982854656
##1253938453433028608##
1253938825744789504
1253939177672097792
1253939679038263296
1253939983490191360
1253940190365790208
1253940598937092096
1253940893771595776
1253941291370643457
1253941590797803520
1253942234573156352
1253942712585334784
1253942742956363778
1253943021160271872
1253944848257822720
1253949074161782785
1253951543763701760
1253952052016959493
1253952734648295424
1253952929830223872
1253953791839424512
1253953955937353731
1253956368526123008
1253956382694551552
1253965487358296066
1253970180574773248
1253974097278705666
1253977017479057408
1253977943363076097
1253978920468320258
1253980723968704517
1253985372998164480
1253992543248842752
1254001460406353921
1254011154046820352
1254011828084133888
1254043036767617024
1254051580598456320
1254052428221120512
1254110224996356111
1254113843095060480
1254206518074933249
1254239223802191873
1254324630795489281
1254468506407616513
1254649457607671811
##1253977658859405312##
1253977775347728385
1253978389016457217
1253978435401199618
1253979436581629952
##1254496908774649863##
1254497089473708032
1254540008226258944
##1254507232361877512##
1254510639122468866
1254514926447742976
1254536636739829763
##1255222754434928640##
1255223003899727877
1255224401873821702
1255227460804886542
1255294812586217472
##1255232820718579721##
1255233540498886659
1255234738899562498
1255236757332865031
1255238533540982798
1255249745993445378
1255265043740008451
1255298267648229382
1255360438952476673
##1255851529581531137##
1256214403055222796
##1255862589696999424##
1255862678221926406
1255862679161503747
1255862686417588232
1255862866860744708
1255863974236696578
1255864107133210624
1255867204123480064
##1255875175091929093##
1255878432417820672
1255878633140477957
##1255895157658005507##
1256338663597838336
##1255975662483132417##
1255976715123384322
1255979630290444289
1255982247494193152
1255983229720580097
1255983583291998210
1255986233890820099
1255989337394745344
1255992808319614976
1255995073520689152
1255996994885242882
1256004544628248577
1256023958786367491
1256025106578628610
1256061357398593542
1256133437519466496
1256148866866569217
1256154266521264130
1256170493968867328
1256176391470682113
1256193466809356289
1256196562818142208
1256197926239567872
1256201619705913349
1256202516011913216
1256202749533962240
1256205713145241600
1256206631962116097
1256209153703411716
1256215966561820673
1256217201415249921
1256219555803869197
1256239259155156993
1256244784680886274
1256249923680505858
1256252648703102980
1256261250562088966
1256267728035262464
1256269241680113666
1256273151576739840
1256279394064257027
1256308359784849413
1256315770637869061
1257859171590029313
1257859612583354368
1257864637342679040
1257883250036441088
1258150696962199553
##1255992589288910849##
1255993070316814336
##1255995348851535882##
1256113644749938688
1256150908532031489
1256201746310926337
1256223142147690496
##1256000150415331330##
1256000764520136705
1256000894753267712
1256001238694604802
1256001625459691521
1256001645785288706
1256001848978354178
1256002266877890567
1256002350784942081
1256003392721293313
1256004486113492994
1256004521005891584
1256004655357800449
1256005258490384385
1256005769226526722
1256006015281217542
1256006562503688193
1256006749443837952
1256007321702010881
1256010803460878337
1256011024408481793
1256011025830293505
1256013231816085505
1256016082642534402
1256016121624506368
1256016153396367360
1256017919269576706
1256018269120671754
1256020306046717952
1256020321758580737
1256020432450396163
1256020435403247616
1256021256417280000
1256026176772063232
1256028095443873798
1256028642947276803
1256031391915089924
1256033727345541120
1256035658486988802
1256037121799999488
1256045575188951040
1256050741929824260
1256053974299488256
1256057728302231553
1256067160880885765
1256067998634344448
1256082820654645248
1256084340062261248
1256092095007338497
1256093171119009792
1256101301781442563
1256114730072256512
1256115065515913216
1256116816243494913
1256118087088209920
1256119338807017472
1256122437223297026
1256127013905104897
1256129718820225025
1256130781346316288
1256133275539701761
1256134758112858112
1256137763444973568
1256144052757692416
1256149405893300227
1256153070540636161
1256153312249942016
1256154399069650944
1256154836569030656
1256155933299953664
1256158907380219904
1256160602667524096
1256163429439635456
1256163991933652994
1256170052153479168
1256172103562342400
1256183270653464576
1256185944543289344
1256195994473107456
1256196693223145472
1256202379176935425
1256204309626224640
1256208304591835136
1256215356395393029
1256217115499077633
1256229890803843073
1256243316468973568
1256255544270127104
1256258746864500736
1256264069901963264
1256296629096853506
1256305673245081600
1256332232051970049
1256338629632253953
1256378775689928704
1256388087837581312
1257681352306167808
##1229246591174836224##
1229246861191581696
1229248902022516738
1229249161804959745
1229250036346839040
1229250255096623105
1229251118582128640
1229252350403121152
1229252589528678400
1229276363376463873
1229282637279305728
1229318266520309760
1229333356950802432
1229429390443974658
##1229425154037600256##
1229427347520212992
##1229425197918425088##
1229428718080315398
##1229478483589509120##
1229478710962786304
1229479555079065600
1229480373400358913
1229481019218243585
1229482880310661121
1229500146968342529
1229507989062717440
1229630515537469445
##1229497478338293760##
1229499495219695617
##1229530991758381058##
1229532166712897537
1229534856310411267
1229542447845445634
1229545366128906240
1229617036738859013
##1229595734569345026##
1229596335608868864
1229596448150446085
1229597414903963649
1229600323884507136
1229622411663986688
1229640410823352321
1229649791623352320
##1229695816799072256##
1229742225011204097
1232382778718720001
##1234569582087680002##
1234569743673241601
1234573271775023104
1234574611557371905
1234591844794798082
1234613045000839168
1234688301434576896
1234703842211762176
1234707192286195713
1235289979867279360
##1234513975246716928##
1234514815714054144
1234518228350775300
##1234476429590528003##
1234476585899700227
1234545450876915712
1234772211350855681
##1234423749732073473##
1234425677958565889
1234429144127201280
1234430254493597696
1234438249344618496
1234469121997312001
1234475017343250433
##1234638049373511682##
1234642661975429121
##1234641771424030721##
1234644256603721728
1234650385022935045
##1234721464412184578##
1234725342599942144
1234733558746550273
1234734553748639745
1234746423343812609
1234772851770765312
1234820802392068098
1234877377014005760
1235079116958740480
##1234994764371509250##
1235006998795694080
1235010057584209921
1235062643292925954
1235087352143286272
1235127177605238786
1235217718271455234
1235432485330157568
1235681200586600448
1236110090576498688
##1235480749593280512##
1235545044720943106
##1235662472188530688##
1235837603678547968
##1235846338127859713##
1235846949535772675
1235847528563617793
1235852437199540224
1235865688452919297
1235868303354036225
1235868781118808064
1235869163270205441
1235870217420574720
1235870377047470080
1235876574215450625
1235879469442834432
1235884427647029253
1235893873639112706
1235897259184832512
1235901542919819264
1235916451766251520
1235918648998596608
1235922861686222848
1235962022958899200
1235963778065469447
1235983610089558016
1235985942038671360
1236002764787986435
1236017299179610112
1236047983294189569
1236086208687726592
1236102075064467456
1236147406800130048
1236182599128813568
1236297811135782912
##1238132000051134464##
1238132841415872512
1238132994818392066
1238133234162118656
1238141968154333184
1238142256852459520
1238196819722715147
1238203147748888576
1238203537932369922
1238203769336336384
1238230984614653958
1238231213892141056
1238241751355228161
1238263678736228352
1238331038163783680
##1238909807387688962##
1238918154862166018
1238918191537098752
1238922931306139648
1238933175247810560
1238937386911961092
1238956375604170752
1239135926263197698
1239173718603071488
1239200817997139968
##1239190094550126600##
1239191072351363074
1239191203591204864
1239194488704249857
1239197390453846016
1239197493801426947
1239199272765177857
1239202684453957633
1239237263848091650
1239259393901953027
1240027277884350466
1240043312578539529
