##1240383291297062913##
1240747995311878145
##1240696501761798146##
1240697758874341377
1241173282164027398
1241357134366945282
1241413254213242880
1241556479959871490
1241800957496786944
1242922357179723779
##1240727956907065344##
1240727971574558721
1240731774336016389
1240756352269668353
##1240972413065707520##
1241007370853142528
##1242195376955961346##
1242198491440525312
1242206630277775363
1242219395952201730
##1242585351656550402##
1242588395630727170
##1244734097265696768##
1244735590161166338
1244739511533404165
1244740374293368833
1244745904088928257
1244750620982198273
1244755164348715009
1244757378509279235
1244758250538532866
1244771549674176519
1244773775725350912
1244786324219072513
1244810996671287297
1244843414300082178
1244910852064661504
1244930415451873280
1245096465451618306
##1241517853163094016##
1241805228342759424
##1245181469099806720##
1245195709143539713
##1245296490219790336##
1245297084082905088
1245298543633588224
1245310691134836738
1245319570321276929
##1245396586416529408##
1245396679983009792
##1246189751838953472##
1246194649691234305
1246254266370703360
##1247270190267748352##
1247302388270206977
##1248378252910977025##
1248535338546536448
##1250199820662378500##
1250517521213644806
