##1241136385114935297##
1257713058736201734
##1240771563496095749##
1240771978728005633
1240775860493463554
1240778538279714819
1240778542247534592
1240802296814096385
##1241015857872060416##
1241027723784523785
1241074154121691137
1242311749610565633
##1240782645660987395##
1240784815575752704
1240796568065900546
1240801605940842498
1240811196602880001
1240831033689493504
1240840689421897729
1240878031754932224
1240880956841562118
1241002230469320705
1241661837738983425
1242734011585355776
1243118384423845890
1243120882312232960
1243124062181822469
1243133436090617856
1243142291214254080
1243184981641437186
1243202514180288512
1243235876680937474
1243387405614198787
1245847136186630144
##1245835481197109248##
1245847250775007232
