##1242184159570919425##
1242192882980831244
1254359521901916160
##1237309721285201920##
1237309987241758727
1237311205196390400
1237314630017572864
1237321664792322054
1237336442789036032
1237466625131057154
##1237721976795533313##
1237722952419946497
##1241825206064369670##
1241829715075309572
1241830809952231431
1241861710400630785
1241893072973242368
1241918328509214720
1241968242241003520
1241993385541599233
1242075194501537793
1242090663765782536
1242119080771039232
1242270635050631168
##1238478565265596417##
1238511709603667968
