##1238539766985101313##
1238540321966915590
1238541103395201025
1238541220940521473
1238541563116105728
1238541687653367808
1238543621873336326
1238715736455090177
##1238542738070671361##
1238544473682042890
1238544517218910209
1238546976704249856
##1238546117849018368##
1238546830973177859
1238547054504431623
1238547492830150658
1238547608941015045
1238547864789356544
1238549607593975809
1238553695572373506
##1238553667705470976##
1238553902108286977
1238554531329388545
1238554607049203712
1238555365492621312
1238556673066831873
1238562713837674499
1238567143152717826
1238690978464178176
##1238558952490704899##
1238559345467691008
1238559452539781122
1238560023447506953
1238560147590578177
1238560302591021058
1238561458461593600
1238561539730411520
1238565027608694784
1238566097852530688
1238566453604909062
1238574336828739584
##1238571787249565696##
1238572332962189312
1238573243407138816
1238573296163139585
1238575733976502276
1238578684732280832
1238582194236317696
1238583491782217730
1238668263925723136
1238695245795274753
##1225857103673405441##
1225863820767367170
1225870563186442240
1225907620520873984
1225915503627112448
1225922035785912326
1226065668375810049
1226111244333178881
1226204015962271744
1226216490090876930
##1226536270119264260##
1226537502661652481
1226540795165057030
1226541385337143299
1226542388451119113
1226544176529100800
1226550109057536007
1226551166110240768
1226552655184617473
1226554875728867328
1226554934063173637
1226561229944246275
1226581637875609600
1226600928914132998
1226604714512584705
1227201000425041920
1227588837041414146
##1235535815490580483##
1235536084135817218
1235545055571501056
1235552339022565377
1235563255881293825
1235579118743412738
1235643379133931526
##1235762117996941313##
1235762638732365826
1235764799788773376
1235764947415678977
1235770054953836545
1235775809467625474
1235779217624911879
1235781208400900098
1235791791300976640
1235802861197348865
1235823813566197763
1235830725795934209
1235837855785611268
1235845870005829632
1235852706561941504
##1224181586192666626##
1224184215937454080
1224197354141757441
1224244409673428992
##1222904408863674369##
1222924374015123456
1222930993709010945
1222941721367019522
1222944996137033729
1222945282654195719
1222975498218807300
1222986131379310592
1223000050604765184
1223033486283505669
1223050227776720898
1223061496290213888
1223140868166770691
1223198183343509505
1223200425370890240
1223302698788970496
1223555887245205505
1223675311130382336
##1223554333343657988##
1223554924186886144
1223559332530458624
##1223590177815367680##
1223591052449329152
1223591163485204480
1223593935219691521
1223595011092221955
1223597687481815042
1223597859033034754
1223602817371426816
1223610588682752001
1223881751371698179
##1223550330098667520##
1223550444150099971
1223550655119462401
1223551164953874432
1223551364019650563
1223551762310881280
1223552099453210629
1223552180512313344
1223552204092727297
1223552865194651648
1223553474849333248
1223553598501588993
1223554127436963840
1223554578957905921
1223555013328412673
1223555398667591680
1223556448996745216
1223558022733213696
1223558083688923136
1223558823782354944
1223560993025949697
1223561233728753664
1223561408983584770
1223562533388410880
1223562707376406529
1223563987331227648
1223565340971618304
1223565390363725824
1223565412681637888
1223565834985132033
1223565920263704576
1223570197036093440
1223572668873658368
1223576772857552897
1223577947082280961
1223579159143833600
1223583262649520130
1223595920547287040
1223599875465629697
1223620424497582080
1223625417933934594
1223676126729572358
1223678034349371397
1223712222930710528
1223721034983014401
1223855816622661632
1224198332307902465
##1223557026254655488##
1223558395703308289
1224913758792962054
##1223558685894610944##
1223559903110991875
##1223627943131394048##
1223628054746075137
##1223822843235856385##
1223827683827769349
1223830217204039680
##1223974351055282176##
1223974566709604352
1223974753536479233
1223974978288267265
1223975079068995587
1223975316609273857
1223975435408637952
1223976067330904064
1223977323566960641
1223977361298857984
1223977704023785472
1223977707123478531
1223978093880270848
1223978732165136385
1223980560604901376
1223981680517701634
1223982258849288193
1223982898577059842
1223985190336434178
1223987062690500609
1223989056826150912
1223990104013799425
1223994397865496576
1224008238997344258
1224010694334537728
1224011078692110336
1224015755517353987
1224019518906867715
1224021414644273155
1224024478713368576
1224025240692568068
1224032408514760706
1224032637926375433
1224036824651370496
1224038317903224834
1224039039537483781
1224043026760245248
1224081512230006784
1224100692534747139
1224120669216133121
1224126378020352000
1224188891084750850
1224233403354177538
1224267762815655937
1224473232297938955
##1223579852609064960##
1223579932854571009
1223579954744635394
1223580021492801537
1223580217006084096
1223580321347776512
1223580460317474817
1223580551375921152
1223580836748058625
1223581019397402625
1223581271063977986
1223581311329275904
1223581663675981824
1223582192024072193
1223582299922608129
1223582992997801984
1223583111059066881
1223583719107198976
1223583733179207681
1223583962137841664
1223584235426123777
1223584660946587648
1223584784351485953
1223585256068079616
1223586687781085186
1223586796606558211
1223587942083461122
1223589680467390465
1223589697328439296
1223591004516900867
1223592870948401152
1223594528646615040
1223594878732505088
1223599854141743105
1223602017685442561
1223602168688709633
1223603270792421378
1223604146873544705
1223607141363257345
1223607168328400897
1223608657776168965
1223610680894468096
1223611792401817600
1223613727276257287
1223616224476770306
1223616941505597441
1223619128520585217
1223621347080843265
1223624177200115712
1223629138248052736
1223633650169843712
1223634007080030208
1223641263754350600
1223642254990094336
1223645132748181505
1223645719317417985
1223651657940193286
1223652814381027337
1223659068943790081
1223660220209037314
1223660358692413445
1223661727298048003
1223662368489660418
1223663548309614592
1223665090702008324
1223669556054515712
1223675135011565571
1223676736552034304
1223680947863900160
1223681522269597696
1223681543832526848
1223681920506134536
1223683729190801408
1223684845001420801
1223687782847131649
1223689140392337409
1223691452741496833
1223693364693999618
1223693668038651904
1223703349993857032
1223703369417723905
1223706896051384321
1223710004139692036
1223710157961670659
1223713470429966336
1223714404929363969
1223715558090256387
1223717088767987715
1223717098486161408
1223717830853562368
1223721278554636290
1223733456519290886
1223736167243358208
1223739771710853121
1223740394195779584
1223743860268052480
1223744547538325504
1223744609274212353
1223788996154855424
1223794838505754624
1223809107297173506
1223809732374384642
1223810686570172416
1223814462009942016
1223825168885338112
1223830032851906562
1223830252683694080
1223830449304276992
1223830787411320833
1223833356477128704
1223842759859228673
1223847508893413378
1223858229324787712
1223860334852759556
1223860856481554432
1223862724406341632
1223863288620113920
1223866166319484933
1223867709374500865
1223870050932862976
1223876599839383558
1223881557234081792
1223883419236610048
1223885618595467266
1223888203477897216
1223899608893612032
1223901369473609728
1223906298661679104
1223914090281697280
1223932748513062912
1223932945494368257
1223936285292879872
1223946433465847808
1223951302729793536
1223954491977891844
1223965315173888001
1223995109387227144
1224002885660356610
1224009350311747585
1224016059574996998
1224033410043252737
1224051700027285504
1224067789444591629
1224078171517149193
1224083462149169153
1224104097399427072
1224205613980377088
1224223114562822144
1224287220464541696
1224290889029312512
1224322219519696897
1224385039510790146
1224484831502925826
1225342046787002368
1225541607749046277
1225542502507307014
1225551644936544258
1225559595395026947
1225564203592880129
1225621884060020736
1225630605863342081
1225703817586577408
1225734750113075200
1225786659184300033
1225800373442576387
1225885950078865416
1225905950286139393
1225950205352214528
1225951630635479040
1225953933492981760
1225955815904940033
1225957599314677760
1225962306661683200
1225977468659621890
1226003899410210816
1226040671217295361
1226044514718101505
1226047089601392640
1226054221780471808
1226088253276725248
1226093326639779840
1226102297417125888
1226107378363510784
1226149915379818496
1226174874219110402
1226201486511792129
1226550358224228352
1227018678664941568
1227482440899452928
1227717854541307907
1230152107266920448
1232270707083694086
1232830972082708480
1235370360251584512
1236757627956269057
1239995661115940866
##1223627674150633473##
1223653849866604544
1223654635652681729
##1223819647432249345##
1223846445888999426
##1231968929255428096##
1231969531670728705
1231971439932211200
##1228200344426930178##
1228201765281005569
1228202245059051522
1228202310007832576
1228203829784543233
1228207546470502400
1228208524510973952
1228208936177688576
1228210533523845121
1228221266554802176
1228222803360415748
1228232428935737346
1228240649767383040
1228240725424398338
1228258043521126401
1228263782587289600
1228264597330808832
1228266410125729794
1228292888188063744
1228293403949051904
1228294383168114688
1228322627271450625
1228323082537971718
1228326318183460864
1228337406199373824
1228350531162247170
1231926259267121152
1231963188385722369
1245163591113871361
##1228288142463193088##
1228290255645630470
1228290826918187008
1228291363734773761
1228293854874476544
1228311242261041152
1228333314987216900
1228345810527670272
1228374385385492482
1228406058001084416
1228419419522686976
1228578593598582785
1228657847761883137
1229142216356003841
1229215645251915778
1229290913354145793
1229324258666536961
1233504723451416578
##1237520551393935360##
1237522390734835712
##1231875717107003392##
1231875829820424193
1231883588372660225
1231884473299558400
1231889428689440770
##1232769497536303104##
1232769673512595459
1232769754097733637
1232770197557325824
1232770319171149826
1232770368861020162
1232771258321903618
1232781412950040586
##1232770728321331200##
1232771239841861633
1232778716155142145
##1232776324919545856##
1232776433472278529
##1232787972191326211##
1232789418244792320
1232814925871013889
##1232012197850537984##
1232014499093372930
1232015376822743042
1232016884784148481
1232020105686605824
1232039249106493440
1232155918328107010
##1231883230514577408##
1231883647772479488
1231883743742160897
1231884370157490177
1231884504366800896
1231884645446361088
1231885287086854145
1231885431463084033
1231885898012340225
1231886125263970304
1231886346840690689
1231886597672620034
1231886624860057602
1231887058140061697
1231895581062320128
1231897934356271104
1231899595061579777
1231902583553511424
1231905037015752705
1231928795415879681
1231956874985078784
1231994869444415488
1232020766306291713
1232042262785351684
1232600986994270210
##1230109217304064001##
1230112002053414912
##1230109929291370496##
1230114256621842432
##1231949784526807042##
1231951253342769153
1231951702191935490
1231951907809308672
1231952301390225408
1231952659533434882
1231952980947193861
1231953848375267328
1231957858931150848
1231960284253827074
1231963953372237824
1231972245272219651
##1232009841910145026##
1232009980770951169
1232010118100869126
1232011815149805568
1232012269560700934
1232013464702459905
1232014775560941568
1232018169155457026
1232020413921857537
1232023849178411009
1232026541263028224
##1231909453399756801##
1231909643494002689
1231910095275143170
##1232064121740419074##
1232071324761231361
##1223641946398306305##
1223642048336625666
1223642056825896963
1223642172953694209
1223642201206468610
1223642237835317249
1223642254100713472
1223642303979573248
1223642314226176011
1223642403992674305
1223642467242737665
1223642559932706818
1223642685095006208
1223642691147309056
1223642735506337792
1223643143826018312
1223643219256279040
1223643612610691073
1223643687235788800
1223643723835355137
1223643758287360000
1223643817070538753
1223643871533588480
1223643984242847746
1223644056712089601
1223644191915376641
1223644468219404289
1223644572665905152
1223644614453878785
1223645101454393345
1223646196121657348
1223646465626603521
1223646540151033856
1223647246673154048
1223648713568063488
1223649044268048385
1223649797648896001
1223650015761129472
1223651059232579584
1223652223051321344
1223652237186084864
1223652691429220358
1223652965984219136
1223655435242295297
1223657902981947394
1223658085740371977
1223660634090459136
1223660659415617536
1223662953838399490
1223663853206167553
1223664547782852610
1223665788789366786
1223666118050689026
1223666193762045953
1223666382371540992
1223666719929094147
1223666830780391426
1223667823639134217
1223672575898849286
1223672577849163777
1223674423066222593
1223676011805540353
1223676401376808961
1223676564484894721
1223679313557540864
1223680546515095558
1223683493080764416
1223686601399787521
1223689251730096128
1223690040682975237
1223694235792216066
1223695256820113409
1223696555980546048
1223696793399177217
1223699271876251649
1223701039485870080
1223706464222576645
1223706845837254657
1223706884185694209
1223707864444948481
1223708642807046145
1223710522681516032
1223714238658744320
1223717236654989314
1223727632245760000
1223729286017966083
1223729475495645189
1223736315772010496
1223737549211959296
1223754845926121473
1223755627543089155
1223757668466163712
1223760880929779712
1223774209979142144
1223798812256411648
1223810186906873856
1223823182718820352
1223831029913391104
1223835437921423361
1223846398736596992
1223849782407573504
1223860453165752323
1223863256604913666
1223878142802169856
1223878324923092992
1223878494322642944
1223880402965815296
1223881656706195456
1223883536505212929
1223889551820804096
1223891939617136641
1223899644087939072
1223901090170712064
1223907021596102659
1223912575668248576
1223932652773937154
1223956787910582272
1224018273810907136
1224032889051938816
1224193527191678976
1224365103639924737
1224594520685318146
1224755020010225664
1224820026764677122
1232791284995235841
##1223660121986883587##
1223660670144667649
1223670467246075906
1224049048572846080
1224223833386823681
1224443333973434368
##1223750325598814208##
1223771838582525954
1223822088517095424
##1223919615044177923##
1223933160204926976
1224001793316835330
1224072795132436480
1224074928896532482
##1232773748580868098##
1232774012104847364
##1221621249681608704##
1221677303001948160
##1221695882262913024##
1221701391737085952
1221744016334774272
1222029042376957952
##1221802473523990529##
1221805265340772357
1221819928723980289
1222013218576650240
##1221832492170256392##
1222966479601225728
##1221886999877050368##
1221887703568068611
1221888408844406784
1221889072827944960
1221890176777183232
1221892344221446145
1221900321674485765
1221905713263452160
1221915175671955457
1221915356408754182
1221923532290121728
1221942207860613125
1221985626582593537
1221997101183328256
1221997316221153280
1221999687265374209
1222007578311434241
1222012039293538304
1222036142394134528
1222060126124810245
1222081777096896512
1222107265026707460
1222109609382633474
1222118578968760324
1222122849286094848
1222193647229206530
##1222070670458261504##
1222072152310108160
1222073422479527936
1222074840124993537
1222078710855106561
1222080254845640705
1222085732283637761
1222093082843328512
1222106409095122947
1222116812571205635
1222121603099774979
1222131636176932866
##1222137967554301953##
1222138896865284097
##1222145019559022594##
1222145179802574848
1222145405217071105
1222145464159653890
1222146127916564480
1222147162945019905
1222147216539815936
1222148358460051457
1222148906114527233
1222150567553904640
1222150952830087169
1222153386860195841
1222155564475539457
1222157618501902338
1222158494616432640
1222161215721525250
1222163153351475200
1222171361877155840
1222172017321041922
1222172600622833664
1222178910449950720
1222192521780121600
1222197959842058241
1222202386762096648
1222204371489914880
1222234702137917440
1222243058936418308
1222245449895219207
1222250260443148288
1222259032246902786
1222283223390195712
1224364758318682112
##1222187709567045635##
1222187797563486208
##1223101509577035776##
1223165845582622721
1223351842710675456
##1223337968523497474##
1226194748362412033
1243150027889000449
##1223556365324603392##
1223566078359502848
1223749690992267264
1223754011532283904
##1223559173188833280##
1223559214762688512
1223559248048721920
1223560946288857088
1223561526461763586
1223561883782909952
1223562791061204992
1223565904866353152
1223566360778825729
1223569637130088448
1223585662651322368
1223637237038043136
1223638718441054209
1223656242427715584
1223696763820953600
1223704859473534977
1223796187184226304
1223900912617500672
1223917218569883650
##1223566138929565697##
1223621343536697344
##1223566575913095169##
1223570109748387842
##1223576191061450753##
1223591519002689536
##1223577069742886918##
1223577144305049604
1223581299555885058
##1223582229512773632##
1223582888349794305
1223584799648034816
1223586445891461123
1223596815855038464
1223597646365036544
1223599128250408960
1223624191783686144
1223655436492115969
1223667264584634370
1223678836203757568
1223725492437733376
1223754739663482881
1223930605961957376
1223931165435944960
1223936612251381764
1224168278790148098
1224169905508974598
1224172144545992709
1226425208510255104
##1223617243629654016##
1223617486177865729
1223620203998826498
1223640185348546562
1223650761248210945
##1223666368463155200##
1223667021730209792
1223667901149990917
1223672818182819843
1223676580058337282
1223708562075070464
1223718861989654528
1223735706008289282
1223743522903396352
##1223667344830009345##
1223669803421982721
##1223697529306398721##
1223701580840624131
##1223775766024019968##
1223776859097309184
1223778841090457600
##1224035392682328064##
1224036574062694400
1225867293684617216
##1224301743787466752##
1224302654031048704
1224308708534030339
##1224577625047224320##
1224602407965024256
1224651654756229120
##1224604391019249664##
1224631577919004672
##1224608067100315649##
1225640676865372162
##1224678997193306115##
1224679374760353792
1224693766365286402
1224945565273927680
##1225387212201742337##
1225388469595320320
1225626175742988288
##1225466197614919685##
1225467426298564608
1225467473237073921
1225467582402134017
1225467822232555521
1225472894156800002
1225474460612022286
1225477049156022273
1225515835667746816
1225560988180766727
1225712544670789635
1225714032235175936
##1225730140694556674##
1225730713800052736
1225730932985995264
1225731082827550721
1225732296239652864
1225733375421558784
1225734434009362432
1225734504486141952
1225735718871240714
1225736094035173376
1225737713162346497
1225738122727739392
1225741023348916224
1225745610143412229
1225746661248585733
1225747881807798272
1225749599564042246
1225750094231875586
1225750147583356928
1225750195448750082
1225754092670242816
1225758291294334977
1225766813235138560
1225768545042255877
1225768868880273410
1225769665688936448
1225770600163160064
1225772294863192064
1225778483265232897
1225779586778181633
1225782322664034304
1225784146066362376
1225784357979328512
1225800343960850433
1225805509342703621
1225809330307575808
1225819559963365377
1225822167998386176
1225830423206514690
1225842073405972485
1225845607786598403
1225849012617711628
1225857054503587840
1225865522602029057
1225866048307630080
1225870042170056705
1225876087005159425
1225876251392593923
1225879362215514120
1225881368091078662
1225902766993891332
1225906380957245440
1225915797370961921
1225919808614666240
1226028785776185345
1226039901101154304
1226042053970272256
1226060827259785216
1226068848518029312
1226079214648152065
1226079268901445632
1226083484172767233
1226087614215835648
1226110769227583488
1226111663813877760
1226121290135875586
1226187847423578113
1226286802849423360
1227467217274646528
##1225838428509605895##
1228269813098778625
##1226090093066190848##
1226094625707954177
1226157444348465153
##1226484000891580417##
1226484234895970305
1226487262852079616
1226487859768709120
1226579053144104970
##1226850479155662848##
1226851253289967619
1226851850583990272
1226851924013731841
1226852303690518531
1226852741311598592
1226853150587523072
1226853466745823232
1226854807589281794
1226856337096749058
1226858522094206984
1226859583399919621
1226863133102350336
1226864907804647424
1226867875077595136
1226871234689892353
1226874293939822596
1226899517821325312
1226926185160028160
1226950353440190466
##1227189284752355328##
1227189479162732544
1227189624591745026
1227189861972619264
1227192076674195456
1227192583765594119
1227193666546098177
1227201195363704834
1227208476339900417
1227208685832810499
1227208802405097475
1227209065618722818
1227209138767306752
1227219121160556546
1227221206513979397
1227221534768537605
1227232059074236416
1227234856003747840
1227244091055886343
1227245164432891904
1227246540777033728
1227266106584444929
1227270543776342018
1227277259410739201
1227296955757420544
1227354568318738432
1227591455675428864
##1227335278530039808##
1227346073506787328
1228570715772870656
1228576855155990528
1228674179949637633
1229427734415380481
##1227444631295709185##
1239852896302379009
##1227757022432649216##
1228010704839544832
##1227890056838438918##
1229745898508427266
##1228042570749616134##
1228042994156277767
1228043872368025600
1228044971070164994
1228045938104700928
1228046164001542146
1228047157372035081
1228049903391330310
1228052678292447232
1228058893147922449
1228073430072860673
1228095628171005953
1228114445953642496
1228116497731551232
1228205062402428935
1228210519384809472
1228256819434459136
1228288654814195712
1228306942780747777
1228390536094126081
1228893821657899011
##1228267911678132224##
1228351863847821318
1234841023509123078
##1230107262221504517##
1230107618682769409
1230108008904036352
1230108087140409344
1230109818352013312
1230109968206045184
##1230109210777735170##
1230109505712685057
1230133209461116929
##1230556206583840769##
1230608925734690831
1230783247262650368
##1230900815306657792##
1230900994025893889
1230902024264388610
1230950077386182658
1230953797805015044
1231071615728918528
##1231331679312240640##
1231347863931801602
##1231486606860865536##
1231517301087834113
1231569933651398662
1231570192448270342
##1231570918549413888##
1231571758072975360
1231614882090491905
1244481139474960385
##1231646311511801856##
1231656384661467138
##1231873607820828672##
1231873921017942017
1231873981445267456
1231874153592082432
1231874589174661120
1231874737053327360
1231875687503540225
1231876072066682880
1231876186881568770
1231876618420998145
1231876845534162945
1231877991229218816
1231878035617525767
1231879343929995264
1231879705923448835
1231879982785400834
1231880690796503042
1231880920833155073
1231881235036811264
1231882172128276482
1231882357814198272
1231886504567476224
1231889154897858560
1231893003112939520
1231894289795420160
1231896107954974720
1231896606787719168
1231898263114178567
1231903633152802818
1231904432989839360
1231905682254958592
1231910973063208964
1231914005708656642
1231918067938217985
1231964117319258115
1232034993620254720
1232110811503644672
1232244957064441858
##1231883556517011456##
1231952355383443457
##1231885042353426432##
1231885082585108480
1231885211098603521
1231896139735142401
1231918752469540864
1231918879292755968
##1231885474421190656##
1231892902995013633
##1231886484963282945##
1231887664074436610
1231888258046492673
1231889909641875456
1231901531806584832
##1231889693454802947##
1231890049173803009
1231911615341223936
##1231893767378083840##
1231894133004029958
1231894464458825733
1231894574915817473
1231894751500214277
1231894935726706689
1231895206120869888
1231895618072842241
1231896026073698305
1231896079387561987
1231896253694431233
1231896341208588288
1231897188982296579
1231897502133235712
1231900416281137157
1231901188477669376
1231902303155838976
1231904859609272320
1232091421110349825
##1231929865244467202##
1231931010989936641
##1231931052425383942##
1231931225624981505
1231936065415634944
1231939576597557249
1231953245196738560
1232149047768682496
##1231948760609148929##
1231949612711317506
1231950434501382145
##1231949959504826368##
1231950333657722880
##1231950846889512960##
1231962039339376640
1232077215346700288
##1231953687075020802##
1231954233152483329
1231985880191115264
##1231954948042170370##
1231955438410878977
##1231956597452263425##
1231956997022666752
1231959893747388416
1231961140181291009
1231961265494482945
1231961945781174273
1231962446740566020
1231966066663968774
1231971431556296704
1231976099090980865
1231994519228428293
1231995707424415746
1231997633717137408
1232002380838973440
1232003816972857345
1232008555726868485
1232014074915041286
1232014190312935424
1232014781953007618
1232017467599458311
1232018349074386945
1232019172999278593
1232021028748001284
1232021776764461056
1232023818568454145
1232024091605053442
1232029385659645958
1232037188939980805
1232046952767983618
1232052775099490305
1232053315720007680
1232059652097089536
1232062365375639552
1232064278901002240
1232066401143312384
1232069630866448387
1232071091578982400
1232072542296432642
1232074161029361664
1232074171997442049
1232080181604552705
1232095165508091904
1232104408273563651
1232146811395158016
1232150609974956034
1232157894415650816
1232158582554202112
1232161965465837572
1232172104054956032
1232182048888098816
1232221259259404288
1232223119055736834
1232224659199930369
1232228023224631296
1232229118202327040
1232230508525998081
1232238748320124928
1232244849128148993
1232253443412316161
1232261897505906688
1232266409599807489
1232268166090416129
1232290713636761601
1232296791875444736
1232305461254291456
1232345890402246656
1232401212357664775
1232507637280972800
1232513834105155585
1232524276693176322
1232984644108398593
1233022374678847488
##1231966224776605697##
1231966412639473664
1231967063675166720
1231967240687357952
1231967530589224963
1231969917412499458
1231979815881891845
1231986526978027520
1231987417651064835
1231990924340793345
1231992957177339910
1231998723812708352
1232001316836270080
1232009845483720704
1232014065712730112
1232022909851443203
1232056252848648193
1232091181196234753
1232323467984416770
1232754236682833920
##1231967088970993665##
1231971185665232896
1231976633856331777
1231988409536843776
1232075406838292480
1232076431338897409
1232163223002062848
1232182098733289472
1232194750964543488
1232226836073140224
1232330314132938753
1232333442098049025
1232633895906091010
##1231989289338179584##
1231989927140896770
1231990021063921665
##1231990209757184001##
1232212005555253248
##1232014831567302656##
1232018625667702785
##1232033689074307072##
1232034790695743488
1232039091950190592
1232040266472751105
1232055532829147138
1232057821019168769
1232072067438305280
1232076711266856966
1232085960294359040
1232164293241602049
1232183354163941380
1232201922972733440
1232204052039118848
1232215792520978433
1232252541422927874
1232276820885676032
1232364775419580417
1232452073335050240
1232474515730395136
1232574906518380544
1232647783003426816
##1232048809422680064##
1232048889450070021
1232049364866150402
1232052603757965316
1232052695831318535
1232053328999305221
1232104856619560966
1232127324725882880
##1232056345270112256##
1232057648633319427
1232058066096533505
1232074206424305664
##1232563350078476288##
1232569078985916416
##1232582621198241792##
1232585071028297730
1232587511274332160
1232651700990889986
1232660107365928960
##1232592057337864192##
1232850620400521218
##1232767117377835012##
1232767177633288198
1232781545552871429
##1232769216606097408##
1232769375431688195
1232770197146210304
1232770318638501890
1232778686484697089
1232778795637264385
1232781181093122048
1232781731058548742
1232786883614322691
1232787026614915085
1232787170085265409
1232790974205579264
##1232779872893833216##
1232785845762936832
1232787672567029762
1232872599677476866
##1232810967106539520##
1233070148531212288
##1233421918952398849##
1233422189334081536
1233422951535579141
1233546239830036481
##1233499582493085699##
1233502533718593543
1233502557642936321
1233504126325207042
1233767327377903616
##1233632995434795008##
1233633558746533888
1233634069411508224
1233634656538517507
1233634820586188800
1233640370283651072
1233642185452609537
1233643646899179522
1233646195748360193
1233650329117478912
1233653756039979008
1233664025638076416
1233665026575208448
1233668704224862210
1233670790085783552
1233673371902251008
1233688882761338882
1233695956400582656
1233705870648844288
1233707016419446784
1233710166882836480
1233729005238587392
1233731525411250176
1233765612641488896
1233997186297421824
1234572545338290184
##1233761962888175617##
1233821842034561024
##1233851937423933440##
1233853126387609612
1233853286127632384
1233853400766451714
1233854121339506690
1233854235000868865
1233854302604681221
1233854767753027591
1233860270881222659
1233860758548762625
1233861138233856001
1233861838565183491
1233864805754298368
1233866908967079943
1233891909753561090
1233892526404374529
1233898778547146752
1233956232366608385
1233974146272505856
1233985025542164483
1234049501826048000
1234072896923934721
1234188121979465728
1234325760237809664
##1233868083342737408##
1233868727147532293
1233871592029065216
##1233904815698272262##
1234255827810295810
##1234044181586350086##
1234045780790521856
1234053238170771456
##1234199255222489088##
1234285569372454912
##1240391232758722563##
1240392142771675149
##1240411361143918592##
1240412604130000896
1240413360979615745
1240430792091865093
1240432129294708736
1240483276906795009
1240494669559148546
1240520785342726144
1240543420189487104
1240558955681787905
1240654712841670664
##1241114793383088130##
1241114991975190529
1241115214357168132
1241115430737129474
1241115751911743492
1241115988810182658
1241116783660105729
1241118506407600143
1241118524438908928
1241118978921168896
1241119355246690304
1241120662313410560
1241123229038792710
1241124442480300039
1241125703254511617
1241128853080334336
1241206350526504961
1241295392614092800
1241377524854272000
1241384945005838337
1241441863313362945
1241722267500830720
##1241453050411261953##
1241773524798275589
##1241784522024325122##
1241797954358345728
##1241869947527204867##
1241871391235981318
##1242942361715585024##
1243153648210804737
##1244289462231633920##
1244289763588308994
1244289774439010304
1244290794208604162
1244290866249900033
1244291802066288642
1244291897566343170
1244291947990302720
1244292063853785089
1244292765153886209
1244293211029491712
1244293338456621056
1244293735950794754
1244294992962760712
1244295162232176642
1244295632581529600
1244301936565915650
1244305690883248134
1244310912904945664
1244312813553803265
1244317591495012352
1244324020352360449
1244327465297813507
1244330373368201216
1244340088823255041
1244343048156393472
1244343575581790212
1244346561112522752
1244347457569513472
1244349141234470914
1244350215202787329
1244351525473878017
1244365921461944336
1244373416968441858
1244390169681096704
1244407288724688898
1244449504373473286
1244529785797316608
1244611742073790465
1244708935229231104
##1244646626867720192##
1244655990970159111
1244656158234882048
##1244753817532497924##
1244756628789919746
1244757488248983554
1244762697545199616
1244793860657680384
##1222570531838464006##
1222752238403293184
##1222655621939499009##
1223334163593539584
##1222905050265079812##
1222906434767269889
1222928917482418176
1222931054908125185
1222932024413040640
1222945372470947846
1222946088803602433
1223012694112063491
1223014856695128064
1223050250715389957
1223053893476724742
1223082672223916032
1223133883010633729
1223141124224770048
1223198229422116864
1223200463065092101
1223224655001083904
1223312437258203138
1223337613890916353
1223555941154598914
##1223002386467344389##
1223025007338688512
##1223017701809016832##
1225229199109185539
##1223027180290048002##
1223049549209636864
1223055766711611393
1223098299466436608
1223113049281716229
1223150180490534919
1223161035491872769
1223180430461063169
1223193205811875840
1223240370382954496
##1229397838100037634##
1229400325397700608
1229420831366942721
1229534904070868996
##1229870336394612736##
1229871836046987264
1229877733943062536
1230155545342042112
##1232145662730481665##
1232261389588324352
##1232199370113724416##
1232233818205179904
1232550600199540736
##1232209866548240384##
1232209923561447424
1232210824653103104
1232216659047436290
1232354257946529792
##1232212127005446144##
1232280971862519809
##1232212793341992960##
1232212942650773505
##1232301777535537153##
1232302130364588034
1232321198614351877
1232322101635358720
##1232325170054017026##
1232325347158429696
1232325603032010752
1232328779579691014
##1232986269225046016##
1232986542643257345
1232991380533850112
##1232992682189955072##
1233050841709453319
1233052770011426816
##1233127161176788992##
1233128609998680064
1233128689820323840
1233128946042130432
##1234584793012228096##
1234586867858919430
1234591687881654272
1234607399027314689
1234618029348212739
1234625627040423947
1234692576311115777
1234699084742746112
1234725032129179648
1234742039721410561
1234791446366040064
1234795705342025731
1234803242753761280
1234831705674067973
1234834508731633664
1234944845128617987
##1234406843155386371##
1234429820261609472
1234464366185140224
1234467323723026435
##1234365326168555521##
1234366079193010182
1234366509495017474
##1234900869608505344##
1234923858274193409
1235256099835650051
1235452577527066624
##1234916480145334278##
1234916753941106697
1235321297976135680
##1234929489420914688##
1234929615275282434
1234930152863346688
1234973266051100672
##1235076877620072449##
1235080514966450176
##1235094232265682945##
1235116171805872132
##1235297723383001088##
1235299282787409920
1235299512786333699
1235299597146361859
1235304730924064768
1235305152644554753
1235452026429063169
1235470907013033984
##1235904281473056775##
1235904428827389952
1235904940213760001
1235905383744647168
1235911662177263616
1235915559310708738
1235931409694552065
1236071033754595328
1236399861530071041
##1236327811981266946##
1236328239569698818
1236328409371983872
1236331076978716673
1236332121825988611
1236332284040675328
1236426599756636162
1236477423966969856
1236604408802181120
1236621780154036238
##1236362861024366604##
1236365904654540805
##1236367056594964480##
1236375188394184705
1236378650347528193
##1237071531051823105##
1237120822109708289
##1237105630974038018##
1237105967466270720
1237106003235287042
1237106386431102976
1237108149347397643
1237108324539289602
1237108327022235648
1237110105247809536
1237110996432543744
1237112341172535296
1237113127034118153
1237133276667658242
1237189561748463616
1237215901348442112
##1237156947167711235##
1237173200204836864
##1237322056628408322##
1237331640298471430
##1237445875397545984##
1237466545120575489
1237480587306418177
1237529500268654593
1237573336550400000
1237653220266303488
1237683461084897280
##1237671276950556673##
1237685930280042496
##1237775886532980739##
1237779048450994176
1237783831639404544
1237864988993130496
1237890642908495872
1238038588874543105
1239294607474786306
##1237873264606633986##
1237873710511472642
##1238104025968541698##
1238108170721075200
1238124926818824192
1238136754072363008
##1238401092725157888##
1238545075828862984
1239263594585473024
##1238522599644299264##
1238523038498422784
##1238533286336569346##
1238535412232196096
1238551447731605504
1238551749474082817
1238558352709484545
1238572001842905093
1238582537854824449
1238583923715825666
1238600414842544129
1238602307484426240
1238622839885963270
1238676482844655616
1238704106056880128
1238724920185630720
1238753146916110336
1238785324400234497
1240989725017735168
1241049019813695489
1243584143251910657
1248652773639499778
##1238811135303774209##
1238811773974740993
1238830362844893192
1238859634787659776
1238860841132462083
1238938129056387076
1239077019410980864
1239206209934295041
1239215206892478466
1241115837358133248
##1245807830034153472##
1245817134745296896
##1249825286092402688##
1249833525634891777
1249840238907850752
1249874362091687937
1249877526941511680
##1245771698567360512##
1245782278573260800
1245803602771410947
1245807614690242562
1245916415237865474
1245963985658220544
1245968160949444608
1245977802790383618
1245979220997783553
##1245773136743862272##
1245782168833601543
##1246126246527991808##
1246126349779120131
##1248042686424252420##
1248050011050512386
1248050516736847874
1248105263703482368
1248162710933721088
1248165782166671360
##1248254239027200001##
1248256703633723394
1248270411118325761
1248270923737763842
##1248304629458370563##
1248383483761704960
##1248564732602302465##
1248574440310439936
##1249117300206247938##
1249117617270464512
1249118536372535301
1249119575339347968
1249121874891739143
1249122189196083200
1249122494889562119
1249123140632010753
1249123338846375936
1249124926134550528
1249127069277134848
1249134557439373313
1249166309105045508
##1249760458053222403##
1249760625208832001
1249761209022181390
1249766937514643457
1249778601379147777
1249778716265283586
1249782899890630656
1249812101025193991
1249824657466949651
1249896526429720577
1249956987640729601
1250069383965282305
1250085042560348165
1250113114181447681
1250128479246483456
1250156946554073088
1250209801512144896
1250242243379843073
1250301828333359104
1250310946968326144
1250338601071595520
1250344621567139840
1250376841128316929
1250659319030452225
1250664567853789186
1251134213438439424
##1250754056026501122##
1252208965393547264
##1253790775458045959##
1253791114513055745
##1254915731344494595##
1254916131544014848
1254916619937239041
1254917124818178049
1254917228752965632
1254921266349445121
1254921281423769600
##1221808968319864838##
1221814177062379520
1222859532491264000
1223409149435957249
1223696883564064775
1223698626121228289
1223709586584219648
1223714007560998912
1223724014499192832
1223725068431319043
1223727233250025472
1223737097573601282
1223744601309220866
1223746747303964674
1223747452991426562
1223747644327108609
1223754423727464449
1223760403659923462
1223760524908908545
1223761169078530049
1223765521553817602
1223767005557350402
1223774436572254213
1223776324784967681
1223779123463704576
1223779364036280322
1223792551737597952
1223832288758325248
1223854975161376768
1224018287928975361
1224259282968940544
##1221893594350526464##
1221893671093788672
1221899942081519620
1221907525919838213
##1223203395793817600##
1223203859536982016
1223218616629448711
##1223574941800521729##
1223576715580014593
1223911171826294785
##1223722498119913473##
1223832513463902209
##1223937593911451648##
1224416374233227264
##1224298279019732992##
1224314299281223680
1224315788011720704
1224411936667897861
1224414175771885576
1224633743069077504
##1224634919974068224##
1225953471498801153
1226153264665833479
1226664496652963841
##1224663395816873986##
1224664403628433408
1224743610123505667
1224798046921330689
1224798163241926663
1224819442955276288
1225040548614098944
##1224788672194785280##
1224999846970568704
##1226058144092213248##
1226060140786462721
1226071248393965569
1226075052296327190
##1226242145645887489##
1226247850503348225
##1226466267797868544##
1227154390471073792
##1227583846423683075##
1227591932014219267
##1231176304231407617##
1231182843742736384
##1231499899683905536##
1231556586268712960
1231572215776391169
1231716506020569093
1231753402939592705
##1240419946988843008##
1240429350891241478
1240459134924775430
##1242788986361385056##
1242790768877744133
1242794148698128385
##1246187116444422146##
1246189266893451265
1246190916873879559
1246191384543010831
1246382482041298944
##1247878632745435136##
1251817720246685697
##1249782744097398785##
1249783165440397313
1249783309065957377
1249786054502166532
1249786255149318152
1249788639887986688
1249789508725415936
1249797740776783874
1249798070088404993
1249804900680204288
1249810503414603777
1249811936830722049
1249812810563018752
1249821423759212550
1249822522360594435
1249827013701099521
1249880372218867714
1249894923341611009
1249896281977339904
1249943269091483648
1249953404081901571
1249953837688991745
1249959386686066688
1249963049626279936
1250007049477533697
1250014672218095622
1250104693679890434
1250109277567684609
1250145530711281665
1250153526493315072
1250157801340645377
1250159466684784641
1250171200136974336
1250175404024963077
1250199233015267328
1250260349548408834
1250273967169867776
1250392546616004609
1250393962268983296
1250395532373233664
1250421295478538241
1250451307107954690
1250761539361148928
##1250510262974676995##
1250510382537625604
##1222594765910429696##
1222595466988281856
1222939337261830145
##1222781704047382529##
1222837282723463170
##1225112628437143555##
1225117287356780548
1225119762168020997
##1225166947362529280##
1225425777384153090
1225612365946904581
##1232946747778969600##
1232949265531625472
##1235172014295568385##
1235172973016948737
1235183277226561536
##1237402833194045441##
1237405249725399040
