##1236362622716518401##
1236365957804818437
1236379965320560640
1236645947083567107
##1236379668103802881##
1236383482408034304
1236388658695090178
1236409717385318401
1236454180262416385
1236527634240212992
1236531938363691008
1236567962485735424
1236601260226289664
1236631647816163328
1236991285447229440
1237846382511177729
1237847375437156352
1237848753458958336
##1236427908756860928##
1236429342265282563
1236429399479681025
1236429878301523970
1236430267360972800
1236430453348933633
1236439823788969984
1236453785800790016
1236456552887988224
1236489290147942400
1236497622854250496
1236505690098843648
1236505838854066176
1236512826275094528
1236523782627622913
1236527314034442240
1236528050067693568
1236535341605150721
1236536570922119168
1236537741036466176
1236540393157689344
1236544669057769472
1236547697919868928
1236549638058061824
1236557982483316736
1236559593691586561
1236565276105281536
1236573364594118656
1236584752125280256
1236593114179141632
1236608144404393984
1236632246016249856
1236636699544952832
1236637258108874755
1236649431879090178
1236650944248627205
1236666173388972032
1236691896837308417
1236692867478847490
1236693174778761216
1236700030838476803
1236704352066318339
1236722548869607424
1236915929411444737
##1236664572611907584##
1236668310055464960
1238780564276236289
1239227926136176645
1239388666809798663
1239427536381149184
##1243609072815026183##
1243609131090677767
1243609654397153291
1243611654010605568
1243611739712880640
1243612005526888448
1243628033006854144
1243636933638737927
1243637217114951684
1244055806733139968
##1236395448987987969##
1236396413816373248
1236397124931256323
1236398167740026882
1236439027101970432
1236446602082111488
1236488319355310080
1236491217225072641
1236520476324888576
1236520785264758784
1236539680239255553
1236619973079990272
1237164240005455872
1237808910528020480
##1236684214692700160##
1236687446227681281
##1236699208083791872##
1236701397296590850
1236712428228022272
1236723765763080192
1236806376392994822
1237146460992483330
##1236771316201598977##
1236771705512767489
1236772125815582720
1236772205943558146
1236773071157067777
1236773096939491328
1236773463471382528
1236777469849538561
1236778289102020608
1236778309989564416
1236778993862561794
1236780129952636930
1236780328179687424
1236780795550892037
1236782351868399617
1236783940435935232
1236784798313492480
1236791018873401344
1236791099374678016
1236822950340411392
1236824382615490560
1236858874961035264
1236865334625402880
1236868470790381568
1236871821695373312
1236878118448660480
1236880211901329408
1236882712872574977
1236885477443153920
1236893728746463232
1236896278962987008
1236901967450050560
1236909977937330176
1236923075540779014
1236925572665806848
1236929038947618820
1236931175198924802
1236933385165197313
1236933812392730625
1236935891609886720
1236940779731517440
1236952043992092673
1236959957158965249
1236960814084558848
1236975139004256260
1236992062777626624
1237020993224310789
1237099697526972417
1237114230870093825
1237121047650013189
1237153282507841538
1237270544506130432
1237324094959484930
1237331642571730944
1237382896534482945
1237550253764558849
1237642753036693504
1237814414297923584
1238059804381327365
1250681683864666113
##1236802834387079169##
1236804312615079936
1236807053324230656
##1237125353983954944##
1237125656670076931
1237125940825788416
1237126478824955905
1237129779821903872
1237134072054460417
1237411490149224449
##1237153975255871488##
1238094629641338880
##1237279237708668928##
1237279280192724993
1237307753850437632
1237310773715763203
1237872449921773570
##1237341363919892480##
1237344434729168896
