##1238535807574646785##
1238536401857232900
1238536540797706240
##1231606672256372737##
1231606714820108289
1231607152768405504
1231608062710079489
1231610309640622080
1231611007455420416
1231611717102292992
1231613099381272576
1231652772535242754
##1231608800089714688##
1231802992908742662
##1233758143919902721##
1233759132819304448
##1231619738658320385##
1231620103978045443
1231620501241520129
1231625132101206017
1231625410464665600
1231626581845708800
1231628580213477379
1231647036606500864
1231647947080728578
1231736079973330944
1231754079182958592
1231804755321683969
##1231688261363523584##
1231688750377439232
1231707818786541568
##1224292204614692864##
1224294678566260736
1224315110535172096
1224318917151264768
1224578853856780289
1224670645335810050
##1238407624007258114##
1238408138094608384
##1231605548019265537##
1231611860878843905
1231612769197268998
1231613460540280832
1231640451167506435
1231673594444492802
1231885962902413314
##1231605650863644673##
1231605682702635012
1231605700524204033
1231605702914977793
1231605916115623938
1231605963616026624
1231606051528728576
1231607359862079489
1231607476052733952
1231607858246103041
1231608295137435649
1231609399745171459
1231610901691760640
1231611169615568896
1231614535599099904
1231616774694678531
1231618364390477825
1231631084464623618
1231635928298532864
1231640534747406338
1231641823107592198
1231668308505776132
1231683957978169345
1231703176862162945
1232003722433224705
1232085317383073793
##1236163821200453633##
1236226212810428417
##1229011698813677570##
1229013262420893705
1229013502406340609
##1229022583720480769##
1229040554006192128
1229059699120771072
1229865219377319945
##1229022979918573568##
1229023496732389376
1229040178037239808
1229040940083445761
1229043013516693505
1229137958210605057
##1230572784495087616##
1230576725152665601
1231420037577224192
##1232874051145736192##
1232957798322970626
##1234203300754546694##
1234204046636015617
##1231645700615741441##
1231647235647078400
1231652562648141825
##1231647664959315968##
1231648800277778432
##1231943635974918147##
1231944510453813254
##1236388799011328001##
1236393871673905154
1236431459088564224
1236579305393729536
##1231606329313198083##
1231606379972042753
1231606454479704065
1231606478177472513
1231606581709754371
1231606858890256384
1231607107604164608
1231607336810287104
1231607584966221825
1231608079923449857
1231608082037383168
1231608249629188096
1231608497734852610
1231608995602890752
1231609760224612363
1231611851080978432
1231612027187220482
1231612657632980992
1231612684778557441
1231612832019570689
1231614329142816769
1231614466984423424
1231614478522949633
1231615030933716993
1231619088889393152
1231621038477279233
1231624934566350848
1231628221034176513
1231635971013255168
1231637415179300867
1231640157046091777
1231642829727969284
1231660457435549696
1231661037734285314
1231662732321140737
1231662971186819073
1231668087352676353
1231670284819845122
1231673218878013443
1231673388197928960
1231696485181526017
1231705167810220038
1231779134856212480
1231914115016294402
##1231614853892231168##
1231615024126472198
##1231620879890702336##
1231621411376173056
1231645391889870848
1231660908633624576
1231663475484712960
##1231632082805444608##
1232336138070896640
##1229025907496628224##
1229026861398798336
1229029155217473537
##1232708149951397888##
1232804821574483970
1232911125290868736
##1234575288132087808##
1234838846241693696
1236211580926341120
1236391368555204608
1236392664834158594
1242244748636835843
##1234921492036640776##
1235136067197636609
##1235222405230006272##
1235226924479377408
1235254884078891009
1236280923005616128
##1235306053635579906##
1235306271055720448
##1243961886443311104##
1244147787924725760
##1222187985602535425##
1222214951542099969
##1221749806567170050##
1221756390131273728
1221756673368285187
##1221802761265782786##
1221879345221861377
##1221867233640636417##
1221867361483067395
1221867505846837250
1221867531473956866
1221867792435228673
1221868203246223362
1221868282107650048
1221868340853035009
1221868558612881408
1221868893179994112
1221869815742201856
1221870020462096386
1221870903191068672
1221871292820967426
1221872286451585026
1221872407822176256
1221872448460795904
1221872550592045056
1221873317499613184
1221873350340960257
1221873645548703744
1221873997257887749
1221874607910739968
1221874684020563969
1221876098373427200
1221880524727312385
1221881659005526017
1221885273753210881
1221888228632006657
1221888454637838340
1221888874907099143
1221889344828575745
1221891965521932290
1221898456987525122
1221905281543802881
1221908707526750208
1221909141062635524
1221910796579614720
1221911546571501570
1221916491240628226
1221923748456148996
1221935706811117568
1221990072133791744
1221993109896253440
1221995266397626368
1221995593435926529
1221998227634999298
1222034449631760389
1222037190575869952
1222039083654041600
1222043027130212352
1222044180488380418
1222045489895542784
1222045550079565830
1222053327455707136
1222068198956249088
1222069702651977728
1222071525781786624
1222095263562719233
1222109000432570372
1222111753598836736
1222117184547295237
1222146201010745344
1222188897515528192
1222192761530654720
1222197775259045890
1222216800567463937
1222808044628795392
1226941677333598208
##1221960670679191552##
1222062187818246144
##1222024823418839040##
1222025657208791040
##1224712405223137281##
1224715538926112768
1224716638441943041
1224717918036021248
1224819761936203776
##1226233813656899590##
1226233957441818625
1226234002270556160
1226234503326306304
1226234619491692544
1226235692772200448
1226235760170426369
1226237165925027843
1226237437090975744
1226238278925508609
1226238340225273856
1226238975553265665
1226242905444175877
1226244160589639680
1226244365175152647
1226249357634211840
1226250160772177920
1226251692884275207
1226252900076310529
1226253256004980736
1226271677371363330
1226281210713866241
1226284111578435584
1226290849249665024
1226291677951741952
1226332394736824320
1226334344169578496
1226338988081938432
1226343371368693760
1226350743499747329
1226360332173611008
1226367100228440064
1226376192862904320
1226388858675302400
1226394642482126848
1226395950220005376
1226400882612289536
1226427378005610496
1226427521262071808
1226430010417958918
1226438278485770240
1226446161273290752
1226449629987909632
1226461148570099716
1226461986101309440
1226497925074817024
1226498764661252102
1226527064028778497
1226947147058360322
1227207400777752578
1228665598638424066
1237626800429244417
##1232014788684926977##
1232015098216091649
1232015187126996992
1232015637691731974
1232019356109955072
1232019707194150913
1232019965382975488
1232023129481977856
1232032340395876359
1232035326526459905
1232045001464537088
1232053202868146176
1232055094281109505
1232194675378880513
1232299989361143808
##1232055522012078085##
1232355242886549505
1232386311841107969
1232388809607741441
1232457428626632704
##1233362147436105734##
1233366014366273536
##1222927160199041024##
1225360334581649410
##1229395069716836352##
1229396657256779783
1229398717154963456
1229399072408252416
1229429319996465154
1229490197429129217
1229640477957402624
##1229847970448912384##
1229854565291495424
1229871967274225664
##1235544206111842306##
1235554945895723010
1235580646661206018
1235625654646947841
1235630346839846912
1235898841766952961
1235916067043782659
1236056758608703489
1237247380770127872
##1222175583595114496##
1223651524901048320
##1223372888503476225##
1223375012108914689
1223375850629947393
1223375910738391040
1223379047679434753
1223388153643401216
1223389283643359232
1223393533903691777
1223517388458602497
1223617920414179335
1223655959765094400
1225159653841080320
1227686221805228032
##1223677921262546944##
1223688786430898179
##1223706270018035714##
1223706741281562630
1223706834655219713
1223707240047222784
1223707976873250816
1223710751183065088
1223711260187004930
1223790175601545216
1223829626620870656
1224062220709044226
1241844918248779777
1241848903533826052
##1223915522494029824##
1223916039936839690
1223916272225865733
##1223921399879884800##
1223922234198237185
##1224673943283478528##
1225762826838577152
##1224677262991282177##
1224824896192159746
##1225386383486967809##
1225412961692475392
##1225841656643059713##
1225925311281455104
1227222803201626113
##1226042638236868608##
1226104241560969217
##1227246831563919360##
1227349322947321860
##1227522169971859456##
1227524328339709952
1227540002441252869
1227543397143076864
1227544883965067272
##1227682549373308928##
1227683702559461384
##1228771705822367746##
1228993429591461888
1228995155295862785
1229330559756881921
1229330570016100352
##1231267785734524928##
1231268079000260608
1231269903145021441
1231281842713714688
1231313706568560642
1231499780745986048
1231542246555688960
##1231517404921987072##
1231519642587467777
##1231543974621536257##
1231546810356903944
1231561074983436288
1231584721911586816
##1231605987934658560##
1231607337514864641
1231612236764008450
##1231606360476913672##
1231606455133974528
1231606487958654977
1231606488298377218
1231606610356850688
1231607953565851649
1231608289055662082
1231608648201310208
1231609259412131846
1231611424847409153
1231612517602013190
1231612866773557249
1231612925376389121
1231615163704467456
1231615637392384001
1231633582340349952
1231633654318804996
1231634598976802823
1231636591841546246
1231637865651724289
1231643326614528002
1231650187464056833
1231659706185326592
1231695405156651008
##1231606685040508929##
1231666809977344000
##1231608232176693248##
1231608296538279937
1231608715486339073
1231609106970152965
1231610301403090944
1231619375532314624
1231667666211000321
##1231609703442079745##
1231609853384241152
1231610290820853763
1231610794510602242
1231610837137264642
1231610837598642181
1231612410898898946
1231614620512727042
1231615920889618432
1231616255444082688
1231616906513260558
1231618324762701826
1231619378770325507
1231621763244658696
1231624553035685890
1231658243342110721
1231674035320348678
1231674678206517248
1231699614169997312
1231767909707460611
1231775447291252736
##1231609717249773570##
1231628341234601984
1231628575742349314
1231628606562086912
1231628609766424577
1231628640024236032
1231628668335775745
1231628701135200257
1231628704931090434
1231628709016285185
1231629085912248321
1231629258793066496
1231629341160824833
1231629525768966144
1231629868099567617
##1231612384713859072##
1231612788675665922
1231615781802102784
##1231613452571041793##
1231613613338742795
1231629712470007810
##1231615075305345025##
1231615286433984514
1231616639159996418
1231631026453143552
##1231619975590350848##
1231653888941608960
1231810960987475968
##1231626704348762112##
1231939570666741760
##1231631052826869760##
1231631323888062464
1231641474527350787
1231696967639719937
1231943338359697408
##1231634500918136835##
1231634598536392705
1231634916523331584
1231657403558584320
##1231640007410143233##
1231640114306179073
1231640199865782275
1231640373719597063
1231640472751394819
1231640543240826882
1231640578489712650
1231640916861030400
1231641111271268354
1231641202455437317
1231641205328502785
1231641314346840064
1231641324165697536
1231641726793781249
1231642061880938499
1231642218940813316
1231642660349370369
1231642664656941062
1231643766961975297
1231644007320752128
1231644818075504642
1231644918336061443
1231645137639526400
1231646298555781125
1231646467426783234
1231647637641756673
1231648737052766210
1231649203169964034
1231650874251993088
1231650993613475844
1231651878754234370
1231652473934315522
1231652506159263744
1231653117705490432
1231653457314172932
1231654134761299971
1231654856135409665
1231655400732266497
1231655552889040900
1231656225282121736
1231656426176745478
1231656516270379009
1231657650452078592
1231658653423370240
1231659906257780738
1231661123298041857
1231661322716270594
1231666044147785728
1231666061755461632
1231667651623243776
1231668305099972608
1231668419394777091
1231669386798342151
1231670832444952578
1231672286970830849
1231674658656784384
1231676131834843139
1231684068519108608
1231686478977290246
1231693296658976770
1231695502196060161
1231713663008018435
1231713843807649792
1231714314488336385
1231721010463899649
1231739868906127360
1231745536744730629
1231751509282557953
1231839153526054912
1231849643165786114
1231854394364301313
1231866749018087424
1231873179095830529
1231912924869992448
1231922245389496320
1231967936874766336
1231969678890762240
1232063470197256192
1232086268454064128
##1231650749316247553##
1231651028547833856
1231656041386999808
1231656690602385412
##1231923192484241408##
1231923377939582976
1231923540070404104
1231923681468743681
1231924453937946624
1231926896142798850
1231930382003720192
1231948433977749505
1231981314666123270
1231981748122198028
1240906989976330246
##1233407973277474817##
1233434138377621505
##1233559525426388993##
1233561882662973441
1233565257748172801
1233801144121647105
##1233765231723208705##
1233768735493808128
1233771695246323712
1233776354685927424
##1222995400937725954##
1222995690281930752
1223002323657555970
##1222997916903600129##
1223002918791581698
##1223003395902058498##
1223006208845664257
##1229361132785238016##
1229361750774075393
1229364906283151361
1229428858346246146
##1232913888104079361##
1232914637743706114
1232915189374345216
##1234929385771323393##
1234940412466319360
##1236168166985936896##
1236183464489164800
##1236532129225375749##
1236534626631499776
1236534766071095296
1236539401641041920
1236546333068099584
1236546971424493568
1236547146456813568
1236547826664030208
1236561630005248000
1236581880046157824
1236595904347623424
1236629884400734208
1236630213540315136
1236633124337078272
1236737900085157888
1236802786089742336
1236882804711067648
1236920666147954690
1236938064238465025
1237054865949458437
1237249403729125376
1237251271712743429
1237254373409009664
1237256370409410561
1237256382287577088
1237258546795995136
1237262510534864897
1237273155451920384
1237308616044150784
1237313347936309248
1237446094910640130
1237472731744124932
##1237277703155388416##
1237290006986788864
##1237787944716570625##
1237792625954037766
##1237865519291588608##
1238122345333764101
