##1232391548266057731##
1232394009496227845
1232688814868639747
##1232394626855841797##
1232396551517024258
1232421777390931968
##1232398215481380869##
1232418946676088832
##1232404869673357317##
1236659510359609345
##1232411396798894087##
1232566337848905728
1232735799659126785
##1232411580802965505##
1232412007359488000
1232414784018100225
##1232373249247453185##
1232373723832999936
1232377802239987713
1232377876546232323
1232380934718214145
1232384929037799425
1232401358701105152
1232436128499695616
1232498058056724480
1232512777689927689
##1232373485248372736##
1232373967551389696
1232387621197885440
##1232380083064725504##
1232380190946361348
##1232381715143938048##
1232383128209063937
##1232382559419584515##
1232383546112737280
1232451088915161091
1232598027870842880
##1232384540565475328##
1232387740878110720
##1232388120986968068##
1232388936284155906
1232389742756585472
##1232391797122510849##
1232391924277030914
1232392385805606913
1232392784704831489
1232393050351165440
1232393418028015617
1232394943412555785
1232407484549279746
1232408934952185861
1232411119295324161
1232420720313061377
1232448205045948416
1232551129558458368
1232613514797297664
##1232395827437588480##
1232419811461910529
1232424026435354632
1232432023031013376
1232432164819501056
##1232397970508779520##
1232398057188265990
1232403771478638597
1232454016333942788
##1232401984680026118##
1232403260444680193
1232403522018316295
1232418846809772035
1232423135925940230
1232425400799764480
1232430936471543809
##1232402989580791808##
1232403387175653383
1232403394326880256
1232403627681161218
1232403720861896705
1232403735135031302
1232403798972338179
1232404911880593409
1232406215331909632
1232406644123979778
1232407064548462593
1232408107487236097
1232408135962419200
1232409981640740865
1232410421132513286
1232410497758175235
1232410625776791554
1232410641731870722
1232410647784239105
1232411210697596928
1232415622748872704
1232419793141215234
1232420919085326336
1232423585953742848
1232423957376184320
1232424502803488768
1232424583799746560
1232427030874087425
1232429631732666368
1232464250217484289
1232473666568347648
1232483405100539905
1232486627361996800
1232512129816760321
1232514050342506498
1232519063018123264
1232524783427952640
1232559760068706304
1232565092623028226
1232583999278764032
1232585266545725440
1232727494136074242
##1232407284178915328##
1232407626438365186
##1232409589678837762##
1232423361512386560
##1232410858216665090##
1232415014721609728
##1232413816811642882##
1232414067626778624
1232415768425508864
##1232416313198424064##
1232417361527033859
##1232420872582987776##
1232421168839372800
1232422445904277504
1232433560872574976
##1232424115191123973##
1232424770576277504
1232476745015681024
##1232425533733994498##
1232452326641635328
##1232426848816156674##
1232459366076317696
##1232428293799993346##
1232525773732564992
##1232431381873090560##
1232477477408137218
##1232434500820336640##
1232634080640094208
##1232439290027630592##
1232440063079747584
1232658390243008515
##1232449150131699712##
1232449638407401472
##1232394421355843584##
1232394713673666560
1232397041537560576
##1232402885503266822##
1232403737748103168
##1232403027119738882##
1232416439585460229
##1232377059571355650##
1232385122374225921
1232649453070438401
##1232396165385203721##
1232396345467703302
1232396443874480130
1232396842685599744
1232397131983597570
1232399843869544448
1232401703548473344
1232401854534967296
1232401867419897861
1232402189869617153
1232403541479874561
1234097789216358401
1234935946870698002
1235898029716238336
##1232408782753423360##
1232409339060768768
##1232402434263277568##
1232402536277139457
1232404529007800320
1232407244303732736
1232416891702038528
##1232404656850194432##
1232405255528370178
##1232392784784625664##
1232392816602624000
##1232394748486471680##
1232394908012552192
1232772068980203522
1232792802012123137
1233867131185508355
##1232397034210168833##
1232402596335362049
##1232399446916333578##
1232411840745025537
##1232762319178010624##
1232762493900066823
1232808460242358273
##1232763261784903682##
1232801885658243073
##1232412896300355584##
1232413427794153473
1232624376874438656
##1232384782971146241##
1232387944176082951
##1232382430792835075##
1232382992032686082
1232383680582225925
1232384242526674945
##1232392566244597765##
1232406892930064389
##1237135896245407745##
1237136069822480385
1237136092194889729
1237136658992107521
1237137649267355649
1237142595085709312
1237143846238257155
1237149734994878465
1237150205365059585
1237156565616070658
1237168754225807360
1237176897370558465
1237223970111447040
1237234601250127873
1237237749679259649
1237319032908525568
1237340324005117953
1237340475700449281
1237348066765819905
1237360482438217729
1237379914397102082
1237386229013872640
1237493315899215873
1237843945251430401
1237859687875239941
1238531832435691521
1238539894802255873
1239153803821268994
##1231971202404683782##
1232041212326137858
1232146436831182848
##1232748551698030592##
1232919159740272640
##1232748920805130242##
1232749257997897731
1232765924614266881
1232793289407057921
1232880747666661376
1233111187149271040
##1232753600138555392##
1232756589087674369
1232825004905127937
1232985122070310919
1232998307015876611
1233005362653036544
1233006123449569291
1233007618324680705
1233008703202365440
1233009236478697472
1233009562380328961
1233010215618039808
1233011613424373761
1233012127356588037
1233013349367066627
1233014602373455873
1233016544525004802
1233016875929526273
1233017559819194369
1233017705999077377
1233019344059281409
1233023163409346561
1233023890840018946
1233026923682521088
1233027456073904128
1233029019488133120
1233069309032878081
1233075076800688128
1233076048603934720
1233076375235395584
1233076513123315713
1233077826926018561
1233078075765723138
1233078697969815553
1233079300997316608
1233079633073053696
1233079971905777667
1233080117532012545
1233080178898882562
1233080209622081536
1233080212126158848
1233080778881458178
1233080789539094531
1233080985497067520
1233080997962506241
1233081079063629826
1233081640685121543
1233081716618792960
1233081854053568518
1233082132106555392
1233083278611156994
1233083383409975296
1233083638927044608
1233084475061493765
1233084573925478400
1233084705123295232
1233085073907494918
1233085990010523649
1233087150524182532
1233089305570168832
1233090990547906560
1233091326511464448
1233091545139761153
1233091629701095425
1233092365130309634
1233095033571680259
1233098477393137664
1233102232532508675
1233109507762507776
1233114230137720832
1233114350187171840
1233117089642270720
1233128171693912064
1233129417989349378
1233139314810335232
1233169452012916739
1233188852745023493
1233196255423188992
1233291619711037442
1233334265930076161
1233358590787932160
1233361655804895234
1233361804740485121
1233362566874882055
1233369275768827906
1233372603575918594
1233373162710216704
1233374563628670982
1233376605180919810
1233385674306412544
1233385849603133443
1233386528149082113
1233389806291488768
1233390149633036288
1233395056440160256
1233397941710315520
1233420357366738946
1233424501486039046
1233425413227130881
1233425811367133189
1233426465988976641
1233427705896538113
1233453129124995072
1233455215988428800
1233457967883857920
1233458843218108416
1233460645095452672
1233462692998000640
1233463257219969024
1233464906130874369
1233465024611573760
1233466708532264961
1233469927807426561
1233473211360325632
1233498271886323717
1233502322409472002
1234488408455745537
##1232784075808702467##
1232784539707232257
1232953833459982336
##1233479370725109766##
1233481499560882176
1233485962480623616
1233659569110495233
##1234213733519544320##
1234218464778366980
1234237115690627073
##1245401594834944001##
1245405711791775751
1245443048277979136
##1254788993725521921##
1254798127300775940
1255028626669613056
1255031782531125249
1255088096225439744
##1232307983536861184##
1232312912120705025
##1232363045130772487##
1232367339896758285
1232370317051547650
1232423074332540931
##1232369514265956353##
1232369844768694273
1232372485385048064
1232374916265189376
1232375318733783047
1232385693613264896
1232387033798193154
1232401088608907264
1232409767861198849
1232431340991152133
1232440021073842177
1232456825410162689
1232458032832868353
1232507316743888897
1232511538755444737
1232513038080708609
1232522299468898304
1232595860648857600
##1232369986439700481##
1232962768665530369
##1232373441149493251##
1232379109789118464
1232380276719923207
1232387318885036032
1232406036067299329
1232410327003934721
1232411467787440131
##1232374870824099846##
1232375486338207745
1232378291157422087
##1232377821462437891##
1232378168520126464
1232381548911042560
1232387569113075712
1232393855263236096
1232418298958172166
1232484874965012480
1232646717088161792
##1232378823808815104##
1232508454524407808
1232550310528405509
##1232378972605992960##
1232387797803245573
##1232378994273718273##
1232379575461728256
1232379738267832322
1232381527478153216
1232382226941251587
1232387442164064258
1232387660033011714
1232393364210954246
1232394593595019265
1232396018957914113
1232401851338887168
1232408053384912898
1232414367796408320
1232419104012865537
1232422794698379266
1232425832615903233
1232434521431105536
1232435551292145665
1232436872518914048
1232440354613317633
1232445955414183937
1232448615982850048
1232463510283538435
1232482291944812544
1232500429163905026
1232500955041718273
1232518774798143488
1232527792530698240
1232527964149080064
1232539827092033536
1232554639343661056
1232616746621730817
1232691052630376448
##1232384075685601283##
1232384787064795137
##1232384243269079041##
1232385686617108488
1232425686574469120
1232530021148962816
##1232387760243314695##
1232388109201006594
1232388137105666049
1232388347852738562
1232388829610463233
1232389682098470913
1232389869814583297
1232390433562603523
1232390882999050240
1232390961654878208
1232391487352123392
1232392775515156480
1232392994327875584
1232394152035352583
1232394948173074433
1232400397844828160
1232405369013592064
1232409104620146691
1232412691140136971
1232415804815216646
1232420015703543809
1232425327881748480
1232426107489734658
1232426484305944576
1232428091445784577
1232430540126597124
1232436221256712192
1232436482373107714
1232442928619876353
1232444338065424387
1232454707777396736
1232455331181031425
1232461023593943040
1232462415708639232
1232469351573274624
1232489009223323648
1232492467032772608
1232494623324430336
1232514287987544064
1232520302686605312
1232521333671677952
1232528720256290816
1232532933522706432
1232547394132357127
1232548416900751361
1232548748825419776
1232553688553619456
1232554349181706240
1232562136804663298
1232565919949475841
1232573582296961025
1232590979947024384
1232591283014848512
1232596620694507520
1232596638298001408
1232597656893054977
1232599582342877184
1232600881851445249
1232604365208375296
1232605031330910208
1232606977483735041
1232612074280407041
1232612548496719872
1232627340812988416
1232627580848742402
1232630431733948417
1232631143058595840
1232649669286727681
1232670793970130945
1232671061650673664
1232685551448395777
1232693633859694593
1232696816677814275
1232750005594808321
1232753757542285312
##1232388391318237186##
1232389049505243136
##1232389182393405441##
1232389640537169922
1232390399680970754
1232390906067681280
1232391218010693639
1232391454544318470
1232391672790757382
1232393069284274176
1232394525995388929
1232395069698772994
1232401075841490945
1232412708416446465
1232413713774317568
1232414787285463040
1232424969033920512
1232456872004685825
1232482076328202242
1232501327080689671
1232525510313435136
1232535466471235584
1232544941441789952
1232555713383235586
1232571215304437761
1232745645317988354
##1232389559368998913##
1232390800954269696
1232391336017498114
1232417312663314437
1232436111219154944
1232593216618319874
##1232389704806535168##
1232390070944047105
1232392195279335430
1232405372398379014
##1232389771705667584##
1232389838395072514
##1232390579654402049##
1232407515821957122
##1232391117091545092##
1232393187471261696
1232408103238471683
1232542334505619457
##1232391121738850305##
1232391725332779011
1232391736586051584
1232392699011051520
1232392864446980096
1232393009137885184
1232393589709254656
1232394220394229760
1232395383642447872
1232395684214648833
1232395860736122881
1232396646228647937
1232396772024225799
1232396868736385026
1232396914848665600
1232396939460796416
1232397172689207296
1232397376066924547
1232397575908622337
1232398101576638469
1232401611068190721
1232405650854031362
1232406178904322048
1232412277271339014
1232413847941713923
1232414341246455813
1232418868796284929
1232419778217889797
1232420872465588226
1232424992274616321
1232428691847864320
1232429348717723654
1232429697272774656
1232430873116659714
1232441023667699716
1232441757465374720
1232441864373956610
1232443019699245057
1232443097205731329
1232445341519110144
1232446926538207235
1232448075408363520
1232460500249628672
1232467513251753984
1232472557313380352
1232503094463909891
1232503099887095810
1232503566704746496
1232508556219441152
1232508890656407554
1232512331348938752
1232520565317083136
1232533103446458368
1232550751827828736
1232553389810241536
1232553861593862151
1232554979388465154
1232555073617747969
1232556081412440065
1232556413970501632
1232557983109873665
1232559053613649920
1232560604566708228
1232565654584205313
1232565664713494528
1232566114938433536
1232566239102455808
1232568156985667585
1232572849530994690
1232573006381187072
1232573161796964352
1232575098181312517
1232576080512507904
1232576135919173632
1232576512609656832
1232576637805432832
1232576888566173696
1232577219320479747
1232577465035436032
1232578039407661056
1232580107585425408
1232580863826767872
1232580866112708608
1232583095150424064
1232585357364989953
1232588731997138945
1232590420540088320
1232590717878460416
1232591146976776192
1232591195022471168
1232591863070240768
1232595571778707456
1232597352906711041
1232598952706441221
1232600559561183232
1232600867163058178
1232601621433126912
1232601923603304448
1232603293945356289
1232605022820732929
1232605140848386049
1232606361881628672
1232607426001735680
1232608517355429889
1232609406262665219
1232612919768223748
1232613185343107076
1232614130630172672
1232618197066616834
1232619071004389378
1232619089455206400
1232619855402209280
1232619925061025793
1232621473392664576
1232621909872959488
1232629687026888704
1232634175284445186
1232634966984548352
1232637315455049729
1232637652828086273
1232637836425338880
1232638778394714112
1232643234138087424
1232644850228584449
1232646694459842561
1232650856073506817
1232651515279618048
1232651603221663748
1232651649006612480
1232652766910218251
1232658098533302272
1232658472984043521
1232665758536228869
1232673264176070657
1232675622415163397
1232679804526301186
1232684290930094081
1232697769481179141
1232726027643883522
1232748185522757633
1232754688518447104
1232755885472178176
1232765153101438977
1232766889950093312
1232768827039064065
1232779100483440640
1232800637672394752
1232803282336276480
1232872350980419584
1232905557192978432
1232906938964463617
1232914262739312641
1232944328823185408
1233519506263330818
##1232394270818160640##
1232396482617249792
##1232395619953790977##
1232395767257686016
##1232395900783353856##
1232396629216505856
1232398405651124224
1232401634589921280
1232402025708752897
1232408464053489669
1232436113119170562
##1232397777184940033##
1232399382458310656
##1232398058882772994##
1232399827486552064
##1232400652380274690##
1232402081576816641
1232412926184742914
##1232400673456697350##
1232405079862452226
##1232400919683305473##
1232403752260423682
##1232401793814016000##
1232402356907757569
1232612580360904704
1232628818814390273
1232631247685345280
1234084662928125952
1234208904592134145
1234451389662801920
1235180325308858368
1235311055607341057
1235454285795778560
1236019883500081153
1236136288715018241
1236279824685191169
1236883155552014336
1237281120384942080
1239385383332429825
1239835801111990272
1239836274703433731
1241640273438019584
1244200241114595328
1247089913817968640
1250827627465752577
##1232403118102601730##
1232413557066780679
##1232404841927868417##
1232405253758291974
1232406035450793985
1232407990659158021
1232408077724520449
1232408512443113472
1232411729084264454
1232418208168251395
1232419243158908930
1232428437782061060
1232436276273373184
1232438723855282177
1232494309078753281
1232498783151366144
1232500412420411392
1232502110714859520
1232517701458894849
1232526262268198913
1232535153949454336
1232539278418305024
1232544531691778048
1232546365374373888
1232550402027147264
1232578099683958786
1232604738916581376
1232605140856778752
1232624019301687296
1232680180436668416
1232743816177778688
1232765163150958592
##1232406121354321920##
1232407008722259968
1232407690380488710
1232411386736775171
1232417617891274758
1232571845779607554
1232574170111893505
1232583630670745601
1232605479710404613
1232775533836095495
##1232407686219587585##
1232407873768116225
1232486001798348801
1232630757316874245
##1232407828012437504##
1232408317026295813
1232409163344621568
1232410241909886977
1232412326118273026
1232437324052459520
1232442520774139904
1232537779592146949
##1232410232451629057##
1232410536672997379
##1232411811611369472##
1232423300070019076
##1232417619577364484##
1232417685327224832
1232427078680797185
##1232419462944563200##
1232420193961414656
1232422156094648321
##1232430473353269251##
1232435410707476481
##1232432887108001793##
1232433152204787712
1232443134686023680
##1232451854765719552##
1232454872303206402
1232457689118146560
1232459230323474433
1232460770878873605
1232461171032121344
1232462814800949248
1232464911252385792
1232471339878866945
1232477146917957637
1232484684614926337
1232486111844425728
1232488526450610176
1232490249353170945
1232490609740435456
1232491267000373250
1232492530261848065
1232496406729879552
1232497344030990336
1232497588793790464
1232498127417954305
1232498291067064320
1232498746191015936
1232498965121097729
1232499845069328384
1232500851459215361
1232501605989265410
1232502175722594306
1232502344753041409
1232503261799669760
1232503456285503489
1232504421256482816
1232505808027574272
1232506107169574913
1232506346945351680
1232506734176088064
1232507251849670656
1232507332191539201
1232507477691899905
1232509073163214848
1232509806533120001
1232509881451786241
1232509999424909313
1232511625464369153
1232511646016380928
1232512350214926337
1232513089507033088
1232513690945146880
1232513871786790913
1232518819169611776
1232519320829415424
1232524616775716870
1232527123807703042
1232528552387600385
1232532671827521536
1232536895558750208
1232541363750699008
1232542401668972544
1232549563304759296
1232566835909996544
1232597166767640576
1233020756281511936
1233051914490843137
1233095259149754369
1233922634955530240
1234340346735288321
##1233135491706499085##
1233135649299083289
1233136236770058240
1233140866618941440
1233155671773917184
1233235276643827713
1233661565573980160
##1233140258079944704##
1233143174211743744
1233206174775902209
1233273106128613377
1233284159973593089
1233333344814948352
1233366089540755461
1233440964758441984
1233461782997540865
1233718683568091136
##1236240696841039873##
1236240713198813185
##1237134582895566848##
1237134823585730561
1237134942838173696
1237135134450745345
1237135495576109059
1237136496735531010
1237137058344255488
1237140984938586112
1237141090270134273
1237143765770473472
1237143822875922433
1237148965663051777
1237168005890613248
1237176070555815936
1237176877984501760
1237216739005362178
1237223791203418112
1237231186717691905
1237237231770796034
1237241128539258880
1237340553978826752
1237350712310468608
1237390987841769478
##1237134838504787973##
1237135010664243200
1237135128469651458
1237137707329093639
1237176920359555074
1237340612250284032
1237843906152161287
##1237152600572801026##
1237153721617920003
##1237837828685520897##
1237848316030803969
1237857499975495680
1237860467650912257
1238041795214422016
##1237862566560288769##
1237862752183451657
1237862782122541056
1237876457939939329
##1238105270599012353##
1238105686002880513
##1238212934758785024##
1238804676964990976
##1238582155850244104##
1246136701115916290
