##1250405314907779072##
1250406139583320064
1250407231167836160
1250407449414205440
1250407666209435648
1250407795414798336
1250407996460597248
1250408611664232448
1250408992741998592
1250409112690712583
1250409890973134848
1250421391083442182
1250438383626670081
1250462917591531520
1250490915736752129
1250530686538264578
##1248751196489293826##
1248751268211961857
1248761599000788993
1249021157061378049
##1248751875203219456##
1248751950792974337
1248752408076967949
1248752768870825985
1248752808352002056
1248753245553602567
1248753300268355584
1248753359978455040
1248753448687984640
1248753557496647683
1248754233987534854
1248755815223365633
1248757144347979776
1248759347955539969
1248762988305223680
1248764302879870976
1248767855061073921
1248771474942562304
1248772152129708032
1248774951974449155
1248775067074519040
1248778821366616064
1248784750413742080
1248814045731356673
1248847991605264392
1248848774551810049
1248848884782239747
1248855052527304704
1248855145972207617
1248860004020559872
1248875576934490114
1248877239187406848
1248878377618079744
1248881619311693824
1248881748622049286
1248881870177173504
1248882288521285632
1248884011407196161
1248885790438031360
1248886227589357568
1248886263119306752
1248886339766030336
1248887562971856898
1248888425333297152
1248889960356352002
1248891999089983488
1248893925764542464
1248894145030217728
1248897557004238848
1248900000601518082
1248901403956969473
1248901428535533568
1248903480112275456
1248908204081324034
1248914163503714305
1248916396119031813
1248921957237653504
1248925883508850688
1248925888244338689
1248937293110542336
1248937308981792774
1248939371434332163
1248944079335043073
1248944148096434176
1248944402439049217
1248948542854619137
1248955759884488704
1248964333712916480
1248964881711280130
1248977953142312960
1248979903866908673
1248980287343771648
1248985621298905088
1248985974530506754
1248988431331536896
1248988542602285060
1248993972741115904
1248999420605104132
1249003655463866368
1249007012211548160
1249007159440035841
1249009601103749122
1249009648843345921
1249019187579756545
1249021910475780102
1249025873510088705
1249030655192809472
1249033832881442818
1249045245213507589
1249048358750216193
1249049686251646978
1249055420502749184
1249074435325378560
1249076695862325248
1249079646957768704
1249079952336617474
1249114717794246656
1249115410638798849
1249115689199308800
1249119154055057411
1249120362702479361
1249127901867520001
1249130635240845315
1249134713991766016
1249135593184989187
1249137218016415744
1249137566370205696
1249160315947884544
1249174857344040960
1249179266840961024
1249199586251587587
1249217304635691008
1249228984765816832
1249229167289184256
1249229597847273473
1249229660799545346
1249232284789747714
1249236022292070401
1249237010033893376
1249243812087705600
1249253737832595456
1249258340808622080
1249261303706853376
1249265896478179328
1249267140999491587
1249273298158002176
1249281609003610113
1249323335034552320
1249325347130269698
1249362682228158476
1249364167250841604
1249374741456203779
1249376345781686272
1249389531201187842
1249401413718945792
1249452487402233858
1249457271039557632
1249459841275514882
1249484981832908800
1249504955112796160
1249626993068515328
1249807734976827393
1251036566199336960
##1255998414422245378##
1256005348575625216
##1255998633331359744##
1256002488236486658
1256003438099472385
1256017162604556294
##1246491652585336835##
1246492265721352196
1246497733608955907
##1247164975933566979##
1247300651916427264
##1248619016211447810##
1248682415595425792
##1249076378030522369##
1249076459706232838
1249107320531038208
##1249757342763233281##
1249760877651398657
1249778352107511814
##1250044807742984194##
1250516779442593792
##1250156689753616384##
1250160293679939584
##1251898349302800385##
1251900201972961280
##1253101793057427459##
1253102981135941632
1253276142477422598
1253334511040860162
1253359090253942789
1253380607582916611
1253786341088858118
1253786383212298242
1253791099359055873
##1247281611688853508##
1247281847459069954
1247412164249505795
##1249067431928254470##
1249067532578951174
1249067833134403587
1249067973186334722
1249069337647906817
1249070073417019392
1249073632632020993
1249074815694241799
1249078158630027265
1249081433039273991
1249084548568297472
1249096538116284427
1249101963179855872
1249115285589839873
1249142448309313538
1249163295795417088
1249182694778589184
1249231375653355522
1249248626972524545
1249253171937107969
1249282395431460865
1249282659811016705
1249400852097400836
##1249094876911652864##
1249095518527111175
1249095689352536065
1249095756860063748
1249096085156626433
1249096095051010054
1249096756987604995
1249096764172443650
1249098621603033089
1249099000700997634
1249099938547421184
1249101046036586499
1249101046774788096
1249102557084921859
1249103094111031297
1249103169595965440
1249103761164943364
1249104991429767168
1249108591962816512
1249114408850272256
1249120302614949889
1249128329606770688
1249129564779020291
1249159756759121920
1249162998297624577
1249181153405386752
1249207022035369985
1249230170021662731
1249487440827551744
##1249736604962500608##
1249737287706935305
1249738693046304770
1249741576592556035
1249749007662022664
1249776282822459392
##1251616743643942912##
1251619327834497034
1251620758960386050
1251622538821742593
1251630411639410688
1251717322693279745
1251797664901062663
1251863958589517825
##1253277673192857600##
1253277761654882304
1253278551941484544
1253297046821449729
1253298796064395264
1253307078485172225
##1247610092566052865##
1247610476848087043
##1252715726173061126##
1252715826228211712
1252716123474321409
1252716443877113856
1252717184813543435
1252720119635152896
1252720475505033217
1252720819538735104
1252726134850179073
1252727943882838019
1252733046551449601
1252894001998561280
1253042066642423808
##1246479349743857666##
1246479603658612737
1246482839287353347
##1247630227196407808##
1247630722434826246
1247632808950013952
1247740169689526274
1247740186538070016
1247741055442677760
1247742249422794752
1247745255270539271
1247765929057857537
1247770994237829120
1247778894431715333
1247812447496556545
##1248570277136662529##
1248613931876102144
1248614917105537027
1248616893319004161
##1250064210526179328##
1250065040885059587
1250065347119628290
1250066834491138061
1250067524235952137
1250067555240329216
1250069246232707077
1250073700860416000
1250074530825060352
1250076555818209281
1250083394672906241
1250120831692419073
1250157641147527168
##1251734345322283008##
1251851712274587650
##1254502026471505926##
1254503613587771392
1254504590885695491
1254504705528606729
1254504860382265344
1254505529738694657
1254505602954547202
1254506103167234048
1254545192834785283
1254574711138385920
1254582877276307456
1254591640217493505
1254662607111434242
##1254525219089403912##
1254526194130792449
1254531389099249667
1254542443506270209
1254576243971952640
1254667277523464194
1254672905079832576
1254884909300297729
##1228713913556008961##
1228719014064599040
##1242730213588467712##
1242946584100458498
##1246217382785400832##
1246326035458732033
1246371367957733376
1248236004965834752
##1246490285795934209##
1246543706079010817
##1246574433717936129##
1246576054107430912
1246576834235465729
1246581912556240897
1246627570298298368
1246631961420009474
1246661872822124546
1246678115667054593
1246723665288364033
1246740946513022976
1246935649283964934
##1247644703186718722##
1248235029207093249
##1247872762544259079##
1247873926824419328
1247874526358261769
1247877441483399168
1247888645916225538
1247888692275896323
1248017390404657157
1248124090554163201
1248147158060150785
1248172189502910464
##1248381825925300231##
1248382085196181506
1248506287475666944
##1250457262864424960##
1250460464154382338
##1251928120661327873##
1251928428267409408
1251928581325959169
1251928966816030720
1251930853078437888
1251943851369136130
1251963658567024645
1251971305974398976
1251975700405383168
1251988712814252033
1251988903860600833
1251994352265633792
1252027951752851456
1252045302267338752
1252069498892562438
1252080524270673921
1252089863253491712
1252093167501008899
1252226726568103938
1252227139383865345
1252283428420161537
1252537953747902464
1253683375510036480
1253683706050547713
1253686623373492224
1255021499909636097
##1248733747010207744##
1248733992209219588
1248736716216840195
1248736963395551233
1248737392321859584
1248737454468796417
1248738103180877826
1248738755340615681
1248745272789864450
1248749311879450627
1248805534448472072
1248815294438608897
1248821637400670208
1248849063707017217
1248860161470537729
1248882100809478144
1248893065131175936
1248917609975865344
1248995548516028418
1249288336814084098
1249293437494534146
1249319970007388162
1249370777494925319
1249618666901188609
##1249724139344191495##
1249724319787356162
1249724450968395776
1249726800143548420
1249727613389746176
1249727857623855104
1249733333086547980
1249741949810159619
1249791750161530880
1249796010391543809
1249798078087016451
##1249440715983257601##
1249440812846350336
1249441058783707136
1249443113954955265
1249453763468935174
1249456717429170176
1249738446735802372
##1243957491731501056##
1243960449164509185
1243961752754192386
1243975461358784515
1243977055580180480
1243981646103220224
1243987421806592001
1244277101722841088
