##1248705893522460672##
1248708371802357760
1248836488344764417
1248872683405787136
1248955107410051072
1249057292936523779
##1248752682812268546##
1248752849791549440
1248753191984009218
1248753197117771779
##1254120506162327552##
1254124883795206145
1254141904230416387
1254209187413987329
1254334510453358592
##1254151153945849863##
1254151279645003783
1254151359844110336
1254151654636695558
1254151697359949824
1254152083923775489
1254152741934563328
1254154464799449091
1254154726675034112
1254159868833026048
1254161964676382730
1254164994306068482
1254169480101597190
1254172459386974208
1254177239266144256
1254181227642466319
1254185020874534912
1254194545639784450
1254199402090070021
1254221032568864770
1254222666682249217
1254230199874523137
1254253473870295040
1254291850397126658
1254339319239716865
##1254539659180417024##
1254551476409688064
1254978719795593216
1255022938098667522
1255244926033543168
##1255855448177156097##
1255856510460211200
1255858124906471429
1255859280332197888
1255860251687096321
1255863083756662784
1255870385142345729
1255871411031326722
1255871614622859265
1255894575920660481
1255896749463478272
1255897097032863744
1255911359897837568
1255911636516421637
1255918543490727936
1255936382700326915
1255958777108496387
1256020736218669057
1256028042859810817
1256040243389759489
1256090509505892352
1256150984763596800
1256158356261277696
1256159280920768512
1256162760225939456
1256247029988233216
1256259273514012675
1258970738763194368
##1254199815669518337##
1254200206062649344
1254201766423470080
1254202222562467846
1254205961587359749
1254208785834561536
1254254002201657346
