##1232768209415262210##
1232768276658315266
1232768295423692800
1232768355972603905
1232768357868429313
1232768417146400768
1232768609694425089
1232768632855420929
1232768789688836100
1232768879845421064
1232768926498611200
1232769148935135232
1232769238273843200
1232769249204211716
1232769297430261760
1232769342758162434
1232769348651159552
1232769390879399943
1232769441315815431
1232769513042505728
1232769718718738442
1232769931281883137
1232770214120558599
1232770492030910466
1232770970781454347
1232771244447215617
1232771412206723073
1232771467189854210
1232771492569546753
1232771643828817922
1232771726112673793
1232771775152427009
1232772016165416960
1232772023400660997
1232772040744194048
1232772496153305088
1232772525836337156
1232773066226270213
1232773182567874562
1232773302818689024
1232774925519392770
1232776484877668352
1232776497930407937
1232784687812222981
1232795879872061440
1232803986996113408
1232823470297354240
##1232770594074169345##
1232770696247377921
1232770726509371398
1232770732394008576
1232770814682030081
1232770820000362498
1232770830096007170
1232770842536415232
1232770914317717504
1232770967535050752
1232771001420853253
1232771162553421825
1232771418926067713
1232771458566381568
1232771757280563200
1232771987489148928
1232772227025788931
1232774242783186946
1232775235012829190
1232779645390598144
1232781373217308672
1232786223682420736
1232796506106793988
1232867709622378497
1232937917200437251
1232949303179644928
1233062608904839168
1233064093600403457
##1232771278265888770##
1232771904668422146
1232774440943050752
##1232773019736604677##
1232798373062881286
##1232774738944167942##
1232777458342137856
1232777874052190212
1232927343016103937
##1232781070376067073##
1232782453045104640
##1237138216643440640##
1237139257153556481
1237141450283986944
1237150193805557760
##1232767736712851456##
1232767780610617345
1232768080352288769
1232768615486717955
1232770362397597697
1232771644533420038
1232809278072934400
