##1240316669425303555##
1240318154242490370
1240318487903469568
1240321128759021568
1240321869066252297
1240325480936550400
1240331465738670081
1240341826063814656
1240349658230161408
1240382950044241926
1240383297768820741
1240383940835319809
1240384561655296002
1240384578801618944
1240385394790871040
1240406912048513024
1240534277076537344
1240538307957792768
1240557513050927104
1240633879331037187
1240637437740609541
1240809450237198348
1240835881273090048
1240945618480177152
1241085355832508429
##1240367370926993412##
1240367947207585794
1240368181233016840
1240368900644225024
1240369255121641472
1240374814688325641
1240378150137233408
1240399677759127552
1240415302590124032
1240466669992128514
##1240390289484906498##
1240390547178749955
1240392086207291395
1240393554154971139
1240393611042324488
1240396064903094275
1240398189825609742
1240399191303741451
1240404962280116226
1240406228959924224
1240408057177309184
1240410411981250560
1240418467729244161
1240427054530781184
1240439170457374721
1240442705488097282
1240450090067771396
1240450206375849984
1240451690710646784
1240698844288966656
##1240392243535654914##
1240395371899162624
1240399509794029568
##1240634991744335874##
1240636582237003776
1240654782026653697
1240949399422939137
