##1245766707240722434##
1245766978947756032
1245767564447428608
1245767711868715009
1245769873617309696
1245771110857281543
1245773588935950345
1245774846262296582
1245780163922735105
1245780321125179404
1245782168238010373
1245791845701074944
1245800058764869633
1245808439747588108
1245811188409274368
1245812824418500608
1245814305448177678
1245815341994987520
1245817097554403328
1245818202992644096
1245818435478728705
1245819890113679361
1245823908743385088
1245828132973637637
1245829686346813441
1245830026907521028
1245830764316561408
1245833015109926913
1245836672769699840
1245849036181168129
1245850030264610816
1245850881003868166
1245851010964303872
1245861222815162370
1245862454942285824
1245864606938976258
1245872651555557377
1245900329335640069
1245940276771860481
1245942946190577664
1245960797618081799
1245969596722675713
1245986630189621248
1245997541768003584
1245998783290368000
1246004018566041601
1246005989834461184
1246006807719534592
1246007649281486849
1246017454188494851
1246022868770738178
1246028839639224320
1246045797512290305
1246063775498862593
1246077237629276160
1246098992217370624
1246110059794444288
1246110489073070081
1246121279104724992
1246135646856470528
1246180696894459909
1246301218386972673
1246373375011930112
1246417789994360832
1247253883677822976
1248022046396874752
1248696189266071552
##1245806788437585921##
1245978903019245579
##1245816891752493061##
1247776617067196427
##1247161124237094914##
1247161942625615874
