##1236946394600087554##
1236955225103249409
##1236403727248109568##
1236415133649448965
1236424467942907905
1236509176421105664
1236557371868053504
1236559263016931329
1236574031496843264
1236588287160172548
1236620892035338240
1236665363900874752
1236701047353204738
1237008796540719104
1239328377829502982
##1237830573026050048##
1237831299978661894
##1236364354221740032##
1236368461451931648
1236450274895634432
1236587220053774336
1238243433862627330
##1236376389533741056##
1236423900109701120
##1236386416403320835##
1236411984813457413
1237493582434578432
1238825465499942912
##1236734432297525248##
1236760705031954433
1236761743831052291
1236762744453562369
1236762913035206657
1236763909958270977
1236765782127906816
1236766601518747650
1236767673071140865
1236771517276524545
1236774132815200257
1236777244741251074
1236779013655461891
1236784034199547904
1236788973646864385
1236802771208278016
1236819536646737922
1236819906605322240
1236821998149545984
1236826527620268033
1236833821477265408
1236870583868182534
1236886205230469120
1236905929540591616
1236906233866653696
1236917730919530496
1236920032380272640
1236930824920064000
1236935354063732736
1236979304652771328
1236980272480104448
1236990905246191616
1236996940375736320
1237004794977492993
1237010828622209025
1237035247625175040
1237037071648411648
1237043028725989377
1237051935246688256
1237080707861602304
1237087092708126720
1237098086381629440
1237118818981425156
1237120951659065344
1237160489643376640
1237180647845679104
1237294354991022081
1237559213276016640
1237828351232008192
##1236751815175221252##
1236751999229665280
1236752447638573057
1236752667759775746
1236760458415214594
1236810402182414336
1236830679528353798
1236915494101409794
1236921094675849216
1236923249419747329
1236934910042144771
1236936017795584000
1236944967626633216
1236991292233654272
##1236904466160537601##
1236990703324090368
##1237052666347433985##
1237058491254259714
1237087787201048576
1237104761687674882
