##1242968817229271042##
1242973581514072064
1243018929108328458
1243047860805009408
1243060090074271749
1243133627967451137
1243267078506844170
##1224084827391041536##
1224094972120653831
##1242896630183014401##
1242896825989947393
1242896968160096256
1242897032941113350
1242897044752216064
1242897092797923328
1242897169486622721
1242897489335902215
1242897598253617154
1242897600019398656
1242897631908511744
1242897653484134410
1242897737697374209
1242897809151582208
1242897868165459969
1242897974285475840
1242898475903332355
1242898924047929349
1242899029031374849
1242899648894951424
1242899694516424713
1242900427030573058
1242900817620975616
1242902004319637505
1242902290895384576
1242902657737654272
1242904537066811395
1242904666133987328
1242908961117999104
1242920586327752704
1242921186058801152
1242921833705414656
1242925372741685251
1242925980349538304
1242944103580602370
1242958141303730176
1242961036761849857
1242982028368318464
1243001463925866496
1243038810012868612
1243043907686076416
1243068297161162752
1243102789963833344
1243132562190618624
1243135557930225664
1243310329163124737
1244558967721910272
1245014168110919680
##1242898074789466112##
1242899614044430337
##1245848485318066177##
1245848706701639680
1245848724359786498
1245848729996886017
1245848952622198785
1245848978698186752
1245849067525156868
1245849172667850757
1245849241781555201
1245849341069332480
1245849355749376000
1245849517372706817
1245849636163555329
1245849777176227842
1245849817525489666
1245850098325692416
1245850203258785794
1245850532041887746
1245850777312063488
1245851064672210944
1245851161866973185
1245851170595356677
1245851549328343043
1245852271931461635
1245852805467795458
1245854009161703426
1245854337982541824
1245854734847627267
1245854785158316033
1245856902103191552
1245858543497908224
1245860207055351808
1245860490409955330
1245863893961826305
1245868631046549504
1245870144229740544
1245870731050663937
1245871020520525826
1245871266382266369
1245871454912040960
1245871944295002119
1245882618631118851
1245895026086944768
1245895288662958081
1245903265881100290
1245911564118642688
1245923882059444226
1245927990111784961
1245928528907874304
1245928731639558145
1245930209368563713
1245934558131793922
1245941989629145088
1245948840999608320
1245952678116679681
1245968655684440064
1245970795005968384
1245973042049814528
1245974744438116357
1245984393698643968
1245987047405432833
1245998197211889667
1245998514007609345
1245998750180483073
1246000600308948997
1246006339073081344
1246021416232910848
1246048231773163522
1246053194452684800
1246091791855730690
1246097095116967937
1246109477843107842
1246115773124349952
1246184221334519810
1248132913373294592
##1247939764910608384##
1247940722201952259
##1247983128582463488##
1248064960854478848
