##1238490137593430017##
1238496345327009793
1238531278057676802
##1238490184993452032##
1238490631397400578
1238491314875965441
1238493356067610634
1238493493439365122
1238493746913828871
1238495706014416903
1238497920711884806
1238501718725480448
1238502398907252736
1238509455811190784
1238513109536571395
1238514685529534464
1238516057071144960
1238516130802786305
1238516536933040128
1238516840470646798
1238522964934623238
1238523439511670784
1238524552361250817
1238525005039894528
1238525921331732480
1238530070886723586
1238530575838982149
1238533317970006021
1238535756420915202
1238539086828392448
1238544265002827777
1238545275830046723
1238550008108060672
1238558137516527616
1238564947086454785
1238565131233230850
1238566879872061440
1238567166091448326
1238571290329518089
1238572976540463113
1238573677366648833
1238578573386092544
1238580967935225858
1238581990812790784
1238582454950248448
1238587603621945345
1238592435326005253
1238596327556165633
1238597764247883777
1238599078113615873
1238604241125720064
1238616766525440001
1238618519031427074
1238618601852207106
1238618876797227009
1238619854560731136
1238620399254061057
1238620493353279489
1238620627604570118
1238624778522701826
1238625826796638211
1238630092894584837
1238636255421894657
1238685620614189056
1238717959385874433
1238726032179572736
1238739938335735808
1238753825282015232
1238754706433998848
1238761710049165312
1238786239442059266
1238862250867392512
1238920529043750917
1238977395669032963
1240317354560667648
##1233333692183044097##
1233353407072784385
1233367281016672256
1233411329693814787
1233421781169471490
1233431765873762304
1233446320331010048
1233705072917385216
##1233395874774093824##
1247939780991692800
##1234608096233820160##
1234614766615908353
1234696458475012096
1234721893154017286
1234759794864664576
1234796631230472194
1234886149455466496
1234927871124279298
1234930849784717313
1234946323272650752
##1229000543978360834##
1229001719578841093
##1229075640848179201##
1229076054247137282
1229148343768698880
1229165536476565504
1229183922841497600
1229186199090323458
1229252310590685184
1229256967593615362
1229264851731701760
1229265009672359936
1229265236827549696
1229294400150417409
1229300927460528128
1229301420010168320
1229301791109656576
1229302261769293824
1229309749222572032
1229316234124156928
1229323504635568131
1229334710326824961
1229342937449992194
1229343502435262464
1229344038383443968
1229345591223836677
1229346537496551425
1229358203818971144
1229359172543709184
1229361639683690496
1229362120321634304
1229363056687435777
1229363743420755968
1229364680092721153
1229373295918813185
1229373325543120896
1229375391124488192
1229376866877923328
1229402028306239491
1229406762945650689
1229414971165093889
1229419258473598978
1229427648234954753
1229430675570331649
1229434153092952064
1229437489154314246
1229438454343380995
1229438788486778880
1229439986627489793
1229452261656530947
1229456516140457984
1229467569712771073
1229475794986119169
1229488618172973057
1229493092878815238
1229497594533027841
1229509926168485890
1229515138790805510
1229522257753575427
1229526804932722692
1229529502767775744
1229544279703523334
1229572715763376128
1229612579988877313
1229615316176719877
1229629586620735488
1229634249709453313
1229692777438547969
1229707520203202560
1229710399525851138
1229711034962862080
1229721891570671617
1229722839294578689
1229722899608743937
1229741561937874946
1229913304610562059
1229921036734431232
1230016890766004225
1231991894135234560
##1232219215349919744##
1232231737519935489
##1228808111986814977##
1228941482335391744
##1230057301765230592##
1230149965126799364
1230158829956083713
1230198045289123841
1230307883432148992
##1228376697130692615##
1228518876742324224
##1228399393528860673##
1228399887911399425
##1228454699667460097##
1228469891386269696
##1229014928931074048##
1229320314859016192
##1229038601884831746##
1229104682267807746
##1234077571479982081##
1234078655913103366
1234080578129080320
1234081722226151428
1234089495810772994
1234099477138542593
1234110937927421952
1234552421856301056
1234552624822788097
##1235588799050199042##
1235589193482592257
1235592485855952896
1235593559224418305
##1235711678370574336##
1235712426768830465
1235713594760851456
1235713810385731584
1235715347266842625
1235733391452057600
1235754540688867328
1235781279800610817
1235785060483248131
##1238152454450974726##
1238159630682845184
1238160417098252291
##1238313719555334144##
1238428226319458305
1238432348472930304
1238434266322817024
1238442822598041600
1238447382662123523
1238451149084266496
1238485897768849409
1238527630875508736
1238559016298721281
1238572769333428224
1238593994441064448
1238618941687201793
1238745461093216256
1238749904769613824
1238777831888429056
1239680380116127745
1240490996858867713
1240637818545766404
1241305088498569216
##1238614888693542914##
1238637038271959046
##1231092763770474497##
1231098215216361472
1231100063159549954
1231102508967309312
1231106804203114496
1231111795072552960
1231116213566279685
1231121066971533312
1231176875885637632
1231177508789288960
1231184345131626496
1231238859305951232
1231239180631539713
1231266048894210054
1231286935555133442
1231302595219771392
1231303505614426115
1231322347518468097
1231326638505365505
1231344285146140673
1231347846579879937
1231371915270479872
1231395041144459264
##1233264516840001537##
1233303924591022081
1233312166960336897
1233341858744545285
##1234190718375202818##
1234191673665650689
##1242122926670983175##
1242123033290080258
1242123320918589440
1242123331412860935
1242123981395722240
1242124489602801664
1242124948463853568
1242125348210380804
1242125764293730305
1242126774437322752
1242127195251900417
1242129285625847810
1242129400948076545
1242129860501352458
1242131040652734464
1242131590563663872
1242132314991267847
1242134134048374791
1242134647846268942
1242134651361284102
1242135362505408515
1242136197234855936
1242137199325392899
1242139192441913347
1242141248883961859
1242143282110640149
1242144610576629762
1242147166560423940
1242150218696667140
1242150449442152448
1242154423197073410
1242154486702977024
1242156721444925441
1242157775226048517
1242158175383625731
1242158844433895427
1242164226560602114
1242166207815524356
1242169925067780108
1242173877897302016
1242173900630491136
1242175579736113153
1242183367745056769
1242184277409882112
1242185338585591811
1242185594530390017
1242188014509580294
1242189429508386820
1242189615517351938
1242192122301878273
1242195146034352136
1242195609878224897
1242202170839240707
1242207248861941760
1242211433867345920
1242213236675612672
1242217555948974094
1242221059518103552
1242223666005528585
1242228754992283654
1242262108466810886
1242263269932400642
1242273300912525312
1242276191517671425
1242360150071132165
1242372719292841988
1242384208833785858
1242414126758088704
1242474978110402564
1242798422798843904
##1242604440735166466##
1242605123219619842
1242605653895643137
1242605754059800576
1242663324745183233
##1246179642786144259##
1246183196301156354
##1253042129766699010##
1253042331172954112
1253057691699810304
1253391494720954371
##1253049901019287557##
1253050197258756097
##1232294923799584769##
1232295673812410370
1232296216614010880
1232304333510905858
1232360895654899712
1232511802942132229
##1234518790500765696##
1234561878761910273
##1236224182108803073##
1236421069852086272
##1236289432900251649##
1236291903030734848
##1238226845067345927##
1238231191318388738
##1238444760098095104##
1238446454072582144
##1238519539555536896##
1238533056157356033
##1238557609025777666##
1238557758527594496
1238558073599524864
1238558544863035398
1238558616136925186
1238559056119435267
1238559141897146368
1238559702902026244
1238559837375651842
1238560321725480961
1238560878829678593
1238561427641819137
1238562200048078850
1238563209256357888
1238564056023384064
1238564131118120964
1238564421510868992
1238564992833773569
1238568165816360962
1238569309317795843
1238570234447114243
1238571032342147085
1238571260872994817
1238571884335202306
1238571897115336712
1238572885960282113
1238573752331485184
1238574580492632065
1238574970881683457
1238576217583947776
1238577190104641536
1238577240520220677
1238577470439333893
1238581478822469632
1238582003626323970
1238583898298290176
1238585713513435136
1238587556507398144
1238587790226534401
1238592034878914560
1238593922672320513
1238596741248831490
1238600413626208262
1238601330022846469
1238602622422179843
1238604148582559744
1238604934398054400
1238616075081842690
1238616955210403840
1238624682003267589
1238626596174643201
1238638566110093313
1238641861901930496
1238657223565418496
1238657535785275396
1238662784088518656
1238673462379626496
1238682761046757376
1238685791146012672
1238686091072475136
1238690029435793408
1238699967482597377
1238700813209518080
1238713664682840064
1238722869586255872
1238730617346539520
1238749220028506116
1238751168119148544
1238760021418270721
1238775322373480449
1238786692385067008
1238795506496819201
1238804744598097921
1238813934154665986
1238840818796040201
1238845676341153792
1238847525735616519
1238855041840304129
1238861680806952961
1238882908376629250
1238890548699766784
1238903840843456512
1239237944885555201
1241373417967955968
##1238560659530539009##
1238561011394805761
1238563554371960837
1238667140124872705
##1238590099312594945##
1238593894427869188
1238594322737610753
1238594531244867584
1238594698614366209
1238650183438807041
##1223018947068469254##
1223019755491282946
1223028425675374592
1223038827771695105
1223041741206495232
1226188058422398977
1228130734151434241
##1235918224954441730##
1235925619482988547
