##1224800446331658241##
1224807111189827584
1224828017609932800
1224895299174445058
1224904914524086272
1224918991371751425
1224946652466819072
##1225355728682131457##
1225356345047646208
1225357329484394496
1225360706129842177
1225371687694356481
1225375797747343360
1225411082296143872
1225557833896407041
##1224780897146286081##
1224781388223864832
1224800110414106626
1224808272869412867
1224812946704027648
1224820409666809859
1224834519141879810
1224835861088436224
1224837784256512005
1224843790495703041
1224849264972566530
1224884525022482441
1224901025091477507
1224901121229148161
1224952094463012865
1224984696863567874
1225007125744771076
1225064845579603969
##1224790661733453824##
1224793099920117760
##1224732317752659973##
1224787590647336960
1224792799662563329
1225078763005730819
##1225163687658500096##
1225164839540137986
1225165729152086017
1225169844628348929
1225172018506715136
1225172895686647811
1225243945615142913
1225244512001372161
1225313048237367298
##1225172635929149441##
1225276785874657281
1225381795916587008
##1225173230073405440##
1225276803327176704
##1225297799060885504##
1225323471988760577
1225575737622761473
##1224747841442238468##
1224747947021213696
1224748111026958338
1224748644496220161
1224748989217746945
1224749033375305728
1224749408811732998
1224750295151972356
1224750310268252161
1224750335031377920
1224750360096657408
1224750487536271360
1224751269518151682
1224751692144619521
1224752090054123520
1224752204457881600
1224752621325635585
1224752646436814849
1224752742389964801
1224752952008695809
1224753663022977026
1224753693381316610
1224754046894071808
1224754276926468099
1224754909632921608
1224755373372035074
1224755601063976961
1224755663395545088
1224755775035400193
1224756452260184068
1224758338065502209
1224758424862326785
1224758656765505538
1224761658272354304
1224762190428889094
1224762744718741505
1224762871177011201
1224762950235447296
1224763645420326912
1224764368270897152
1224764828847427584
1224765289356722176
1224765302652768256
1224765696313384960
1224765838760251393
1224766025188757505
1224766172966670338
1224766651918319619
1224767468561993729
1224770148009226242
1224770387923423232
1224770424585752578
1224770882071146497
1224775966431633408
1224777142992605185
1224779643158433794
1224779847379099654
1224781006202384384
1224781279549382661
1224782333196324864
1224783082680655874
1224783369139036161
1224786377679597568
1224786562501808129
1224786959396155392
1224787155551170560
1224789210319724545
1224789417312817152
1224790705979248641
1224791272923238401
1224793561520123904
1224794866741403649
1224796889725521920
1224797564500959232
1224798032715288577
1224799430441930759
1224801542248828929
1224801863356338178
1224803375608487937
1224803936802168843
1224806499794419718
1224806662587940872
1224806778145296384
1224810524266897409
1224811348376412171
1224812617295978497
1224814135130705921
1224818123058098180
1224821704289026049
1224825349416144896
1224826511900975104
1224839505057845248
1224840728414650369
1224852197005053953
1224852307717894144
1224860567803961344
1224862092437491712
1224874948709244929
1224877479170650122
1224880998854295553
1224881414744760320
1224882200820187136
1224882345284636673
1224883311522275330
1224885596772016128
1224885969561825280
1224886394310578182
1224889317065199617
1224893236424204288
1224894866729119744
1224895244048699392
1224896333355606016
1224896527732301824
1224897122924929030
1224897531303342080
1224902534281814018
1224903607184699394
1224904430035914752
1224904697993056256
1224906240800718848
1224906455289155584
1224907371220209664
1224909746710425603
1224911091123281921
1224912585516093441
1224913301873799172
1224916181011828737
1224916252482772993
1224916342995853312
1224918381754769409
1224922680291479554
1224924603744686081
1224926160892694530
1224927603762614272
1224931296335495169
1224931820346716160
1224932691675680773
1224933695204794373
1224934925717118977
1224936533188317184
1224937373529780224
1224937698932207616
1224938226802143232
1224938336734908416
1224940162884472832
1224941199796195328
1224942539687571459
1224942693337456643
1224948932868018176
1224949569462718464
1224949917606711296
1224950491253215234
1224951513954562049
1224952980144828417
1224953914400890880
1224957213996933121
1224957413360644096
1224957912725979138
1224958913507987457
1224961185486974976
1224962789632094208
1224963116192161792
1224963547098120193
1224967183744360448
1224968060634849280
1224968391599054848
1224971144748503041
1224973053064548352
1224973314621431809
1224975092679106560
1224975288473395201
1224975383273058304
1224975693676720128
1224976800515788801
1224981565786161155
1224982722554277888
1224984546363478018
1224984842997202944
1224985910577717249
1224987240008429568
1224990116323778561
1224998260835868672
1225007974596448258
1225015722608353281
1225023200733663235
1225024995627356161
1225031630865215489
1225042066385854465
1225043486237495296
1225047458264252416
1225050915289346048
1225053695764770816
1225056008453738497
1225064671956340736
1225066003534577664
1225069962496266240
1225073887043575810
1225082386808963076
1225083566117224454
1225084220709724161
1225084276691128321
1225088114546348032
1225092697477853184
1225100618156728320
1225107688390119425
1225109171563126784
1225113803756593160
1225117042891804672
1225120665071648769
1225133226131435520
1225138206951329793
1225151723293020163
1225164369107079174
1225175455210385410
1225190140164874246
1225201883058462720
1225234544347009025
1225248095425957889
1225260390633877504
1225264491547504641
1225272908404097025
1225280790277296134
1225312962010845184
1225324428000665600
1225336915949432832
1225341536956801024
1225346260313530375
1225353719799263232
1225355029768482817
1225365784895119360
1225376616555171840
1225386612965679104
1225391810735939586
1225422899349204993
1225434541709561856
1225447125993041920
1225463076088156160
1225468425557901313
1225485494219350016
1225510450219114497
1225522694608826390
1225542460958482432
1225549859589173248
1225552354071764994
1225562733581651968
1225581496876007424
1225589148377112577
1225600670990000128
1225633950061621248
1225645508040855553
1225661040932708352
1225702036093775872
1225728948006457344
1225730336803491848
1225738762019332096
1225742496568893442
1225743282275332096
1225764176662061058
1225837467825319936
1225869212763279366
1225879138881462272
1225880742657437696
1225921470112714752
1225991789275992064
1226004743576805377
1226005224038510592
1226017635449688064
1226036301264293893
1226051469192896512
1226076552212951040
1226077064484315136
1226084961356337152
1226094557911244801
1226100766139658240
1226150256288681984
1226169194674294784
1226175976733839360
1226437398311075841
1226739487318958082
1226741529752096768
1226778910576324608
1226811709417017348
1226831348264034304
1227021524600750082
1227170364104617985
1227265594287886337
1227318173063622660
1227336888203272192
1227345451160129538
1227376937825337344
1227452612825559041
1227514512124891136
1227534429318459392
1227647203436564486
1228019057045245954
1258481771118723073
##1224778147910111232##
1224778729446084608
1224779242745012225
1224779370717425666
1224779612426788870
1224779712901324801
1224779898537041920
1224780577418752003
1224781037764476932
1224782051204829186
1224785181602697216
1224786054026354689
1224786468994011137
1224788325640392710
1224788400567394304
1224789604760539136
1224791852089577474
1224794422665252864
1224795028268244993
1224795140134490113
1224802721569681414
1224803858737704961
1224806929761030145
1224814465536929795
1224815240564617219
1224815841277026310
1224846376829444096
1224850567400427520
1224850891901227008
1224853038667653121
1224853724218249217
1224853944280801280
1224878635288580096
1224879570752503808
1224881008807497728
1224893080777764864
1224895223656001536
1224901848102068229
1224903060088152065
1224903374241521664
1224905804442226689
1224913681395408896
1224919204488454144
1224924272524656641
1224929459133960192
1224967562930348032
1224976056744140801
1224979451991281669
1224979453538963458
1225015443162849281
1225017516675817472
1225028507950030849
1225043389021925377
1225046562214117376
1225053813981118464
1225065772516548608
1225074786944143360
1225085703610040321
1225088850617389056
1225100279554678784
1225120995331186690
1225130769921781760
1225140357270327296
1225141364721102854
1225144228105330690
1225155310299615233
1225179195598417920
1225188422782017536
1225192741409345536
1225299103455830018
1225918853630304257
1226108652983136256
##1224802011607994368##
1225377251056869376
1225427266412392454
1225824656088797184
##1224806973104971783##
1224808667880525824
1224851695529873409
1224862572987518976
1224907628670832641
##1224812998197415938##
1224825453577457664
1225121132963123202
##1224814168869568523##
1224819150419382277
1224890220262449152
1225366782522855424
1225377366828093440
1225378139683028992
1225382310423465989
1225388362816770049
1225433819798548482
##1224828960456028167##
1224829469115940865
1224829958498988034
1224830194453827584
1224840585430872064
1224841912554807302
1224929968385413120
1224986283405205505
1224999097079357440
##1225920634032660480##
1226022802224009216
1226036651685826560
1226044874253914112
1226060709584392195
1226102159546167298
1226107333857681408
1226111668998098944
1226115148697522178
##1227374221581586432##
1227393526175895552
1227401172065103872
1227415794209959937
1227451408393342976
##1224881102474633217##
1224882251005079552
1224904529625460736
##1224901799112531969##
1224904183939076099
1224911679382794240
##1224999991246303233##
1225009356418224131
1225025184580669443
1225044106256232450
1225108613385113601
1225108778552524800
1225113322506399744
1225116576770412546
1225119726805884929
1225124716316450816
1225264032053125122
1225283916078231552
##1225128934989357059##
1225129029927346181
1225130388265357313
1225131470416728064
1225132025960714246
1225135064700375045
1225138068535042052
1225138417928937478
1225147515365814273
1225149623494434817
1225150193483624449
1225150250211475456
1225153870772436992
1225155350376087557
1225159510928642049
1225168881247047682
1225169657088356354
1225172206063378443
1225173119733813248
1225174647660040192
1225181098478575617
1225186283087155203
1225186538763563010
1225223947198877696
1225229881824468992
1225238940740923395
1225248738513489920
1225260682435801089
1225261091971903491
1225266850277318661
1225270003332734976
1225277998967947264
1225278000620560384
1225283338614771713
1225285144392749056
1225287641442213888
1225292230174367744
1225292442976555008
1225296095779196928
1225306497246269443
1225307279387394051
1225309126420582401
1225359645553852416
1225370496394502145
1225375218996256770
1225386240767332352
1225393022378090498
1225398793467781122
1225399916731805696
1225418689685659649
1225424328776441856
1225439287849758720
1225441453024989186
1225450467163066370
1225507020662505472
1225527171818622976
1225528342683799552
1225576592543449088
1225584318749270019
1225686577789071360
1225770236168851456
1225771883548860416
1225829907311288327
1240541753985445888
1240667190946418688
##1226849671630462976##
1226981993541443584
##1222621331868569601##
1222621506339057670
1222621645791285248
1222622444688683018
1222624193948286981
1222725924707356673
1222754445005639680
1222912267030843392
##1225013843505577984##
1225023601398689792
1258482048408457216
##1225074338115850242##
1225074929827270656
1225075046584143877
1225117501589159941
1225150036721504256
##1225091032351756288##
1225117551442759683
1225373518445105153
##1225115979811840005##
1225116434453422084
1225241959133925376
