##1249055441633660928##
1249055722144501761
1249055801702068224
1249057868260806659
1249058179494883333
1249058817272406017
1249063001795317761
1249063528595697665
1249063930749751298
1249064662567616517
1249067550429847554
1249069028397678593
1249070222662930433
1249077208251064321
1249085848878022656
1249085991492747264
1249088049004199937
1249092604769243138
1249098315850870789
1249104688777170945
1249115378988564482
1249123383448686593
1249136467051515904
1249153370868326400
1249176268563767297
1249197149574832131
1249210235052580866
1249227793877143552
1249262216693628928
1249265440532160512
1249273369339539456
1249309005576634368
1249340724413444096
1249341357505810441
1249343214877900800
1249346323691814913
1249347529214496771
1249350738435878913
1249352694973767685
1249355039115706375
1249355841649676288
1249357771633569793
1249358957904355329
1249379829931270144
1249389568077545475
1249391560363515905
1249399988758761482
1249400171592630274
1249400544764067840
1249402031594496001
1249402282673868803
1249402715295399936
1249403635336953859
1249403700076064769
1249403943303733248
1249404204562690049
1249413602848710656
1249416737369608194
1249418711364177928
1249422494781583362
1249430807451701250
1249431076071788546
1249438704034349057
1249445817968218113
1249449288817573890
1249450304027983876
1249456547085811713
1249462972864487429
1249488902521487360
1249520843178348550
1249521623079825408
1249526203863760898
1249623963090681857
1249650113645031425
1249657174537707522
1249657880774684672
1249657945463427072
1249684581466464262
1249686868586893322
1249720262481846273
##1253065791542398977##
1253066250978295809
1253076626105077763
1253487214383845377
1261056289905483776
