##1223983919139303425##
1223984028962971651
1223984101306392576
1223984186350018561
1223984303052349440
1223984439472148481
1223984440566779905
1223984773821083649
1223985286914478085
1223985462286716928
1223985590003208194
1223986578877505538
1223986683126874112
1223986748448854018
1223987633824653312
1223988104807288832
1223988140634976263
1223988442637443072
1223988810733752321
1223989962737115142
1223991082146463744
1223992023289663489
1223992836577689601
1223993219983314947
1223993526310010880
1223993598145974273
1223994789013704705
1223997606243786753
1223997907306786816
1223999286205190145
1224000611403943936
1224003505813426178
1224004065782386690
1224004371500933124
1224004448864886784
1224008142134161411
1224009241939316736
1224010237511860224
1224012069491572736
1224015920319823875
1224015950803955713
1224016094345691138
1224016776599670788
1224017547131064321
1224018066021015552
1224018915430367233
1224018992483971072
1224019075766145025
1224019647340650496
1224020110039572481
1224020666766196736
1224021565819490304
1224022118301687816
1224022406206935041
1224022632569413634
1224026796091416576
1224028563038507015
1224029161934807041
1224030820777832448
1224034201193852928
1224034664924532793
1224035349523042314
1224035516120813568
1224036189218492417
1224037468594409474
1224039162644443137
1224039180889722880
1224040464543862784
1224044996300562432
1224045245668691970
1224045770636173312
1224047769230417924
1224048244168232960
1224048314078896128
1224051960233496578
1224054253335011330
1224055076018360321
1224055662126256130
1224056405294047234
1224056818764275725
1224056951438544897
1224057459037351938
1224058033342484482
1224063259726295043
1224065274468556800
1224066240831991809
1224066264475348996
1224066705795796992
1224066864881553408
1224069630211158017
1224069940178771969
1224070555122442247
1224073002243051520
1224073714666475523
1224076474883416064
1224076755171991560
1224082616850305026
1224087281776103429
1224089064497930243
1224091771094913026
1224093740660334593
1224097257194237961
1224100170486468608
1224101576035459075
1224114078668541954
1224123444415123456
1224135907223244801
1224136773619482624
1224146597048725506
1224147039212228609
1224152161342324737
1224173620622188545
1224175692646055936
1224176746947383298
1224176796452691968
1224191437056638976
1224192928500867074
1224214045953351680
1224241572482551812
1224243309146710017
1224243702371180544
1224252884423979008
1224267472737579008
1224276065453006849
1224307153277722625
1224313491466661888
1224313653710684161
1224313661633826817
1224315344803770369
1224315732600786945
1224316037279162374
1224317248342515712
1224318947585150976
1224319544120041472
1224320360675532805
1224321470308012032
1224326662894051329
1224333202669686786
1224336473664753664
1224338873322496001
1224339009016684545
1224346448457818112
1224353480707575809
1224376409734426625
1224384716062674945
1224391275320922113
1224402063322427392
1224403298364674053
1224437525357268993
1224472769976508422
1224544871593267200
1224550163026497536
1224601214450642944
1224612401355612160
1224616451656638465
1224654423873531905
1224666160064581633
1224728166431768576
1224737016673394688
1224758204413947905
1224798853846786053
1224818321289306114
1225376427975102466
1225377867736940550
1225381123485814785
1225386817198972935
1225402582316863490
1225406410030276609
1225600543902617600
1225755320842145792
1226096564973731840
1226098304360108032
1226355476008505344
1226487439629471744
1226691172090945536
1227823346710171648
1228302453826867200
1230011267039088641
1230790642961285120
1234554640668266497
##1224387564385263622##
1224618954100019201
##1227170692459835393##
1227170880624701446
##1224969914622062592##
1224981740814364672
##1225129155521585153##
1225133859433598976
1225135044852887552
1225218202226982913
##1232980645707735040##
1233071593347256321
##1237839155737985025##
1237840475001782273
1237841879678349312
1237841896149356545
1237842988111282180
1237843583861796865
1237848592582209537
1237851289041530885
1237851941507497986
1237853269247967238
1237853744403906561
1237862070126665728
1237865710182739971
1237866501475979266
1237877656688844800
1237916042707505152
1237929803510054918
1237934304178700299
1237978513749270529
1237981726141538304
1237985613954969602
1237986479390982148
1237987508769734656
1237990464118296577
1237992888023351297
1237994259535585280
1237994822125977600
1237995095292612609
1237999514126028800
1237999779667488770
1238012688581701632
1238016187369488384
1238017059503714304
1238018041709039617
1238022095164133378
1238026705832488960
1238027634510123009
1238032370823049217
1238052790460649472
1238059372749688834
1238059770592014337
1238063215336095749
1238063258604580864
1238064692406427649
1238065048888762380
1238067625504264192
1238069000069943297
1238074923572170752
1238106190141407233
1238109419327676416
1238165406633820161
1238246281644048401
