##1228993682952642561##
1229141235140616196
##1240238562353741827##
1240239312358211584
1240240644624392192
1240244030530863104
1240250223722708992
1240333678959624192
1240374429756129283
1240565485361483776
1241359239781789697
##1246154446226276353##
1246154901849243650
1246154996292386816
1246156266105221120
1246165788920250373
1246168937911537665
1246185429893775362
1246185531647700992
1246185877975547904
1246186021559164928
1246188667640700928
1246196894738583552
1246200541283266561
1246201930667483147
1246206043031511041
1246249948032765953
1246287489100374021
1246345283027509250
1246368499812962304
1246394108735819776
1246417151663190017
1246486713112899584
1246952538638868481
##1246202776507633664##
1246204488916090880
1246207056408969234
1246221611663056898
##1251932411073527809##
1251932620646166529
1251946038019207168
1252794158739329025
