##1240535637163376640##
1241325485101133824
1243679896024559620
1264495119245418500
##1241128005335908353##
1264506046296571904
##1242951385445888002##
1242953814824681472
1264498950683480064
##1242951387190669317##
1264498886946816001
##1237433791666364416##
1237435649764069376
1237512954313994240
1237513115530457088
1237513287698268161
1237513513641185280
1237518420809117696
1237520419902480385
1237520832399720448
1237521770585788417
1237521845206671360
1237523537927135232
1237537192789962752
1237547471233896449
1237579665482498049
1237585553047973888
1237599000519270404
1237602295782621184
1237605051150921729
1237626918813433859
1237633693893738496
1237634653344972802
1237639443219128320
1237642762939482112
1237645980683636737
1237735788110131200
1237825105381732352
1244538687507042304
1245446562643353600
1245675827355844609
1245677147789963265
1245678106284822528
1245679053828427776
1245683897805012996
1245685887700217856
1245686532566134784
1245689849291706369
1245693346468835328
1245697123670245376
1245697525790593024
1245699717494906881
1245700031006404609
1245701020715552772
1245702383038017536
1245702684331651072
1245711703070904321
1245713040563191809
1245714082721824768
1245714827747766273
1245715051060707329
1245718451198537728
1245722698677878784
1245726924619558916
1245729447006912513
1245733182802100224
1245735010298183682
1245736838834335745
1245736910309523457
1245739945735700480
1245740632947163139
1245742122646544390
1245742376217456640
1245745241925341186
1245745942101397505
1245747061972176904
1245747302549131278
1245749857345667072
1245756055885406210
1245757600592879616
1245760188902182913
1245766090153754626
1245766930926956544
1245768381598441475
1245770120758210562
1245771116116946945
1245773145803546625
1245775279169179649
1245777867297787904
1245782295589662723
1245805054189240323
1245806412669861888
1245812246149836800
1245827158666248192
1245839626918658052
1245844677078614018
1245858709927911425
1245864589998186496
1245879628629266432
1245881781099925504
1245889531330596864
1245893454825046016
1245944198248964101
1245949847603220480
1245996998584668171
##1238600101762863105##
1238600166376181761
