##1237451529688436746##
1237462308915482625
1237492132849598467
1237495648863354882
1237505230616416256
##1236971227773841413##
1236971919632732162
1236973917895458821
1236978930676051970
1236981092550430720
##1237099145300783105##
1237104816687583232
##1237488831512875010##
1237489676451221506
1237490843600248833
1237498318923747339
1237656775144374273
1237857970144161792
1237916028920893442
##1237544612186611719##
1237545135719600128
1237551408028639232
1237558865794719744
1237598062828072960
##1237787394541326337##
1237802863218307072
##1238439287710003200##
1239103803154223107
