##1237870366271213568##
1237870542838878211
1237887932192542721
1237889543119859714
1238236146024546308
##1238977130689695744##
1240980484664016902
##1242937823117836293##
1242938515735928832
1242938910470275083
1242938953881223168
1242940404846264321
1242940411720630276
1242943613039976449
1242945156220846082
1243098405079060480
##1242937823524802562##
1242938004097961987
1242938203574804483
1242938396634472453
1242938694434250752
1242938769109630978
1242938898533277698
1242939712035307526
1242941515967709190
##1241402645589393408##
1241403356972802049
1241403571398205442
1241404248484728832
1241404273897996289
1241405299426238465
1241405331252666368
1241415597235339264
1241416830838689792
1241421217472675841
1241422560006410248
1241422700725313538
1241430773980422145
1241431330367442946
1241434458752012289
1241439056912887811
1241448746128465923
1241452267355725826
1241454271142469632
1241454922064965646
1241455417764581377
1241455453063778305
1241456163708981249
1241456790879055874
1241459022542200832
1241461747703140352
1241464684324192258
1241470362526912513
1241475165596405760
1241486233961979906
1241491088730357763
1241491138235772929
1241494267878674433
1241501395595005952
1241506380437172225
1241511150858223616
1241517860263952384
1241589497005060096
1241596967505010690
1241597484432048128
1241611858974572544
1241626931415711745
1241632336430731264
1241635269318770688
1241637241161728000
1241638811492368384
1241660003959943168
1241671990844575744
1241675675586748416
1241687185440550912
1241690691274670080
1241693406071599109
1241717492797575169
1241720867069071366
1241724118493548545
1241724763317428225
1241728572521435142
1241733788075536385
1241736530944819201
1241739334665080832
1241768810610294784
1241769538275946502
1241807374458986497
1244216484244738057
##1230234544088985602##
1230234845873364993
1230235216809267201
1230235646784081932
1230238465633193984
1230241962596368384
1230243986029338625
1230249867286601729
1230257104784678912
1230272876642816002
1230276506716377089
1230276671967809538
1230287122956988422
1230295454862266368
1230302649746100226
1230318875646070787
1230324209462710272
1230335056914325504
1230363027175813120
1230382276544008192
1230390556880179200
1230401294340415491
1230413440503734272
1230418709900034056
1230431863052918784
1230448841499037696
1230475783052963840
1230569589987250177
1230574692223868928
1230831903718158337
##1239689868227366912##
1239691957770899457
##1240381059805609985##
1240381134539808769
##1240384684380561408##
1240385611518947340
##1240653035954552832##
1240653090128347143
1240653351584440320
1240653551782723586
1240653655050764288
1241033504051335169
1241876930917515270
1242176229912064001
##1241092147392270338##
1241098234673725440
1241107021577039873
1241108332116672513
##1242028709332336640##
1242038280100724736
1242051665735438336
##1242107558879539202##
1242109115352088578
1242109713552224258
1242109798008619008
1242110356664827904
1242111429551050752
1242114549773488136
1242122455398985730
1242125297761255424
1242126070633189377
1242182302043643906
1242278310547206144
1242278645072310272
1242283814006804480
1242286290768461824
1242288934425681925
1242305797872398342
1242314723611357184
1242341428908490752
1242367871386296320
1242439433791647751
1242442487555411969
1242532488460853248
1242532777842675712
1242760553900183552
##1242117005051867136##
1242119316272828421
1242119901751410691
1242120246862938115
1242124637645004802
##1242156317642498049##
1242156731356139528
1242157418181779457
1242158741132398604
1242160323202879490
1242164479619747842
1242166370189611010
1242179826053718019
1242185054635397120
1242191456435126272
1242203652875575296
1242407274456526849
1242407361958096896
1242407990805835781
1242491355970109440
1242567113262366726
1242569398440861699
1242625575581343761
1242635979929853953
1242776089853857793
##1242440558683054083##
1242440796206444544
1242440859339063303
##1242560573079945224##
1242566906198085634
1242566979594182659
1242567100276920329
##1242592315912474626##
1242944683002810368
##1242620682678276101##
1242620943211601920
##1243436184010919936##
1243436303057854469
1243436821872365569
1243436883599855617
1243436919771578369
1243437103595376640
1243437405404889088
1243437432910962688
1243437483494424577
1243438190788255745
1243438264876437504
1243438305280053253
1243438321172389888
1243438421634416641
1243439152303136769
1243439194468429825
1243439427415953409
1243439752256290820
1243439813094711296
1243440260358590464
1243440406559326209
1243440474041593857
1243440486561570816
1243440639439749120
1243440677062656000
1243440988690972672
1243441178772635650
1243441398306811905
1243441874540597250
1243442151826038784
1243442233870888962
1243442390599454723
1243442497008717828
1243442831366258690
1243443285240266752
1243443456007159809
1243443625687736321
1243444179465834496
1243444182930395136
1243444294805065728
1243444698519408641
1243444811870482432
1243445135029010432
1243445239211347969
1243445616849682432
1243445649363865600
1243445990251737089
1243446082060922880
1243446183324004352
1243446333186478080
1243446874343964673
1243447370857295879
1243447480978735104
1243447991488446466
1243448526660657152
1243448667144683520
1243449720263098368
1243449916275535872
1243450190553628672
1243451734317563906
1243453802776322048
1243453859286171650
1243453984897146885
1243454038764589056
1243454048445116417
1243454413580181504
1243454497281568769
1243454563262156800
1243454686948196354
1243455439578247173
1243455757389103105
1243456053427220482
1243457303967301634
1243457577796677633
1243457942638284800
1243458137597804546
1243458577580404736
1243459198471593985
1243459564294504448
1243459976510812160
1243459987319541765
1243460807653982209
1243461043139031046
1243462964516196352
1243464185381629953
1243464208773152768
1243465258955571200
1243465737303461889
1243466215642861571
1243469278294290432
1243470280787406851
1243470441496358913
1243470613546708992
1243470769952350210
1243470792597389312
1243471153643085824
1243471574365351936
1243471880843145217
1243472314261438464
1243472385954717696
1243472563457712128
1243472677630889987
1243472924172001280
1243473055587893249
1243473094708269056
1243473383179902976
1243473483985817601
1243473546149605376
1243473699807920128
1243474252784963584
1243474691542712321
1243475221438509058
1243475985988714496
1243476174229159936
1243476901718642688
1243477775186616320
1243477895852548096
1243478268298366977
1243478736030388227
1243479514765832193
1243479850041643008
1243480079725977600
1243480310685327360
1243480953298837504
1243481082638581762
1243481989308657664
1243482545997709312
1243482783382634496
1243483764950470656
1243483986015420418
1243485081945153538
1243485120327270400
1243487161372024833
1243488066012164098
1243490063486464002
1243490937197793281
1243491104915435520
1243491128353185793
1243492340779622400
1243493146870382593
1243493907217907714
1243493964185055233
1243493965204201472
1243494021894418432
1243494959958962176
1243494973527523332
1243495045187227650
1243496255730352128
1243496902332727296
1243497114036064256
1243497247008055301
1243497762718650371
1243497869459456001
1243498228043198464
1243498295554646019
1243498359320645633
1243498365050064896
1243501298735030274
1243502031832330240
1243504116179099650
1243505847306719236
1243506076588351491
1243506559017259009
1243507754779783169
1243508800537137152
1243509056037404673
1243510725269651462
1243510929045651457
1243510930354384898
1243512128130240515
1243512461506105344
1243512511791394816
1243517149416734721
1243518110918938624
1243518341752541184
1243519625528258561
1243520337070915586
1243520357254017026
1243520583872241664
1243520958117359617
1243521390130626561
1243523210672562176
1243523926623387648
1243526108127072257
1243526134232485890
1243526494892232705
1243526831090872321
1243526905002954753
1243527801267015681
1243527923748962304
1243530065268355073
1243530097333805059
1243530666723225602
1243532744895934465
1243533146026541057
1243533401577136129
1243534599109705728
1243537347884584960
1243538267829686274
1243539564632948736
1243541121969672193
1243541488782454785
1243542262723817478
1243545342366420996
1243547091093336067
1243551627082174464
1243552436524060677
1243555602879713280
1243556891315384321
1243557459639369728
1243558377361412100
1243558511692468230
1243559917807636491
1243560724582076418
1243563147132309506
1243563215893692420
1243564834467299333
1243565148335464452
1243565801560592386
1243567276185485314
1243567566401961987
1243570080618819586
1243571309096980481
1243571911369592832
1243573624721768448
1243574862330892293
1243576448952283141
1243577200403722246
1243579216416964608
1243582234092691456
1243582565690327040
1243583046206382080
1243583849705148416
1243584292472717318
1243585319032762368
1243585333859700737
1243587451060457478
1243589840765169664
1243592156956241920
1243593536324489217
1243597718351687680
1243601451093458946
1243607561254973440
1243607795477471235
1243612156492419074
1243614319419502594
1243615078492094464
1243616811804962818
1243623221376757764
1243624211215724545
1243627304108068868
1243632054006415360
1243633467063238656
1243639813200371713
1243640092855590915
1243641600254914561
1243642395213864960
1243642586969014274
1243647554107080704
1243648369802776577
1243651842912944137
1243658964132339712
1243667435816988673
1243668549085822977
1243673924988215298
1243678062220378112
1243689206968442881
1243709944743985152
1243724927183630338
1243751060466012162
1243752547359379456
1243781813228785666
1243787503750066176
1243793435150233600
1243838730689032192
1243839034616614912
1243843958884753408
1243866947315478528
1243870532409479170
1243875058373857281
1243917347401891842
1244106877958606848
1244187073013317633
1244282523145961472
1244415463985201152
1244496576552239104
1244667897173114887
1265121454313680898
##1243517078994399235##
1243524193704181762
1243543968425619456
1243572800092332034
1243573816510595073
1243591162600083458
1243611554450477058
##1243583561120337924##
1243584143767855109
1243584342376448002
##1244291695912591360##
1244292628902039552
1244620689937764353
##1244400475723751424##
1244585452490948610
##1244903945178427394##
1244904118008688640
1244953085967040512
1244989321989500929
1244991784826089476
1245229357620232192
1246073460587024385
##1235269561689296900##
1235310653079982081
1235683398636593154
1235691132010590216
1235943163946205184
1235944435319439361
1236136620719562754
1236420354005962753
##1237853131733487618##
1237853354916638722
1237853913635647488
1237854045471043585
1237854335544901635
1237856378577797121
1237856775241523200
1237858048019849220
1237859638093025280
1237860638191312900
1237863294288838656
1237864942843248641
1237867218559307778
1237868963905671168
1237869930957041667
1237870141905371139
1237870194803916800
1237870375603556360
1237870481736261632
1237871563522953216
1237871747002589186
1237871762081107971
1237873801947303939
1237874071330631680
1237875515874086917
1237881711461052416
1237891299379834880
1237905244098527236
1237907204663107585
1237931084089786368
1237933499014840320
1237934586044338177
1237938582368763905
1237938671707467779
1237939175166525441
1237944762369552384
1237963373104463878
1237965152525398017
1237968399889764353
1237969991867207681
1237972783914790912
1237991412991434752
1237992071606210560
1238001177658306560
1238003933869678592
1238012318472175617
1238013091469803523
1238018008615878658
1238018510443425792
1238019792357003266
1238025464951844869
1238027138693050368
1238037831328595973
1238040138590179328
1238056766430199814
1238061380735041536
1238064129807724544
1238064825735020544
1238067118991646720
1238067806006099968
1238068578424848389
1238068799166976000
1238070497876688896
1238074728318984195
1238076813060050945
1238078625343291393
1238090788002766850
1238170759488552960
1238217520504541185
1238217585767919618
1238217660325941248
1238232660704727041
1238464817469497344
##1238217232293015552##
1238217298453975042
1238217313767342080
1238217499340128257
1238217762884988934
1238217905159966721
1238218268927758348
1238218528769048577
1238218792356007940
1238218939769016323
1238219301804478464
1238219520331972615
1238220371620495361
1238221880454270976
1238223240436252685
1238223970257821697
1238225397256503296
1238232405040943113
1238238933898727426
1238241351650729987
1238244262548037632
1238293912147693568
1238313220290629632
1238342107242299394
1238355840186421248
1238407111027183616
1238440530788352003
1238584769174175753
##1238550228602667013##
1238570613087838210
##1238906745122103297##
1238913857323761664
1238981246040133632
1239013701002219520
1239019602501386240
1239023713175175169
1239036840184815617
1239048642582978560
1239230677712658435
##1238971833380212738##
1239670764896260097
##1239319731120812034##
1239319802788921346
1239319875916632066
1239319942165598208
1239319971785834500
1239320090262331393
1239320106280398849
1239320262388187137
1239320277709918208
1239321003400007682
1239321155183480844
1239321342757015553
1239321400319639552
1239321450223489025
1239322645553991680
1239322741100216320
1239322936852582400
1239322989763743746
1239323996673445890
1239324052063490048
1239324469803593729
1239325406186147842
1239325540315811840
1239327619318939648
1239327977495724032
1239332648394412033
1239333728465403905
1239333882819985410
1239334538800660482
1239335696307019778
1239336027216474112
1239340094252822529
1239355119197655041
1239360763669733384
1239477274807881729
1239495133084647424
1239517037732470785
1239518305007939584
1239521121336266752
1239522473307246592
1239531507812835328
1239562913997873153
1239568614849523713
1239570562906763265
1239585256153460737
1239620333541482497
1239633818153254912
1239655182625124356
1239656086778626051
1239676714394976263
##1245445250035912709##
1245445996894736388
1245446914931396609
1245446926893531137
1245447421880131585
1245609432370667526
1245610446612082695
1245612022835769346
1245614855718965249
1245621491636436993
1245631346950602752
1245633336912965632
1245633370832302081
1245642733932310528
##1246159471438630913##
1246160265156198401
1246166179250651144
##1246218638450982913##
1246218923709693958
1246218972372119565
1246324817239904256
1246391909880381441
##1246890885125734400##
1246891115036450817
1246891954236870656
1246913913624694785
1247130975324307456
##1247267082326155266##
1247267392776011782
##1247301123012268032##
1247301703575183365
1247301892872515584
1247302254769639425
1247302361414078464
1247302389327114240
1247302607355498496
1247303069643223040
1247303152250032135
1247303253743874050
1247303398191443976
1247303834898178049
1247304178348810241
1247304307457904643
1247304827929088002
1247305132569739266
1247305165239132160
1247305245581025282
1247305252380049410
1247305552067248134
1247308035254517767
1247308145380253696
1247308795442847744
1247309053979754500
1247311605949480962
1247312528843177984
1247313721871011843
1247315054317486085
1247315153185656832
1247316272372764674
1247316869691912200
1247317572527284231
1247319390699376640
1247320777982083079
1247322048030015490
1247322093869506560
1247328281596223489
1247341946303139840
1247342815937363968
1247346894864560129
1247351757946183684
1247352105133801477
1247360212908081152
1247361960372514816
1247362470706061312
1247381009378705408
1247411223802589184
1247411917112651776
1247443917626380288
1247457445149990913
1247463611615895555
1247467132679577601
1247469074021519361
1247476623244394497
1247481384542838790
1247483985523064834
1247487447577100288
1247488284797927424
1247490078789840897
1247492443555201024
1247501515050319874
1247503024500719616
1247504082442600448
1247504219520860160
1247504228823764993
1247504490607099907
1247506367138672644
1247528515685122048
1247531359133814792
1247538264426205186
1247547536392572929
1247552080564412416
1247553827731095560
1247572263509135360
1252535722466295808
##1247543712982298629##
1247546058781024256
##1248712878020009990##
1248713283567259648
1248713337430519817
1248713460600442881
1248716077330247682
1248716286516965378
1248720856987185152
1248726205018357760
1248733763720425473
1248894298168360961
1256224068203950083
##1248719364272140290##
1248719807681384454
1248927994015633410
##1250049702516662276##
1250050140628492288
1250050264616390658
1250050286099595265
1250050606036922370
1250051429017976832
1250068543208652805
1250158255818620928
##1250198127128256512##
1250198178634379266
##1250537575334412288##
1250779221875666952
##1250719487646720002##
1250751203505516544
##1251600882451582977##
1251601198278414342
1251601434023473153
1251751661753831424
1251755693633404930
##1254485579376594944##
1254485713783066626
1254486538530033664
1254487466339418113
1254487801652969472
1254490973331247109
1254492032720154625
1254494773194428416
1254526973935857665
1255070053227212806
1255103403279224833
1255882967420940288
1255889380021096449
1255900893289091074
