##1253786289272479744##
1253786831382069250
1253787180364898309
1253787346044104704
1253787489946554371
1253787653968998401
1253787820134674432
1253788127505854470
1253788168589099008
1253789434715295752
1253789888526397447
1253790237869907968
1253791676965048322
1253793537159766016
1253794979992023042
1253797122836750345
1253797714808242178
1253831343320043525
1253857595716243457
##1253609452135231490##
1253613368147087361
1253750751295397888
1253786617803931657
1253812981101670406
##1253822108351815683##
1253822435008360448
##1253484414174220290##
1253748611273326593
##1253597649997107201##
1253598105263640576
1253599195648462849
1253604695169515520
1253604926695116803
1253610275787374592
1253617414245416966
1253619168613675008
1253640622013067264
1253649161678983168
1253669594021101573
1253702772303843329
1253732899557441539
1253833331248070658
1253934942410739713
##1253694048436654081##
1253701668769849352
1253702273093570564
1253713960383262723
##1253713912647876610##
1253834413726740481
##1253819245143752704##
1253947540107481089
1254001950158438401
1254133432730427398
1254133811123679233
1254134183699546112
1254140833462435844
1254169935498088449
1254253392257585154
1254658976555438080
##1253820241597075456##
1253821888142487552
1253822055885295620
1253822704349822982
1253824273367666689
1253827591569539072
1253830501376417792
1253831019016466433
1253834355656581123
1253842906735132683
1253844670880366592
1253844701385547776
1253852523217268738
1253864256031817728
1253904352349167617
1253950726763622400
##1253967690181550082##
1253968704922095616
1253970022634045441
1253975380253388800
1254002038951809024
##1253999694730203137##
1254010887641468928
##1254031230443667463##
1254031542780923904
1254033285480669189
1254053266654220289
##1254057576670650368##
1254057663505338368
1254058177336926209
1254058199294054406
1254058630669893633
1254059668537839617
1254061002997616641
1254061334704119808
1254062139033243649
1254062142841593857
1254062311775653888
1254062916434870273
1254063217552297986
1254064911686291456
1254066360386289664
1254066570034327552
1254071662565306372
1254081951541198850
1254081984848109569
1254084473689341952
1254084696796954625
1254085265062313985
1254085729434697729
1254087670600544264
1254088482387001353
1254088708816592897
1254088787598159872
1254089224288174083
1254097599549890561
1254105087787466752
1254110918809706503
1254118204395393024
1254150116283420673
1254154076658565126
1254176849745362945
1254179187361034243
1254189059574038533
1254196182550708230
1254201314642460674
1254201953376182274
1254211625499975686
1254213441209974789
1254214276761387008
1254222831031857152
1254238209028087809
1254325595875561473
1254326416570822657
1254334886959292417
1254412531566772224
##1254175955481964544##
1254179071099092994
1254281900241412098
1254286095874953217
1254332535150084098
1254442383162384384
##1254851047841021957##
1254854644041265152
1254855082799034368
1254855657993297920
1254855674921545729
1254856477388320768
1254858153960681479
1254858306662699008
1254859642372370440
1254861602718793728
1254863497634217987
1254864478782410752
1254867607393636352
1254870445230362626
1254872000687898627
1254895768101687296
1254901736659132416
1254919215473201154
1254919348612931584
1254923743081771016
1254923956827697161
1254942655529836544
1254965993547485187
1254970978192539648
1254986154367213568
##1253608887527206912##
1253630232155893760
1253753978254512130
##1253757201686114309##
1253757661994156032
1253758789884526610
1253830035745767425
1253830418807369735
1253841898323750913
##1253762658874032129##
1253765700872810496
1253767344175923202
1254246855619284993
##1253778429012512774##
1253778520322592768
1253802683124908032
1262095245208096770
##1253799851059556353##
1253800309522157573
##1253809075336470528##
1253847642997755906
##1253856040938082305##
1253856091273904129
1253857623641899008
1253866515637682177
1253867455593807873
1253889511978926080
1253890014620123136
1253890506628661249
##1254044919070691328##
1254045052172713988
1254045394969006080
1254045542478462977
1254045742299328517
1254045779188121602
1254049383668211717
1254050791477981185
1254055493343023106
1254066991771549698
1254085324436889602
1254136138765422595
1254142981910691841
1254169290162536452
1254172490059915265
1254182151454633993
1254206924603744256
##1254045665115635715##
1254052944229609472
1254142279582920704
##1254052984474021889##
1254053045505269760
##1254167893161508866##
1254174941517414401
1254210555537129473
1254489171521155072
##1254507000022601728##
1254549249825673220
