##1231671806001602563##
1231676267969290245
1231681057717657600
##1231678218178043905##
1231815336837734400
##1230626530499448834##
1230627271716868096
1230628508508082176
1230628513218211840
1230630946510188545
1230635066084274181
1230659068001443841
1230659369341276161
1230669587148148738
1230710644283858944
1230719910235365376
1230722962107461632
1230731505111973895
1230734319942950912
1230734534997504000
1230760712617639936
1230762290447712257
1230762852488581121
1230783090466918400
1230785689236713474
1230787548643045376
1230787867573706752
1230795099648483330
1230815296635711488
1230815502706118656
1230818021318500352
1230821549583863808
1230878314291699713
1231087287544487937
##1230627677394145280##
1230634731882078208
1230733052248084480
1230752898511859714
##1230635003886915584##
1230635233034285056
1230638553174024192
1230638986105966593
1230646432962617345
1230662681285316608
1230666926755467264
1230691299281571840
1230711003932807170
1230718008986701827
1230731366033063938
1230732834089779200
1230733490347376641
1230736558724005889
1230740325016096770
1230742661797036033
1230747522542342152
1230757238630838274
1230759149081776128
1230759336978219013
1230762307241660416
1230768464358330369
1230777747485708288
1230780771364986881
1230783010699649024
1230791199872684032
1230794208212082688
1230794615797710848
1230795575945285633
1230798091068100608
1230800778983563265
1230807818447527936
1230809327851667456
1230814089091452928
1230814764923805698
1230819614478622720
1230822639951896576
1230823630298157056
1230829580082171904
1230830972318425089
1230840485356412929
1230844342329368576
1230853251844726786
1230857372689666048
1230893483428319238
1230921054899580934
1230926143441731586
1230935786620620801
##1230906257114042368##
1230907670875516929
##1231256810423607296##
1231262231117156355
##1230901611201024009##
1230901693325414406
1230902456231645184
1230902570769637376
1230917006737760258
1230919135317635072
1230933643905904643
1230942378908946433
1230942661521092609
1230970461078589441
1230984456305029120
1230994741917032453
1231123830350856193
1231231398457040897
