##1254112915025793024##
1254513913376452616
##1254127622864408585##
1254513903914102784
##1254155217505005568##
1254246456225148928
1254513823660285954
##1254155801591263232##
1254513842014629888
##1254128835890733056##
1254142891259244545
1254143019735015430
1254143456848551937
1254147156006653954
1254176951985725449
1254181149431209990
1254184725310328832
1254186647199105024
1254197142949937160
1254226735186485250
1254228424291495936
1254236677075357703
1254238795408572419
1254342045033996289
1254513891251453952
##1254152828395958275##
1254349764981817345
1254579209906860032
##1255482694298996737##
1255483559634243588
1255486504941621248
