##1235110127524392960##
1235187620717658112
##1235295368826540032##
1235297419534925828
1235594193646612481
##1235354223098974214##
1235354788516311040
1235362597869891586
1235443653096730627
1235450873062592514
1235478596262580224
1235480081096679424
1235495792665858048
##1235459178757361669##
1235476440579297280
1235476444060532736
1235476821669363712
1235477573015982085
1235477857175994369
1235480670404829184
1235481278482350080
1235484023574736898
1235484407361949696
1235486083242131457
1235486831963078656
1235487650536022016
1235491132760457216
1235494267080056835
1235497481246556160
1235499856749182976
1235499893566947328
1235503457597079559
1235504949489999874
1235511724381483008
1235512953580990466
1235524852800540673
1235529955053731843
1235538329346682884
1235539677752496128
1235556184590934016
1235559022931202049
1235562229317197825
1235589793880260609
1235639158519054337
##1235484032055382016##
1235484876532408327
##1234953416813826050##
1234953872503865349
1234955339423981569
1234956889148067849
1234957512484511745
1234961273076559872
1234961362201272323
1234963235335479297
1234969330787459073
1234970701620137986
1234975846688944128
1234978959030226944
1234991281333366784
##1234965903546167296##
1241644378696843264
##1234576483798192130##
1234576636349222912
1234577022757867520
1234577163401203712
1234578076694171648
1234579620160249856
1234582702088691712
1234591244690567174
1234599070460719105
1234605522042703873
1234636690003722243
1234650599637094400
1234727008615256064
1235479306991742976
##1234585655960907784##
1234590702627151872
1234594165876494336
##1234585587652481025##
1234588639063085056
1234594332369457154
1234605253145878528
1234609529641472001
1234609864233627661
1234611936035250176
1234615142761017349
1234615955881431040
1234646766542299137
1234650511271395329
1234650945037967360
1234655902688567302
1234660712531681290
1234670006178181128
1234681646315491328
1234793451931258881
1234821555194077187
##1234629614498144259##
1234649571416039425
##1234822047919943683##
1234831703543336967
1234925389883072517
##1234629424768782342##
1234630401395773440
1234647991706886144
1237450892535791622
##1234624380413661191##
1234626947361185792
1234630758863712261
##1234613251624882181##
1234613654600998912
1234613715342970881
1234613784393789440
1234614604506042368
1234615653283266560
1234618055944261633
1234622960234893313
1234632625874227201
1234644402741661699
1234694581029085184
1234708385687273472
1234722462316859392
1234724353566224384
1234737348660822016
1234739840266231809
1234788084501426180
##1234590899499413505##
1234599275633532930
1234605595484917766
1234609476826804225
1234613036511567873
1234626907108528130
1234641035768320007
1234650463754170377
1235500478538092549
1235530293555138561
1235601953826246657
##1234584264928374785##
1234584349410045959
1234611454671716352
1234611526625046530
1234613944578453504
1234761413996032000
##1234581228780740609##
1234586537586757632
##1234578826140815360##
1234580746716811269
1234604180574285826
1234669780390440960
##1234576648189677573##
1234577891259813889
##1234547140275429387##
1234551552368685056
1234592488926728194
1234652257242796034
##1234546055573901315##
1234555921080168448
##1234848168447180805##
1234921839639564289
##1234865894255403008##
1234875166691336192
##1234935448612544512##
1234941377152090113
##1234947801693532160##
1234947896384139265
1234948627036020739
1234952512135979008
1234956845908885505
1234964358024900608
1234965892917874688
1234969832618987520
1234969970787979265
1234970103109697538
1234970201180921862
1234970311235375105
1234970407414812672
1234988383488753664
1234999125491404800
1235053232130363393
1235084707521417216
##1235141420392091655##
1235356675965624320
1235423508555014145
1235532751782076416
##1235566695713918976##
1235567249353629698
##1235576248891576320##
1235846483854757889
##1235738044826890245##
1235796330846531584
1235802691420356608
1235818981769875457
1235842574511824896
1235875173615706112
1235937861364576257
1235942372774641666
1235953598812561408
1235953604336455681
1236062280506318849
1236070438834487298
1236086903998427144
1236346719094398976
1236378381513449472
1236636422062440449
1236754735484620801
1237413754742231040
##1236307421783564293##
1236309480016674816
1236367780317990912
##1236750046923816960##
1236764073599041536
##1237132820646170624##
1237133231503429632
1237142936133029888
1237148458508791815
1237189647517843456
1237241021039357952
1237357234897764352
##1237438776525365248##
1237450935112290306
##1237711254036324352##
1237711820816887808
1237712605743112194
1237715426081112065
1237761890660605955
##1237830655511130112##
1237833911440416769
1237866532434141185
1237868046473023488
1238007162464612353
