##1238233120010362881##
1238234057839910914
##1238236484639035393##
1238236695385997312
1238237524465799179
1238237867521880064
1238243619997351940
##1238239161313890304##
1238240414966128641
##1238226794458894343##
1238226851308412932
1238226923194646528
1238226979117314049
1238227026345066496
1238227160151871490
1238227277726564353
1238227299591491585
1238227421293355008
1238227430730543104
1238227568672878592
1238227697580617730
1238228062191398923
1238228205699506181
1238228630599335936
1238228662228586514
1238228799403094016
1238229139498438659
1238229261259071488
1238229353139445761
1238229531355484161
1238229886302654468
1238230204562182144
1238230896588832768
1238231848830066692
1238232960995856386
1238233447115751429
1238234072280940545
1238234833144483840
1238235545584783360
1238235827844644868
1238236107550195714
1238236282528153601
1238238850826358792
1238239701288566784
1238242083414179841
1238243564645232642
1238249309709180933
1238249855249776645
1238250981302861829
1238252815505645570
1238259827144560642
1238265250165731328
1238267089313464320
1238270485730930694
1238271477725749250
1238298684858777600
1238308876212150273
1238318132445483008
1238335132790140928
1238349161277186048
1238363255069913088
1238392256257720320
1238396293573152768
1238440454225637376
1238464398357860353
1238484322421805058
1238523802650316800
##1238226973568139269##
1238227255849095171
1238227435663040512
1238227604148293633
1238228418942173185
1238228490618654721
1238228558809632768
1238229944108548111
1238231487398457347
1238233809075789824
1238235569811054592
1238239555234533376
1238247115534589952
1238266417725820930
1238281646228541443
1238326995202772993
1238348944243142661
##1238237106629152771##
1238237141970440192
1238238192219967489
1238426043314253824
1238557211573530626
##1238223419449188352##
1238223845137448971
1238224174579154945
1238229794283814913
1238233891695210503
1238235421303242752
1238432573279387648
1238556013692956674
##1238229813858643975##
1238230128783695874
##1238229820489838594##
1238230235692269568
##1238235773649944593##
1238235941342457864
1238235960594350087
1238236052621529088
1238236089145589761
1238236232083267585
1238236595385520133
1238237111570051073
1238237553200893952
1238240607509848065
1238241016978853888
1238242056167985152
1238247252558307328
1238261488701394945
##1238226396692074502##
1238226657498062851
##1241848377412747264##
1241848733240868865
1241850566919294976
##1241863983721824269##
1253043591745884160
##1241868486042882049##
1241869117080186891
1241885694999638018
1241916043641131009
##1242921601735196673##
1243055858113810432
##1243648478737248256##
1243657651361374208
1243750908497784833
1243753181714104320
1243760115733237761
1243765564855603202
1243771065383313408
1243773431037849603
1243822998320295943
1243833403016974336
1243844163264811010
##1238227745685090304##
1238227793663741954
##1238227750957219840##
1238228074476515328
1238229728168947712
1238232013557174272
1238234613488717826
1238279687497007104
1238286338518122497
1238407448433655809
##1238228287492628480##
1238260634338426886
##1238229347217137664##
1238254714313216001
##1238230199420018691##
1238232025909297159
1238283198846636033
##1238230205979820039##
1238231779598839808
##1238230310879481857##
1238232022012878851
1238232261469908993
1238232578936778752
1238493071702138887
##1238231191880232961##
1238235547040129026
1238276183067955200
##1238231859533885440##
1238325776510001152
1238496178863513601
##1238231874281050114##
1238246166699085824
1238369850822725633
1238398919438106626
##1238233669178920962##
1238236752894210049
1238368673133473793
##1238234726315458567##
1238234969383866368
##1238234825879928833##
1238257132358811655
##1238235510327443456##
1238235646663237632
1238320916775473152
##1238236850390786050##
1238239098956996608
##1238240856622215173##
1238313509131345927
##1238242114611232768##
1238242521924452355
1238242712752701440
##1238329307019296768##
1238351821753782272
##1238430944119468032##
1238432646918803457
1238433442594983939
1238442038342955010
##1238589482431062025##
1238601362247692288
