##1254424586390835201##
1254424741764571136
1254424794793234433
1254424808160464897
1254424833405988864
1254424850548080648
1254425329491423232
1254425470399062016
1254425503114637313
1254426669395456001
1254427666901581824
1254429517344636930
1254431808831315968
1254432182657060867
1254432681741475843
1254435277843632130
1254438522930462722
1254438579402653697
1254438760969900037
1254438908349362176
1254439577445634049
1254440357099700224
1254440525781925888
1254441349404745728
1254444907286200320
1254447261653897216
1254448293633036288
1254450166708473857
1254450446078525444
1254450946366681089
1254452113729564673
1254453948561457153
1254456181453729792
1254456947014762496
1254458002276601856
1254458284335157248
1254463066659569664
1254464400834076672
1254472214193340420
1254485718971420677
1254486811637960706
1254492237150511106
1254498230961930240
1254500816532226049
1254506681641455616
1254514088048238594
1254517012631629826
1254517941351186435
1254521111905046528
1254558625151975425
1254571421352595457
1254596657825660928
1254656376300802048
1254681469966004224
1254695908295442432
1254706443275681793
1254808688415686664
1254825690433835009
1254996230863753218
1255242072493301763
##1253654798697738241##
1253654872718823427
1253654907883679744
1253654918633750530
1253654934446276609
1253654943543767045
1253654946903457792
1253654962267131905
1253654986116009988
1253655027996123136
1253655033641676807
1253655042231611395
1253655045146640385
1253655092881952770
1253655102218481665
1253655170929627136
1253655177426538496
1253655194111541249
1253655227586285568
1253655245344911363
1253655254199144448
1253655272217817090
1253655285882814464
1253655317059194881
1253655320116768768
1253655334637404167
1253655414035623941
1253655466892242946
1253655499133902850
1253655546395332611
1253655562493005825
1253655609125351424
1253655612514349056
1253655613839675394
1253655622966480896
1253655625843773441
1253655650460151811
1253655653299691522
1253655716113629187
1253655758660657152
1253655797311197184
1253655819171880960
1253655832199299075
1253655835407982592
1253655850604015617
1253655883093073921
1253655900428161024
1253655912532901889
1253655935903555584
1253656063620067330
1253656161280233472
1253656246173028352
1253656309150502913
1253656333489930245
1253656353769480192
1253656445490540544
1253656490235138048
1253656624075616260
1253656626315304963
1253656652613550081
1253656670783320065
1253656754635911169
1253656832884838401
1253656851264221185
1253656952258867200
1253657015492231169
1253657122077904897
1253657198909161472
1253657578468450309
1253657758529880065
1253657762401312769
1253657782357762050
1253657905271881732
1253658083890520064
1253658084775510016
1253658162709889024
1253658311435706370
1253658437864603649
1253658610284072960
1253658753066508288
1253658777519304710
1253658808624316417
1253658860734251010
1253658882326646788
1253658909769977856
1253658945266352130
1253658982910251008
1253659059443634181
1253659077164650501
1253659092679307265
1253659209671102465
1253659221415116800
1253659266206126081
1253659341682610178
1253659361672605698
1253659510880776193
1253659640795148288
1253659705303609344
1253659721090859009
1253659774253699073
1253659916642013184
1253659939513470976
1253659955749584896
1253659963894964224
1253660047281963008
1253660165477408769
1253660230094860288
1253660471275794435
1253660475419701248
1253660534169272321
1253660556353056769
1253660841175629825
1253660876562935808
1253661069974929410
1253661119257939969
1253661474913951744
1253661537497161728
1253661798038994949
1253661828548263936
1253661866754215937
1253661973889376256
1253662057469227009
1253662160275886080
1253662455299006465
1253662531866054656
1253662634756505601
1253662707473154055
1253662961853444097
1253662999988011008
1253663220415561730
1253663316729348096
1253663445100175361
1253663541430755329
1253663566781124614
1253663616307511297
1253663748168060929
1253663771777695745
1253663841910693888
1253663864023134210
1253663894318583808
1253663938182602753
1253663970864574464
1253663978439540736
1253664429281103872
1253664544179793920
1253664577889472512
1253664709653467139
1253664799151591424
1253664808295170050
1253664808458768390
1253665047504654336
1253665127678738432
1253665338279026688
1253665341806436352
1253665496404242433
1253665541673431040
1253665553459359744
1253665591275200512
1253665846737723392
1253666123939266561
1253666318735290370
1253666480346083328
1253666680175235072
1253666780310056960
1253666810483924995
1253667148242837504
1253667250537664518
1253667350332813314
1253667594416119809
1253667986386411521
1253668074273878017
1253668085464289281
1253668218583109633
1253668225872732161
1253668472330035203
1253668548116983809
1253668557042397186
1253668682703781888
1253668760856248320
1253668981065613312
1253669290601054213
1253669340345520128
1253669596428722177
1253669786749263872
1253669857884807169
1253669887224033280
1253670172591874048
1253670299993866240
1253670317219774465
1253670762449436672
1253670935204442116
1253670942464753671
1253671009368051713
1253671143661342724
1253671182781603842
1253671291112095747
1253671295172173824
1253671415758323713
1253671460356358145
1253671893011398657
1253671995000184832
1253672258301820929
1253672273950752770
1253672497096073216
1253672534807121925
1253673679403220998
1253673772030332929
1253673954667094016
1253674022342135809
1253674723248046080
1253674870807900160
1253674981977923585
1253675007282208768
1253675053130055680
1253675342503587841
1253675726735319041
1253675895853899776
1253676262628954116
1253676407865126914
1253676607748874241
1253677429362757639
1253677767121670144
1253678367452418049
1253678722957402112
1253679850231128065
1253679948591661057
1253680906633699328
1253681456532140032
1253682519385530370
1253683119259074565
1253683295205888004
1253683321164500993
1253683762120011776
1253683877790523393
1253684064520896513
1253684115687247872
1253684173791006721
1253684320662937600
1253685284207763459
1253685475191197696
1253686224780484608
1253686273744818176
1253686366136864770
1253686592474095617
1253686686766202880
1253686793188360192
1253687003717263363
1253688235135557634
1253688412063911943
1253689148558446593
1253689296386752512
1253689510120079361
1253689536493883397
1253690130336006146
1253690694457229312
1253691199472521218
1253691445220970498
1253691553958297600
1253692282315907072
1253692412238745604
1253692481478316033
1253692499014672385
1253692801377865729
1253693060963336193
1253693631871025152
1253693809269104651
1253695151157006337
1253695625876639746
1253696543758209025
1253697511203708928
1253697650098081793
1253698335443243008
1253698958184140801
1253699057106763778
1253699452461867008
1253700037437202432
1253700238310879235
1253700349963182080
1253700353092194306
1253700832077496325
1253701266116657152
1253702493151911936
1253702615189389314
1253702700912513029
1253702796962078723
1253703057524867072
1253703223187292165
1253703240203546626
1253703315415801857
1253703769768026113
1253704183565430786
1253704929505673217
1253704948979728389
1253705433866534913
1253711665557889024
1253714482376970243
1253718041659146240
1253718048089034753
1253718695987249152
1253719654356455424
1253720762374029314
1253721415024619524
1253721513292959744
1253722474421895169
1253722798167666689
1253723062303961088
1253723172932849669
1253724650292621313
1253724767498252288
1253725529297076225
1253725645496102914
1253725716694339589
1253725840447344640
1253725920189452290
1253726265535868928
1253727076164800512
1253727303068155904
1253727312484413440
1253728023246929928
1253729665371590656
1253729835769348099
1253730069438234624
1253734438053335041
1253735367594950657
1253737522745794560
1253738565185556480
1253739151196934144
1253741690642477056
1253741806522597382
1253743034283503617
1253743132719616000
1253743429290467330
1253744019181535232
1253748587021979656
1253748794824540160
1253750073906933761
1253751500645556226
1253752980140175361
1253753885149351938
1253754001599934472
1253754919716294661
1253755059512508416
1253755459695230978
1253755686649020416
1253756951139438592
1253762210989576195
1253763330369601539
1253763692279316481
1253771833352077316
1253771940390633474
1253772073144631296
1253773652065214468
1253778682004541441
1253780193937960962
1253780212095090693
1253782755382566912
1253782825087754241
1253782845350391810
1253787600428642305
1253787667877240833
1253788298105012226
1253791203830743040
1253793016441196549
1253795095293374464
1253802203044892674
1253803154451443712
1253808070184054785
1253810761002110976
1253816198850101253
1253817078106161154
1253821852696416259
1253821867527475202
1253828251291656192
1253830880524668928
1253833580511408128
1253833865245884416
1253843413860003841
1253854198673870849
1253860696229662721
1253861776732622853
1253878115325161472
1253882031739715584
1253888308612079618
1253906282442035200
1253957156568805376
1253976349221453824
1254117328255512577
1254157250740006920
1254298988297232391
##1253654924333899777##
1253655015769755648
1253655564820844545
1253655748820770816
1253656118661910529
1253656313059512320
1253656680392462338
1253657048920834048
1253657233885462530
##1240022932736401413##
1240023487839944709
1240024578962980865
##1239653737171468290##
1239653809225371648
1239653820747128832
1239653854939054081
1239653865148080129
1239653878372630529
1239653907263033344
1239653940439986178
1239653953425551360
1239653953425625088
1239653963596738561
1239653970169270291
1239653992847851522
1239654003702726657
1239654013467066369
1239654064633327616
1239654065245769728
1239654068898889736
1239654133893824512
1239654183231303681
1239654188709183490
1239654193905971202
1239654213673771011
1239654217062776834
1239654217943580672
1239654233391214592
1239654258271756290
1239654265616060429
1239654266773614592
1239654286461632517
1239654345194569735
1239654471501832192
1239654481559719936
1239654500140486657
1239654567626911744
1239654586983632896
1239654632521117706
1239654762016014336
1239654770639585284
1239654798510698497
1239654929507258368
1239655060767936514
1239655083895373825
1239655236010151941
1239655252447690756
1239655307116187651
1239655331216666626
1239655404902264833
1239655511508779008
1239655598519713794
1239655623148613633
1239655630752952325
1239655643147046912
1239655650545864707
1239655689494188034
1239655702903341057
1239655728572440578
1239655760843476994
1239655781286494213
1239655803986096133
1239655845476122625
1239655901684019202
1239655932868558848
1239655973092044801
1239655981363183618
1239656178453483523
1239656213907943424
1239656282564460546
1239656293096468480
1239656309957541889
1239656406929686528
1239656469391343616
1239656500882288641
1239656630104571904
1239656809889226752
1239656940407586823
1239657011375202305
1239657028706074625
1239657159715106817
1239657222558437376
1239657235237699589
1239657298823348233
1239657332205854721
1239657381602177025
1239657404796723201
1239657419627732992
1239657544106283008
1239657591900450826
1239657595788460033
1239657716433539079
1239657749178449922
1239658006142488578
1239658204558229505
1239658550915465217
1239658730712698881
1239658782440988682
1239658864745865218
1239658893468299264
1239659014721593346
1239659064222715905
1239659245504692226
1239659297187008514
1239659330896527360
1239659404116537344
1239659591769763841
1239659737966313472
1239660034474348546
1239660150048374790
1239660651355701254
1239661049860820993
1239661205335179264
1239661259664035841
1239661304941510661
1239661803006722048
1239662397549359110
1239662427261845510
1239662628277977089
1239663255758520322
1239663495815278592
1239663522390462464
1239664011093966848
1239664088210460676
1239664097983070208
1239664366074703878
1239664842988032000
1239665047611342849
1239665194881691653
1239665385819029507
1239665424138219533
1239666045155266560
1239666173731581953
1239666294561046530
1239666560828092420
1239666878475317253
1239667359234904064
1239667643373817858
1239667863075598336
1239668128365400069
1239668228013674499
1239668461539864577
1239669918037094401
1239670841954177026
1239672171548553216
1239672173268262914
1239672419087982598
1239672514411929602
1239673230610157569
1239674276929814528
1239674428797181954
1239674761917202433
1239675251560153088
1239675866675888134
1239676114601156611
1239676267374546947
1239676787770175488
1239677691177177088
1239678758602317830
1239683613307830282
1239683724746330112
1239684055223992326
1239686830330691596
1239691077193551874
1239691640446607361
1239694352269692931
1239694631807352832
1239696120206561282
1239696942415908865
1239698809036386307
1239698851902230528
1239699092546207753
1239700364477300736
1239701202264363010
1239703391808487424
1239704515529637893
1239704600082554880
1239704804185735175
1239705429988519936
1239706670315581441
1239706854281940992
1239706884531159040
1239707712558112768
1239708428546854912
1239711286222565378
1239712657579618306
1239713210208575488
1239713298431512578
1239713476496502784
1239713538618294272
1239714287939190784
1239714344310636544
1239716184632832014
1239717627225931776
1239719351521067011
1239721493921034240
1239724564931895298
1239725294589743104
1239729424247001088
1239738027213234177
1239738340745850882
1239743541523492866
1239744369319608321
1239760881468276736
1239763222015680516
1239763477570469889
1239765409093636101
1239765887810486273
1239768358960193536
1239771151607435265
1239774637078253568
1239775817703587840
1239779901173108742
1239781134763986944
1239786833036394496
1239787452937764864
1239787562752978944
1239789689676148737
1239790843952877568
1239791542023467010
1239793106670759936
1239795452591120384
1239796656775794689
1239797106312953856
1239800069592940544
1239800709979279360
1239804679065911296
1239810713373175808
1239812778849943553
1239814915550072833
1239815330047963136
1239816626058530817
1239817341447397376
1239823418041778177
1239823436039454720
1239823905965121536
1239825214348898311
1239826348522254338
1239828857789788161
1239829024450514944
1239831206960693249
1239831457805279232
1239836848937148416
1239836951332651013
1239837205847310340
1239839929540190208
1239841429834346496
1239842197710745600
1239842512690438144
1239844408880697344
1239845443351306240
1239846320489279490
1239847496630894592
1239849486626758656
1239849799387623424
1239850376884637697
1239852583621189634
1239855281900789760
1239855455020728325
1239855619496124416
1239856959886688256
1239857566160769025
1239858424034328578
1239858527608475648
1239858652770639874
1239861419555860481
1239861944963735554
1239862996475805696
1239866237280301057
1239868433916928001
1239870224465305607
1239874381129580546
1239876823200260097
1239879187411984384
1239879820319866880
1239885894204694528
1239887083134685184
1239893008524419072
1239893916499021824
1239896226948157442
1239896301652803584
1239896690120933376
1239898378319921152
1239901296783695872
1239906487226585088
1239906993638445056
1239907040354582530
1239907184865087488
1239908332107780097
1239910161680121857
1239910289426075648
1239912684394594305
1239921859409448961
1239928267274104837
1239931474268299264
1239936660097425413
1239941220912283648
1239941547996610561
1239942378691211265
1239947240426348544
1239951736535728128
1239952062210887680
1239955602333405190
1239963148515307525
1239964208692789249
1239964565204389890
1239972754780073990
1239972852083724290
1239977679706710016
1239977862268141575
1239978581033451520
1239984133218205698
1239986748920299522
1239986789655461888
1239989439730012164
1239992056866578435
1239993916126040071
1239995771853901826
1239998832131420160
1240002123154276352
1240002792217096193
1240003313187389440
1240004236185919488
1240005495097896960
1240008086343081985
1240011683994664971
1240015969952714754
1240018595343732736
1240024914712805380
1240027520176619521
1240027713576075266
1240043335131320321
1240046585582624768
1240047942184157186
1240060937819865090
1240063284092588033
1240065047017201665
1240065167897038849
1240075459616034820
1240076602995851265
1240090987529109505
1240104431968047105
1240117626782826498
1240145308614615042
1240148630683746305
1240166058914430979
1240168195803283456
1240168488184033280
1240176625267998722
1240178924396711936
1240180113800601600
1240192882855772162
1240207424021241856
1240207714220900353
1240213195844988931
1240215806467878912
1240238728947412993
1240243202881355777
1240246375599804422
1240257364948922373
1240269597305004032
1240270419803987968
1240278670364807169
1240287364125204480
1240300059029356549
1240310349552930816
1240310634333560834
1240315842031747072
1240324164600332288
1240379002658926594
1240398705729179649
1240411070134697984
1240481388400455682
1240487860358316032
1240525297457512448
1240526656240005122
1240545090260566021
1240665195594362880
1240915945163497473
1240955949159940100
1240997779255812096
1241165099513131008
1241307344853663751
1241397594695368705
1241433639164030976
1243087089417191424
##1239662351646932992##
1239666294284324866
##1239669188320526336##
1239669343258136583
##1226954036965990402##
1227007982082371584
##1233448479697100802##
1233448936389607428
1233777379237081088
##1233852097839452160##
1233852427465580545
1233855339352788995
1233856075599880192
1233857118740058118
1233868735636819971
1233984553418731520
1234522677400031232
##1239968076436615177##
1240001748833624064
##1239994040764039170##
1239994488073998336
##1240355173509337088##
1240362788972789761
1240369816428576769
##1241832409722769408##
1241832535820242944
1241832669627011072
1241832900972163073
1241833612535881734
1241835056295022598
1241835157704843264
1241835863375409152
1241837142042697728
1241841177000845313
1241848463035424781
1241871577093943296
1241879339760844800
1241938937934905344
1241998088581021698
1242017296610140161
1242044215774908425
1242103734529900545
1242909358318632961
1243054383434170369
1244235363352293376
1245073251677675521
##1244728173427863554##
1244731074921537541
##1246164956862701573##
1246165279580860416
1246165280998535175
1246166150033129474
1246166510965489667
1246169191654268936
1246171772925497344
1246173255834230784
1246173490711080960
1246173568628645889
1246174332272947201
1246174739443449864
1246178789215920134
1246189772684566530
1246274400283955201
1247044932206047233
##1248724722352873473##
1248725030785232902
1248725136091602949
1248725141535830019
1248725306078265347
1248726505871605761
1248726906469580801
1248727348125544451
1248727819569582080
1248728440481755136
1248729745904336897
1248739703060344832
1248739918421069824
1248741940058673152
1248746319067389952
1248748090032558080
1248749905000136705
1248752852618616832
1248753218512814080
1248754390636339201
1248771534648459265
1248773277998342150
1248793056817618945
1248796224767098881
1248802679259873280
1248803055098900480
1248830633822097409
1248845081102159873
1248864861691486216
1248866485440860160
1248869661657137152
1248905414172958721
1248913089048842241
1248927193834668032
1248933591297544193
1248937033063596032
1248946442397499393
1248950818964996096
1248998846295871489
1249009767592460289
1249017160141332480
1249033385080733696
1249077690054979585
1249200186150264832
1249548016610131969
##1248737157285584902##
1248737263862853634
1248738733534388225
1248873650033491969
##1250157307889098760##
1250157406987960320
1250157577528397825
1250158107713511428
1250158220800331777
1250158811815477253
1250159091965722625
1250159839961059330
1250162872388333572
1250165463491006469
1250166963281764352
1250167818173198342
1250169473744744455
1250177783835373570
1250189993294823424
1250205463263809536
1250217574949949440
1250229941079244805
1250241947295535105
1250315894909100032
##1253658258302263298##
1253781967616737287
##1254487942942404612##
1255282584877174784
1255282903401017346
1255283386832297984
##1232385010214359040##
1232385125796786178
1232779120725176321
##1238502052273291265##
1238505598481764352
1238506649960230915
1238506937777618947
1238511362420154368
1238784859226738688
