##1226937482631098369##
1226950897864974336
##1226984686955704320##
1227009691651387392
1227081046480564224
1227116732013318145
##1228394530019434497##
1228394564760866816
1228396339731607554
1228396609731469312
1228425231615889408
1228543847506096128
##1228527747208749056##
1228528286457880576
1228560057157214208
1228568681015279617
1228681308823543809
##1228430209050910722##
1228430284649095169
1228529579414958080
##1223071498841264129##
1223099544793042945
##1223344879465529344##
1223351188369870848
1223356200412160000
1223368582182199296
1223425880652951552
##1224714012161642499##
1224715224600776713
1224716574193594371
1224718093567524864
1224718679679684608
1224727730337517568
1224736249090650113
1224795612744421382
1224914173148135425
1226591552472076288
##1226854874857472001##
1226858803540504578
1226909386100084739
1226920319249719299
1228300751279153152
1228822099600564224
##1226874663277617152##
1226877813699031040
1227368093070110720
##1226921929581506563##
1226932928732594176
1226938157343674368
1226943317545488384
1226945032105664514
1227233990404386816
1227367995552489473
##1226950477897719808##
1226953995379466240
1226963331065556997
1226965174621474823
1226974076062896130
1227019394917785601
##1226969226205966337##
1226978690032132098
##1226977506848378880##
1226980376989589505
1226980541209206785
1226981975854125057
1227004214674706434
1227005537386147840
1227006137863745537
1227156090623856640
1227156415506198529
1227165503925424128
1227171226734518272
1227179338099052544
1227184273343631360
1227194093605752832
1227221242983452672
1227221833172144129
1227222661211787265
1227258572154769413
1227273797558034435
1227285508050636801
1227296098185863169
1227299366299455490
1227311374075879429
1227488434723250178
1259420529326469120
##1227003710317961217##
1227004407734292481
1227320249017622534
##1227198040127217666##
1227254094101958659
1227255222902411265
1227432511833280513
##1227238786091761666##
1227241584992780288
1227675276106256386
##1227283544390529024##
1227284787594960896
1227308145057390594
1227333885593366529
1227395503068938245
1227404793611718659
1227409556625600513
1227441742548480002
1227476179332030467
1227488879793623040
1227561956405600256
1227659277340295169
1237273598248792064
##1227285643824373760##
1227289727495266310
##1227996165590986752##
1228004946685157376
##1228500492717821953##
1228501810840776704
##1222756301299703809##
1222758177390972928
1222758233657565184
1222759579173474305
1222764798057893888
1222766268689928192
1222781526938652674
1222833796791316480
1222836968624730112
1222849140713054211
1222910551795412992
1222950791201411072
1223004370209509377
##1222802038209290240##
1222802480888606721
1222809595724197888
1222810639518834689
1222817720036679680
1222851394249592832
1222967524834402304
1223006166818664448
##1222802919516463105##
1222805060696055808
1222809639365926912
1222810658032553987
1222822514373681152
1222957186218962944
1222967587052703744
##1227249409357946881##
1227260558841282571
1227261637025058818
1227262581473189893
1227266011033985024
1227279654823788544
1227307496399876099
##1228673412538695682##
1228680151359250439
1228784995059236869
1228785546882953218
1228789781477371911
1228896026179899393
1228897400619765761
##1228020122197151744##
1228022437662478336
1228022566414999552
