##1238893575053729793##
1244962078302994433
##1240279237061378048##
1240286309341593600
##1239336647176663046##
1239336662120960001
1239337036185849862
1239337158307176448
1239337172848738304
1239337232500170757
1239337749129441282
1239337996744261635
1239338118681112577
1239338440765984775
1239338693619527681
1239338739765215233
1239339189109473280
1239339327764729856
1239340190591836164
1239340241036742656
1239340590833250305
1239342708944187394
1239344111523684353
1239345707284340743
1239348661383036929
1239349306857054210
1239349681928507392
1239350594785116163
1239354344010665984
1239355157495848960
1239356548138381314
1239357348696805377
1239359602732531712
1239360239939604483
1239372899770929159
1239373565700575233
1239378301858258945
1239381021872791552
1239383178126790656
1239383781187948547
1239384378482065409
1239386003028283393
1239386977507708928
1239390301262880770
1239392868353130496
1239400338551078915
1239407979885199360
1239410330708647937
1239414348960890881
1239417377231691776
1239422115079770112
1239423355666792448
1239424318339244032
1239430585384304640
1239431437142515713
1239435263459328000
1239441738957283332
1239442096119074816
1239443264048160768
1239445033746563072
1239445881553858560
1239452498341101568
1239454196526714881
1239455193143693313
1239456153542840321
1239457076646158336
1239461009330487297
1239461185059258368
1239461783028396032
1239462807558598656
1239463199482744832
1239463666308784128
1239469050272587777
1239469148322881536
1239469158724763648
1239470156910333955
1239474115909738496
1239475852104077312
1239477201881489413
1239478437955461122
1239478542959771649
1239478904051707904
1239485470259765249
1239487386179993601
1239487435681271810
1239488312781475841
1239490150390009857
1239494585769955328
1239497938415517698
1239499405599936512
1239502076725604353
1239504443743383552
1239510308177182723
1239512279789580288
1239514108187336706
1239514694517391360
1239517324039917568
1239521549813678081
1239523721662128134
1239525971889401856
1239526762406727680
1239530751118512129
1239530857154727937
1239531096951476226
1239537038015283203
1239539633668702210
1239542295575363588
1239543271367626758
1239550236823097346
1239553546376425472
1239553648318873600
1239553808230952962
1239554897428860928
1239555740802711554
1239566998083862532
1239569472316420099
1239573515281600515
1239577551099568128
1239578357471346688
1239584105907486726
1239586296231755776
1239587054465560582
1239589673586118657
1239589777101422592
1239601920660189186
1239602684166103041
1239604729782636544
1239606201303867392
1239606263719374850
1239607200521367557
1239607468075950080
1239609176227295233
1239611952688697344
1239612382739083264
1239634358581047296
1239636261947805698
1239638670019346432
1239641694292905985
1239642664569647107
1239644975484284930
1239644988075581445
1239646641092792324
1239654987283791885
1239658330693472257
1239668510244122627
1239671855826468866
1239672693039026179
1239674313768341504
1239675144206864384
1239676774511935488
1239687637557968896
1239691702488780800
1239696741437526018
1239697959153012739
1239720441398337536
1239776966460440581
1239786469868408833
1239812868377321474
1239813206828253184
1239827947420344322
1239868794929020928
1239929544448135170
1239932746023264257
1240017171427844096
1240083505733869573
1240116382559277058
1240420831551008774
1240424919449645062
1240817602282340353
1243944600722522113
##1245257569368768513##
1245321351298244608
##1249789058533990401##
1255394014972518406
##1237858179104387078##
1237862911889948672
##1238878381636190210##
1238881529222377472
##1239046417945178113##
1239056113187852289
1239121657492537344
##1238608223982288897##
1238771030371586048
1238775391524978690
1238778652952649728
1238783671529869314
1238788046843150337
1238790644283461635
1238790998366588928
1238791327250296832
1238793901231595526
1238794347262488578
1238798848316841985
1238804365454049282
1238807363219369986
1238810343427715074
1238813000808771585
1238817242281844737
1238819593126371328
1238830354548604929
1238836592300773378
1238840524343296000
1238868050218307584
1238880557423120384
##1249429090924298240##
1249430259163959296
1249431510261915648
1249438153800331264
##1240030553606434821##
1240166148685127681
1240187768866660355
1240194330897403906
1240213493418201089
1240308384576016387
1240379153108656133
1240411159108313089
1240418074987200513
##1239684214943072256##
1239684248778543104
1239684302289473538
1239684318252937217
1239684390034255879
1239684569001070592
1239684608884707328
1239684656833986563
1239684709552177156
1239684763469963264
1239684797322219521
1239684808403562503
1239684855472033792
1239684903438032901
1239684994181758977
1239685126793158660
1239685171005227009
1239685302387707907
1239685338890735616
1239685375205007361
1239685606323752960
1239685637709725696
1239685662732963841
1239685718819119105
1239685724854771712
1239685783621111811
1239685839061487616
1239685929557585920
1239685949942046720
1239686267165716490
1239686406450155522
1239686419494449153
1239686645353459712
1239686716065230849
1239686754371862530
1239686766568890368
1239686850736009216
1239686902913040384
1239686906587348992
1239687606331486208
1239687636744318977
1239687676611252224
1239688112743292929
1239688377554911235
1239688560971825155
1239688599760748545
1239688850223566848
1239689357860179968
1239689489825566720
1239689649938935812
1239689653072035844
1239689805421780992
1239689859847127040
1239690147865583618
1239690442867867650
1239691100522078208
1239691274762018817
1239691773636743168
1239692246343192577
1239692583972081666
1239692794366701568
1239693747799064579
1239693940640677891
1239694081003073537
1239694253342818304
1239695185564635141
1239695774650417161
1239695960697167874
1239696047053705219
1239696188741431302
1239696437178445824
1239696513502150656
1239697613081006081
1239697688012128262
1239697713408741377
1239697747365806081
1239698099913842689
1239698167056261125
1239699309441974273
1239700410870439936
1239701208429928451
1239702060272103431
1239705120268582915
1239706289707630592
1239708788292235265
1239711238055133188
1239712588705017857
1239714735525974019
1239714896285249536
1239715946790637569
1239716036238286848
1239717518132076544
1239718153770414081
1239718957625618434
1239718968799133698
1239719143349387265
1239719348312453120
1239720487921635334
1239723076025286656
1239723740273037313
1239725385698467840
1239729672667238400
1239733342238584836
1239733780069462017
1239734827382947841
1239741322887643136
1239741448142163968
1239744014955556865
1239744450961735681
1239745280762941441
1239745502943547395
1239745725707231233
1239746622013280259
1239749053807824896
1239749878768680960
1239750784104960000
1239751090884743170
1239752359670157312
1239752432554520576
1239752978711613441
1239753024551223299
1239753397789691904
1239753968038883328
1239755523626602496
1239756214260686849
1239756873043251200
1239757207765504000
1239757838517493761
1239757855164637184
1239760890939027456
1239761366367571969
1239761723877359617
1239762367279489025
1239762465522626564
1239762467431092224
1239762869228580865
1239763430095151104
1239764751493840896
1239765481864810499
1239765753823481856
1239765919846617089
1239766359501877248
1239766613928431617
1239769647840362497
1239770035150823426
1239770436256350213
1239770745284317184
1239772129110958080
1239772360888274944
1239772647132663809
1239772870861078533
1239774399953240069
1239774628312223746
1239775215539847168
1239775536932704256
1239775641781796866
1239776848940339203
1239778304686804992
1239778623873261568
1239779814535499776
1239780048200175617
1239781057391669248
1239781133648154627
1239781496921227264
1239781637120045056
1239784667659808769
1239786805672771584
1239787631728304129
1239788381237903360
1239790468831023105
1239791062811623425
1239791218550284288
1239794932719763457
1239795098013052928
1239795334949339137
1239795818883878912
1239796072366649344
1239796413820801025
1239797120087064576
1239800071211925504
1239802187661881349
1239804203767345152
1239804996973211648
1239806261643927552
1239812036508504064
1239812850366980096
1239814461516591105
1239815383303032835
1239816756706803712
1239819231325229056
1239819997377105921
1239821290934059013
1239821657163927552
1239821657579163648
1239825174628831232
1239825981747142656
1239827247340625926
1239827575469412360
1239833924257435648
1239834539222056960
1239836177517117440
1239836421009166336
1239836679298580480
1239837591643578369
1239837893226627074
1239839315519246337
1239839555278307331
1239841045355139072
1239841709967716353
1239845200362647552
1239847021735002113
1239848595064569856
1239851444519526401
1239856377679548417
1239856883856478209
1239858223580098560
1239859029020729345
1239860675473793025
1239861604327534592
1239865142462033920
1239865897541603329
1239866282935300096
1239872201379254273
1239875487008280576
1239876444882382854
1239879213450252294
1239880136541065216
1239882369831702529
1239892197396406273
1239899348026220544
1239901236255756294
1239905635736727552
1239907724105834497
1239910844701593600
1239911425558134786
1239913589168898049
1239920913468076032
1239924733719842818
1239936181258915842
1239936226276319234
1239940598657880064
1239940699870703618
1239945286706921473
1239957669852499969
1239965296527474693
1239973859119398913
1239975682253287424
1239978155093274630
1239980119772614656
1239989682521456641
1239997446006231040
1240013615266181127
1240040972773470209
1240042690990964736
1240044832833310722
1240049961007566848
1240061366838407173
1240117767577182208
1240146416825241600
1240310279247888384
1240360053653282816
1240490948007772160
1240491986777505792
1241486164839849984
1243746077913817091
##1239685142840512515##
1239685546190004224
1239701299823816705
1239701591868964866
##1240776978803892225##
1240838507129638913
##1238680842702065664##
1238745265202495488
##1238871156385603584##
1238883649375830016
##1247025965877919745##
1247029137551785985
1247033042570563584
1247043474819612672
1247045946812387328
1247053385477603328
1247056347759329281
1247057646928175104
1247089782775320578
1247092367389274114
1247093048435187712
1247099009103265794
1247115321493905410
1247116405260136449
1247137573258104834
1247164106710253569
1247238132870918148
1247385714280534017
1247542683356114948
1247543514855911428
1247933154209529858
1248359990999556097
##1238598789486821384##
1238598828225372162
1238598847468908545
1238598847556997122
1238598950107713541
1238598957233778688
1238599015014576129
1238599118207045638
1238599223697977344
1238599250239463424
1238599689546719234
1238599696194691073
1238600146763550726
1238600789846896641
1238601061960728576
1238602739858444294
1238604197370703874
1238605777767739397
1238610334430175232
1238625253896658945
1238639518342840321
1238668412508872704
1238709428146356224
1238736779995279360
1238745328746205186
1238783494337245186
1238784875223810048
1238844944174981120
1238886953904414724
##1239335785473683457##
1239336977482354688
1239337021505757184
1239337061708070914
1239337061762695168
1239337135502700545
1239337208676601857
1239337311302713345
1239337451694575616
1239337528186068992
1239337647958626304
1239337776782467076
1239337817630740487
1239337949159882752
1239338203959738374
1239338878647091205
1239347832022335488
1239348112575078403
1239348301264310275
1239348412518141953
1239358648301826049
1239450251586609152
1239560587568431109
##1239339791466070018##
1239352333496193025
##1245071668416000002##
1245087125441216513
1245087595572363269
1245087978894041088
1245091666677071874
1245096079663738880
1245187293268324353
##1240587722697379840##
1240601137474125825
##1236055259132227585##
1236221327826194432
##1237479251806388227##
1237479976749973504
##1223954614254481413##
1224221641510658067
1224221794648973312
1224221883844960256
1224222126825267200
1224225815954710529
1224233190816190465
1224245967542767619
1224272583215939584
1224285413910728707
##1223979832805117955##
1223980866675675141
##1223987214482333696##
1223990939745767429
##1224028273312706560##
1224033846963982336
1224034448427167744
1224034549191127049
1224034562419724288
1224036410606395394
1224038097391779840
1224040762691768321
1224041758067187717
1224042185609437184
1224042718281768966
1224043114341507072
1224043171174387712
1224045608920604672
1224053465636311041
1224055997695655941
1224067205106741248
1224082300624875527
1224083671164039169
1224088866224734209
1224088994369110016
1224090868258410496
1224091904037572608
1224196023020589056
1224250078057156616
1224302068795629569
1225882595168342016
1226613713786064896
1227865652070883328
1228749829561618438
##1224421893484101632##
1224424913655734272
##1224616249717612544##
1224616670263697408
1224616712101941248
1224620914530189312
1224635598822133761
1224643129422352385
1224645167166251008
1224645182680915968
1224645201454673920
1224645253313048576
1224645271604334592
1224645299035164672
1224645372527751168
1224645432502079490
1224645462793302016
1224645489842380800
1224645875491856385
1224646088902225921
1224647216897384450
1224684998705451009
1224685495449542657
1224687692300025856
1224688168575938561
1224688568075014146
1224689989029650433
1224690561560600581
1224690615549558784
1224690669656080384
1224692139910729728
1224692319762485248
1224706291140042752
1224716276104335360
1224718172877660160
1224723411156578307
1224728015982223360
1224731170405060611
1224740154906234880
1224740649456558081
1224741379240271874
1224744359062573058
1224746030090084355
1224750408507236352
1224752618104377345
1224754887474413569
1224759527041576961
1224761569751588866
1224771595299958786
1224787946940903424
1224801935644979201
1224812679849705473
1224814665689006080
1224816562630283265
1224817264307982336
1224817571964293123
1224824002662805504
1224827615493722112
1224898881953173509
1224902680834985984
1224903046250950657
1224904585409638402
1224906865324240896
1224907520168333312
1224908010830663681
1224909072903831552
1224912562971693056
1224923501150208001
1224932038458986496
1224938480071069696
1224952800838328320
1224975121401643010
1224984055726444545
1225057970746200064
1225101198723862535
1225106269025001472
1225159750079348736
1225175941372153858
1225181139834458123
1225260277094060032
1225776595446751232
1225979495250874368
1227801563110035456
1228738303953965061
1228886520486076416
1229656715873918976
1233129098857394176
1233808343153741829
##1225901374841507845##
1225901496572764161
1225902882291142657
1225903355421241355
1225903579225038852
1225907615202467841
1225910199363555329
1225911525287878661
1225946046733410307
1225983990705901569
1226005819319341056
1226039151436423169
1226055482483396608
1226073689952849924
1226075200585969665
1226076708916195328
1226091464343552001
1226144923604463616
1226151755941019651
1226215621207171072
1226230408225972224
1226390199132983296
1226743315606974469
##1226020638642434051##
1226189837595705345
##1230086264394846208##
1230086320833355776
##1231152851956781056##
1231308696870846464
##1234209402271522816##
1234209784393601032
1234209857085100040
1234212690152886275
1234214124919414784
1234219234944782340
1234219689573830657
1234240953092890624
1234241077454016512
1234241104029024256
1234250315714658304
1234262651942981632
1235541152687968257
1238228249114746881
##1239392185008652288##
1239392405096464385
1239400620228042754
1239482057379713024
##1239486601350316032##
1254617012694847489
##1239569147920625665##
1239569754161102848
1239572676768870400
##1239632634046754817##
1239632772031041536
1239632807858769925
1239633296822358016
1239635017741086729
1239635933068230658
1239636022398500865
1239640363964477441
1239650253504221187
1239666075073216519
1239679841168998402
1239686241064488971
1239812658183974913
1239854585222705152
1239860371076395008
1239862879001681920
1239889959789748224
1239896577021546499
1239942999540449281
1239955510641799169
1239957845795377153
1239991429772054528
1240008522382925825
1240011592194052097
1240012276679282692
1240017440442134535
1240034587973234690
1240043425476550658
1240310535985549313
1240359365099610112
1241216619281596417
1242701707446009856
##1239646246064852993##
1239993463069913089
##1239692753082232832##
1239712504940552192
##1240004630643453952##
1240004692291305473
1240005159108968449
1240017299853250562
##1240113010355683328##
1240330440201961476
##1240398744480296960##
1240401704157413376
1240442083011440640
1240530334560604160
1240724178430504960
1240926302418370564
1241288751894102016
1241929248354549762
1245803717544349700
1246123872841318401
1246202860351762432
##1241299932415512576##
1241497647078408198
##1241505059508232193##
1241505303730028550
##1241850195387863043##
1241851655596978178
1241852228304060416
1241857285057642510
1241858212053352455
1241858394115526658
1241885866492116992
1241930569887465473
1241931985154646018
1241932004427534341
1241932255376936960
1241936323776335874
1242012199729729536
1242036052497502209
1242036419343892482
1242181171288707073
##1242207570871410690##
1242212512327700480
##1242902945643081729##
1242956086509998083
##1235589797911158785##
1235591058907676673
1235592029666775041
1235601521255092225
1235604303030743040
1235610839027191809
1235612500407787522
1235612528731815936
1235613551299039235
1235630943177670657
1235631023951687681
1235632170137346048
1235637996545650688
1235640947213586434
1235655705023123456
1235656998869295104
1235667877702889473
1235711528785108992
1235721054401658881
1235773929165373443
1235849610062520321
1235861560444088324
1235908587442094082
##1235655896560218115##
1235656018639630338
##1235664340554051584##
1235714427854315520
##1235707807153913857##
1235708036515131392
1235934239692132352
##1236039551333920770##
1236040906631000064
1236041013820624899
1236042097448366080
1236042389128691712
1236047469533945859
1236048332767846400
1236054001289965568
1236059011243524097
1236059218056224769
1236059440522170368
1236059503688380418
1236060690152148992
1236063238728581121
1236063246580436992
1236064937677656064
1236067574347190274
1236071755338391553
1236072127670829056
1236078250981576704
1236078568783908865
1236104100019920907
1236107079661899776
1236115401001615361
1236116874854895616
1236133479982624768
1236150655238238208
1236152222871846912
1236182310644563968
1236188845403787264
1236191922168958977
1236192710651981825
1236192770227871746
1236204279154847744
1236212832112463873
1236254917247057921
1236275524026105861
1236280548647149569
1236285095046234112
1236285119276756995
1236285435703373824
1236286579473342464
1236287596055138304
1236293585747808256
1236300461508091907
1236302838856368129
1236310806221987845
1236320240629317632
1236353712597188609
1236356738615574528
1236364096242618368
1236364106648748035
1236368030927593472
1236370828050169856
1236371883286835200
1236373090877267984
1236373155473698817
1236387202537607168
1236388403433914368
1236388761946271744
1236389082445631488
1236462694208868352
1236463075777224706
1236474244353216513
1236541538865483776
1236627606407131136
1236633719689150464
1236690569117741057
1236923313877852160
1237002180969869312
##1236042340818489344##
1236042642909167616
1236044156092456960
1236045471027773449
1236049522226278402
1236058977378668545
1236066273366364160
1236128489343942656
1236146068271882242
1236239852745736197
##1236053243333152769##
1236053690370400260
1236054902553616385
1236320216306647040
##1236771843060764673##
1236774056457916416
1236774295558402049
1236841680579543040
1236847300296814597
1236927779079368706
1237000721595236357
1238164181469351937
##1236772099471089665##
1236773047362822144
##1237511312965431299##
1237511474580459526
1237513612610228225
1237612101234909185
1237697476121055232
##1238188251569143817##
1238189386015084551
1238189606874558470
1238361292617986048
##1238243572194910208##
1238243604679790593
##1238245563889483783##
1238251820847370241
1238293208490225664
1238304840222150659
1238371249639882752
##1238246976686342152##
1238259599855190016
1238349822370942976
1238497959223930883
##1238247072320622592##
1238249019815669764
##1238247657199603713##
1238248635399364610
##1238248417215873025##
1238248841515864064
1238250739325177861
1238271620348862465
1238302768592494593
1238305415420612608
1238314193553625088
1238352567735930880
1238355383992885248
1238384902241947648
1238422716652363776
1238439932835889152
##1238250785827422209##
1238250819859996672
##1238574593822072834##
1238574788261675009
1238588660095823878
1238592229297524738
1238775642608603136
##1238609159932841984##
1238790435289661444
1238794835865337856
##1238611332485783552##
1238761276744126464
1238913320268320770
##1238754111882956800##
1238754524795408386
1238754701287534592
1238755425039921153
1238756264341057537
1238756667229188097
1238759831969976320
1238761849639899136
1238772104193081346
1238778981803003904
1238780998411792384
1238825645662232577
1238829245285240832
1238834728222044160
1238839374621671425
1238850207678332928
1238868631443968001
1238878927461986306
1238889090222866433
1238894287561129987
1238905482657574914
1238939427667423233
1238957971016765440
1239181667832680448
##1238782961618747392##
1238783329614299137
1238792683939823616
1238803247399350274
1238814761032323072
1238819250468462592
1238827291779743747
1238831901324050440
1238833602865094657
1238835490142523393
1238844420822269953
1238852940942774272
1238879137638625285
1238882482176569344
1238883281644511233
1238884419974332416
1238908862012456970
1238918625077100546
1238945823024652290
1239033157174923264
1239042859552169985
1239061513681412096
1239231516808445957
1243560918753181698
##1238804803314122752##
1238804861061390337
##1238812253174091776##
1238871048008982528
##1238852004102975488##
1238858507002224646
##1238878942486020097##
1238879534927294465
1238883898790227968
1238887258066952198
1238916887582511110
1239031807359832066
##1238880573449547776##
1239068963985920002
##1238891520075476994##
1238891919259860995
1238894748909346827
1239082956892835840
1242168797227819014
##1238921771178393601##
1238931932785803266
1238967526886969345
1238974228424253444
1239062294149152768
1239160178102210560
1239161847661633537
1239230551917301771
1239510463601242112
##1238931738967060481##
1238933181316898824
1238979141979996161
##1238970687676694528##
1238977975426502657
1239086329125797888
1239171333793120256
##1238977482411454469##
1238983567495122945
1238984633175457793
##1239042223506731008##
1246203450473549824
1259090931871088644
##1239138480510377986##
1239138617894875136
1239138842348830720
1239138891124310016
1239139144946913280
1239139667683000322
1239142673694547968
1239206883367542786
1239214538844766208
1239382260681519105
##1239173319384952834##
1239245918567903232
##1239209786761269248##
1239211576906874881
##1239224192257732609##
1239252769212694528
##1245674567420518400##
1245675312698048513
1245696756521861125
1246095722937810944
1246106138699071491
1246118348888453122
1247089764442017793
1247168877491961856
1248008609432125440
##1245778969754046464##
1245786190227345408
1245787918578434049
1245788319193145346
1245788425887809537
1245788873051058182
1245794998626508800
1245801504038141952
1245809437400580096
1245815957345513472
1245818872973930501
1245819979662086154
1245824728448655360
1245828535488376832
1245842479565471746
1245842676122963968
1245843578665881600
1245848672451137536
1245848791628087297
1245849645219102724
1245853969143828480
1245857720609017856
1245858509033336838
1245861032045600769
1245869200662335488
1245871228394467328
1245874359769628674
1245896682749014018
1245897688081727489
1245905655770296322
1245909396137353216
1245911984329105408
1245912690788270081
1245920483519762434
1245926497619148800
1245932335314305026
1245945366228369408
1245945802943606789
1245946019529056257
1245946539807330308
1245952113756082177
1245958225423478784
1245976840717717504
1245978997441417217
1245980502714015744
1246005937695002624
1246010342628642817
1246015325927346181
1246033812863234049
1246043904438386688
1246044486716854272
1246045263128596480
1246049330789855232
1246057481756958721
1246059666808995842
1246076315087687686
1246086891155394561
1246087570037014530
1246126501206073352
1246128167187873795
1246136086163869698
1246152151694544902
1246156039839461377
1246163693957599232
1246164900877078528
1246165393196146696
1246165448795860993
1246165719240323072
1246201268135170050
1246208404881883139
1246242713244184577
1246289754787844097
1246373268787023872
1246458536126828544
1246686793665335296
##1245832546753097728##
1245832627644329987
1245832868435308545
1245832874936479744
1245833278315286531
1245833500319608833
1245833747758567425
1245834113564790784
1245834135786131456
1245834173060993024
1245834260633849863
1245834540905459713
1245834754332733440
1245835381087535105
1245836067774836736
1245836444700213248
1245836492729208832
1245837065578631168
1245838399656923136
1245838963891417090
1245839402322051072
1245840740183420929
1245843261614215170
1245843406615502849
1245846226928615426
1245848082509639680
1245850273379221506
1245857182194622465
1245869266223558656
1245881649465876482
1245887383737978882
1245923051016826881
1245940485354663937
1245954752514609152
1246000997748613120
1246089607210549258
##1245835467146383360##
1245836292601995266
1245836398076112897
1245836437523697664
1245836513805508608
1245919792332144640
1245921263891120129
1245925084818259968
##1245842329455472642##
1245844686436261888
1245847002023374849
1245847892792926208
1245853449188597761
1245856948500582401
1245941509461028870
1246030279258619906
1246165226342539264
##1245853033851793409##
1245853583716704257
1245861421851635712
1245863090521911296
1245864865371025409
1245867622618427392
1245874324751425536
1245874615479500801
1245876916961280001
1245888106420752385
1245925119836356608
1245940915090358272
1245989782905331714
1246078415159152641
1246219713807626241
1246728806515331072
1247082304348061696
1253447420442226691
1253452347122028547
1253458716961255426
1253465615517581314
1253531575649742850
1253730324477067265
##1246461614603337731##
1246462164283674624
1247498929299734529
##1248352718974078976##
1248354165413330946
1248430649976819721
1248434378360754177
1248503830901219328
1248504745125240838
1248504789681557505
1248541075532394498
1262308126197518343
1262391311560323073
##1249811820929601537##
1249814061774262274
1249872824153579521
1249962352998600705
##1254950614297128960##
1254950951208845313
1254955129729699843
1256764837268459522
##1249818393764495361##
1249820370380742656
1250022112347201536
1250143928126447621
1250199894213697536
1250200540711190528
1250203461213253632
1250209480010334208
1250209603196981256
1250213967101919232
1250215075656486913
1250222898352205824
1250223391514284034
1250225232226508805
1250225515933380608
1250225547826905095
1250232527249379329
1250248551122317315
1250254902972092418
1250259892343992321
1250260238151946242
1250262155460403207
1250262975190945796
1250265381379473410
1250265535628980224
1250266459261018112
1250268938442698755
1250270624485761024
1250273131702276096
1250289174113992710
1250291453831426048
1250293929288687623
1250297495889932291
1250302266126430211
1250310045998272513
1250310466506612736
1250312577541746688
1250313780858220544
1250330481029046272
1250352653508304897
1250353387062743043
1250353735370280960
1250366965857669121
1250380771422097413
1250380833673879552
1250382031189692416
1250392207300997121
1250392311386816513
1250393619053326339
1250395185378398208
1250397056428118021
1250406585848954887
1250416517868482566
1250421789085204480
1250426690234241028
1250428337689743377
1250435126611152897
1250437703558029315
1250444955337834501
1250449603759144960
1250458476431712257
1250459275077582848
1250459289577295872
1250471155082854400
1250494066858565633
1250505193306894336
1250506055345471493
1250511541172088832
1250514733058359301
1250515861426888704
1250516103610150922
1250556541394092032
1250590012778991623
1250664108887769095
1250664956724482048
1250681179486982145
1250701150552231936
1250747111727149057
1251245769610452992
1251306389797994497
1251382078974894081
