##1233783585133518850##
1233783797507858432
##1233783879863062529##
1234018986515410944
1234038426028191744
##1238463572302155776##
1238466080345141248
1238467563090296832
1238467658938490881
1238467799107940353
1238467851155116033
1238468606863736833
1238468699801223168
1238468840402665473
1238469668093988864
1238469903587385345
1238470714451255296
1238471250944688139
1238474594266296320
1238476663849209858
1238476986512785409
1238477078024138752
1238477118494965762
1238477137151221760
1238477193149374465
1238477519231299584
1238478383174074368
1238479128107589633
1238480036669411330
1238481387558252546
1238486365777678337
1238486571613073408
1238501280047411201
1238502200076369920
1238502202022510592
1238504536186277890
1238504598383529990
1238506716943339521
1238506886342852609
1238508775973273602
1238508782403170304
1238510031995371524
1238510196944756737
1238510359784443906
1238512094934454272
1238512259879645186
1238512475236073473
1238512477995970563
1238512657168244736
1238512658695049216
1238512832116920321
1238513022781591552
1238513150623920128
1238513233922850818
1238513358938279937
1238513380488622081
1238513582796451841
1238513605735329792
1238514219928125440
1238514276467462146
1238514306779623429
1238514405165404166
1238514528796569604
1238514596513746945
1238514683205820417
1238514749014454273
1238514761010163712
1238515074333134849
1238515084906967041
1238515230671605761
1238515248358924289
1238515387081293827
1238515435743653888
1238515901093289984
1238515991270825985
1238516046925094920
1238516168371122177
1238517693445222403
1238518297999675394
1238518591194042369
1238519130862628865
1238519194590863361
1238519240644313090
1238519249934725125
1238519634946658307
1238519985548517376
1238520942910988289
1238521150604525568
1238521494927540226
1238522778246152192
1238523234024402944
1238524119903358976
1238524195488874496
1238525462709784580
1238525608419905536
1238525831460327425
1238526171186429955
1238526272982179849
1238526309690748933
1238526754043633668
1238527122794328067
1238527319154872321
1238527408606674944
1238527578178228225
1238527704628150272
1238527905023627266
1238529124668526595
1238529237814071297
1238529453099298821
1238529938870996992
1238529990578319361
1238530242366640130
1238530475624366081
1238530610064392195
1238530661151055876
1238530819314114562
1238530910796070912
1238531874563207169
1238532648630390785
1238532897231048704
1238533023546605572
1238533677593788417
1238533788248018944
1238533904644091906
1238533925598892035
1238533975452385283
1238534018871832576
1238535169704964101
1238535225648570377
1238535248583024640
1238535685855985667
1238535758979399685
1238535830752374786
1238535884678615040
1238536313533534209
1238536629876293637
1238537158052413447
1238537175081287682
1238537181817442304
1238537236947374080
1238537428266254337
1238537506263568384
1238537751424839681
1238538222029897728
1238538405002215429
1238538444139311107
1238539109578268674
1238539650890969090
1238540908628492289
1238541230256119813
1238541248128000002
1238541837528371200
1238542042088837121
1238542072920993792
1238542108233011202
1238542250537291776
1238542664099942403
1238542871973822464
1238542944405250051
1238542984850952193
1238543145278812162
1238543801565810688
1238543912677117952
1238543966137704451
1238544116990042113
1238544176930852872
1238544370569285632
1238544552253931527
1238545370277392387
1238545468612845568
1238545826915508226
1238546066808680455
1238546338213756929
1238546352784711687
1238546388713119747
1238546550332231681
1238546572591476737
1238546691101470720
1238546789453762560
1238546896593080321
1238546946404614144
1238547084300746754
1238547095264559105
1238547190944919552
1238547238835695616
1238547317642403841
1238547577953554437
1238547613768704002
1238547656143704065
1238548310086033410
1238548312560676869
1238548553733214208
1238548733811458048
1238549125349736452
1238549555337146369
1238549882262171648
1238549898208972800
1238550443145428992
1238550452846936068
1238550771198722048
1238551013965127680
1238551108907421698
1238551200083173376
1238551325161541633
1238551697355608066
1238551736643497985
1238551897084243975
1238552374958055424
1238552651274559489
1238552756799049728
1238552949472845825
1238552957026807810
1238552973669806082
1238553266776137728
1238553464445317120
1238553560671010816
1238553739721691143
1238554137538760707
1238554202118467584
1238554290756648960
1238554328664879104
1238554886381408257
1238554964844306433
1238555504168878089
1238555945074130945
1238556220572798976
1238556287618756612
1238556414337040387
1238556538282708992
1238556560575680512
1238556677512876033
1238556780378173440
1238556819360006145
1238556972615643136
1238557034922065928
1238557148138872832
1238557232524079110
1238557335263555586
1238557511998980098
1238557716773310472
1238557717867962368
1238557825997123588
1238557872386121728
1238557977860333568
1238558039772483584
1238558364470333443
1238558480245706752
1238558519105855489
1238558530258587649
1238558614865969157
1238559100625211394
1238559105738047495
1238559267789197313
1238559280632135686
1238559291939921922
1238559634639683588
1238559663643406337
1238559775773855744
1238559834322206721
1238559874470105089
1238559887174578177
1238560016141103106
1238560177185607684
1238560293275525120
1238560360086585344
1238560439321198599
1238560785451880449
1238560855345827846
1238560869119930368
1238560977878122497
1238560981476954114
1238560983980933120
1238561144115257347
1238561211278675969
1238561320443805696
1238561343768330242
1238561674094837762
1238561687969685505
1238561758622535680
1238561858438729729
1238562161540190208
1238562252292337664
1238562331547906048
1238562346894864384
1238562436233519106
1238562499642998784
1238563047926571008
1238563203300372480
1238563324452900865
1238563407890169865
1238563425304838144
1238563441520062465
1238563473073766401
1238563908455206913
1238563964981780480
1238564091091922951
1238564574774923264
1238564615619072003
1238564621201690626
1238564691426914304
1238564910298271746
1238565132986449923
1238565152733245442
1238565179593502721
1238565211457687554
1238565212577546247
1238565225034547200
1238565291807969283
1238565358589677568
1238565432753340418
1238565578610290689
1238565587955171328
1238565616308682753
1238565625020272640
1238565714610524161
1238565894244249601
1238566003333890049
1238566314651893762
1238566328157507585
1238566879322673153
1238566943860416512
1238567035833122817
1238567097959096320
1238567207346614272
1238567257430568960
1238567334358417414
1238567349231460354
1238567355439087619
1238567466000887808
1238567484892090368
1238567542760841216
1238567582829084672
1238567695655882754
1238567728782417925
1238567794943373312
1238567867127345152
1238567868326952966
1238568036283621376
1238568039513292804
1238568174473424898
1238568462466809859
1238568519081623553
1238568530167169025
1238568642511548417
1238568685259939840
1238568705103212544
1238568755543846913
1238568765606055937
1238568874813030404
1238568914105372678
1238569023106945025
1238569211418628103
1238569745256939520
1238569763040890880
1238569772838801409
1238569850768961541
1238570209079943169
1238570314533134337
1238570352323612672
1238570782688792581
1238571025006239751
1238571032790929415
1238571227821850626
1238571500392919046
1238571667162648576
1238571726629490688
1238571985665482752
1238572046071799810
1238572127860805633
1238572152325951489
1238572181791088641
1238572203387518980
1238572277433880576
1238572294605361152
1238572385449672706
1238572535727509507
1238572598969147402
1238572687557083136
1238572774572122113
1238572794792882182
1238572917358759936
1238573295315886080
1238573334171877377
1238573484529389568
1238573720551272449
1238573739509534721
1238573772942213120
1238573813413093376
1238574107731603457
1238574135707664387
1238574251805945857
1238574378759196672
1238574496451375104
1238574623496769537
1238574942570131457
1238575080076120065
1238575123541753859
1238575140226633729
1238575150347452419
1238575344891895809
1238575464454725634
1238575527469907969
1238575645489233921
1238575703559417858
1238575892638687235
1238576254015737856
1238576527303942145
1238576598313504768
1238576672179437571
1238576923913175047
1238577151449989120
1238577186703052801
1238577373672607750
1238577672831320064
1238577726015094785
1238577734902788096
1238577935709339648
1238578007155015682
1238578060355665920
1238578089753481217
1238578114206339074
1238578157852200960
1238578350832091136
1238578434894430213
1238578591723597826
1238579207837532160
1238579329333944320
1238579343317663745
1238579360455680005
1238579465325875201
1238579599421902849
1238579707320455172
1238580062435323917
1238580212000047106
1238580350407892992
1238580531803160577
1238580744055857153
1238581109774041088
1238581182348038144
1238581198823325698
1238581215361486850
1238581220616933376
1238581472711389184
1238581488427425799
1238581763368202248
1238582166218510336
1238582363782815744
1238582381218537477
1238582392727777280
1238582400042651648
1238582416635240461
1238582568766910465
1238582576912228352
1238582626056843271
1238582819414294531
1238582901563953152
1238582928508149761
1238583028554829825
1238583103297327104
1238583477542498305
1238583477584437254
1238583514540449799
1238583656068853769
1238584132302770178
1238584286879645697
1238584318911557632
1238585015283453953
1238585157600391169
1238585482088460291
1238585671394131970
1238585818303823873
1238586105034878976
1238586251500032000
1238586877457948672
1238587056424697860
1238587659402063872
1238587802742390785
1238587930488299520
1238588078786215938
1238588088873615362
1238588581461012483
1238588884654731265
1238589067740266496
1238589293997760512
1238589320774254594
1238589481038614529
1238589484037439492
1238589590891528192
1238589598286123008
1238589633384132610
1238589794319466503
1238589800363560961
1238589882135711752
1238589916474486793
1238589976545234945
1238590000243118083
1238590057436663809
1238590382994337793
1238590927410733058
1238591017441517568
1238591469616857089
1238591538042736646
1238591711464624130
1238591713054097408
1238591934421139460
1238592039236837378
1238592577600917508
1238592940311597056
1238593227940335618
1238593283703652352
1238593323889295361
1238593369107910656
1238593432970502146
1238593749078413313
1238594027387322368
1238594098145169408
1238594260095680512
1238594328840323073
1238594504506200066
1238594711079829510
1238594770618003456
1238594981352419329
1238595032678043649
1238595260714029056
1238595444999159809
1238595473176498177
1238595523554283521
1238595611848564736
1238595843831275520
1238595950651858950
1238596264230621185
1238596420124499968
1238596580950847488
1238596847528222720
1238596933024919552
1238597029099712512
1238597044371181568
1238597082329612291
1238597136075407361
1238597593732653057
1238597988106137600
1238598086156566530
1238598528672374787
1238598587409465347
1238598883267293192
1238599055963500545
1238599115891712003
1238599348025528322
1238599563122008064
1238599811026354181
1238600038613504000
1238600214258253824
1238600419225583620
1238600639854370818
1238600826584805378
1238601401519026178
1238602365181321228
1238602394478526464
1238602713354637314
1238602772838322176
1238603150082400257
1238603169799831553
1238603228578709506
1238603268709892096
1238603552198721544
1238603704137330693
1238603767563591680
1238603892642009088
1238604220611387392
1238604830026981376
1238605308492222465
1238605329941835776
1238605366629404673
1238605511202877442
1238605664076824582
1238605767277719552
1238606399330045953
1238606427633209345
1238606929099964421
1238607110608470018
1238607145014382594
1238607431808290816
1238607458018512903
1238607645025751041
1238607835107295234
1238608140758913026
1238608206450102273
1238608274699816960
1238608278260797441
1238608431730262017
1238608470313709575
1238608513502457869
1238608614186782723
1238608709430980610
1238608868047032321
1238608938603548672
1238609135731716099
1238609843050680320
1238610082268696583
1238610534238433281
1238611053040279552
1238611305231044608
1238611727056592898
1238611866471092224
1238612000923582476
1238612027997736960
1238612414616211456
1238612458081837057
1238612633194029057
1238612766220521475
1238612914094911495
1238613707753652229
1238614070699479040
1238614768002519042
1238614828404670465
1238614899804291074
1238616078416318466
1238616397040795652
1238616942048616448
1238617103948808192
1238617370618404865
1238617422506139650
1238617474574233602
1238617626466816000
1238617932529315840
1238618119628894208
1238618317377634305
1238618522412072960
1238618852751278082
1238619511202418688
1238619707735003137
1238620152029216772
1238621087472259072
1238621502490238982
1238621586057498624
1238621664419753986
1238621819290161155
1238622199734571008
1238622355305496576
1238622392752226304
1238622583072923650
1238622783086755841
1238622961734758400
1238623204589084677
1238623579144626177
1238624155219656709
1238624172793892865
1238624242301894657
1238624879391490050
1238624905312141313
1238625454854193153
1238625520788606979
1238625821125992448
1238625847919235073
1238626340527620104
1238627344119746560
1238627953698799616
1238627967586242560
1238628254782836736
1238628583477739520
1238628637135552513
1238628918057472000
1238628929314992131
1238629569952976898
1238629681693437958
1238629879278645248
1238630065644154881
1238630266534539267
1238630314412564480
1238630484726484995
1238630660790562818
1238630761000992769
1238630785571270657
1238630908820885504
1238631307309129728
1238632999131828225
1238633214803095552
1238633963335360513
1238634633136349184
1238635372587945984
1238635918900240385
1238636217865994240
1238636221909405696
1238636748839833600
1238636967832834048
1238637222896775168
1238637258351284225
1238637287195447301
1238638036499431424
1238638071660384268
1238638218054164480
1238638735358676992
1238639068310880257
1238640518575337475
1238640656664453121
1238640862248054784
1238641263131463681
1238641380274167809
1238641684956753921
1238642190601138176
1238642960583057408
1238643288636350465
1238643386602708993
1238643482262151168
1238644044093435905
1238644527914782723
1238645276799369216
1238645382797721601
1238646540538982407
1238646691181576193
1238646937756327937
1238647035835883521
1238647287825530881
1238647419501514756
1238647458563063809
1238647474346168324
1238647489013714944
1238647690516402177
1238648724743753728
1238649165187514368
1238649772644368388
1238650029801385984
1238650382810832896
1238650665372614657
1238650849901056000
1238651157083500545
1238651209147449344
1238652171295567878
1238652413600464897
1238652426271555584
1238652723790315525
1238652735366598656
1238652872759394306
1238652881311539200
1238653010185781249
1238653381406855170
1238653847272329217
1238654010539868167
1238654063660711936
1238654736917815297
1238654765720055808
1238654971438120960
1238655474586783744
1238656002871963648
1238656277288550401
1238656624992141312
1238657686964703232
1238658671606972417
1238659188718538752
1238659547587371009
1238659673772961792
1238660744956252160
1238660821544243200
1238661072317530112
1238661345677058049
1238661345886830592
1238661375905402880
1238661466670141440
1238661548421177345
1238661640545013762
1238662134541758465
1238662409251889154
1238662631503859712
1238662962740674560
1238662982713950209
1238663578254745600
1238663809637789698
1238663810862497793
1238664322458451968
1238664563660333057
1238664896683933696
1238665343964504065
1238665484956053505
1238665800568930305
1238666350836547584
1238666469447270403
1238666865355952129
1238667119191089153
1238667127168675840
1238667512553910274
1238667750450610176
1238668170254319616
1238668295844311040
1238668867947376640
1238669026831806464
1238669533180764161
1238669653649563649
1238669942041579520
1238669945359253504
1238669994243895296
1238670168160698370
1238670592171270144
1238670755942084609
1238670887324434432
1238670999362691074
1238672490328621056
1238672677197537280
1238672882580013056
1238672911097114624
1238673015497523201
1238673169113853953
1238674198379315200
1238674324967624705
1238674512209760257
1238674564617568256
1238674785338560514
1238674899373301761
1238675221395181568
1238675467634454528
1238676841801617408
1238676904850477056
1238677404765376512
1238677776674291713
1238678243202514944
1238678930225324032
1238679333549588480
1238679413874663424
1238679871754244097
1238679960992256000
1238680081255587841
1238680137916432385
1238680460710068224
1238681578060029953
1238681830821371904
1238682348201410560
1238682459384025088
1238682738271703040
1238682752590938112
1238682778859864066
1238683731323506688
1238683933728018432
1238684102422941701
1238684512172871681
1238684842449154048
1238685032715366400
1238685292971855872
1238686470820581376
1238686822978342913
1238686984710782977
1238687059688280064
1238687077098754053
1238687222880260096
1238687615727124481
1238687753619091458
1238687800322592770
1238687834967609344
1238687930127802369
1238687978857390080
1238688076857257990
1238688087242235904
1238688174009987076
1238688232507944961
1238688286819774464
1238688414578458626
1238688506140069888
1238688769571766272
1238688857882652673
1238689107049689088
1238689184078073856
1238689480007131139
1238689578938179587
1238689748870463490
1238690329605390336
1238690803100286976
1238690867529035781
1238690895639326721
1238690969278656517
1238691008700956672
1238691282660270080
1238691395155767298
1238691505021374467
1238691559706689537
1238691598642352130
1238692817112903680
1238693005944672257
1238693059682078721
1238693070021054465
1238693183892140032
1238693770356498432
1238693798080847872
1238693915496194048
1238693973209886721
1238694147034316800
1238694712757891074
1238694761126600704
1238695269413408773
1238695298454732800
1238695344608772097
1238695384521768960
1238695561747890176
1238695716442300416
1238696056705220618
1238696175940894720
1238696415242706944
1238696419101478912
1238696999798681601
1238697421628211200
1238698562533363712
1238698663347707904
1238698751918735367
1238698795497484288
1238699010787024896
1238699430339108865
1238699839807983621
1238699856996306944
1238700091025903616
1238700119366733825
1238700931891564545
1238701649146896384
1238701717170139136
1238701889035911171
1238701972682952711
1238702034037194752
1238702165302050816
1238702218351710210
1238702623697653760
1238703049318727682
1238703079907868674
1238703188892626944
1238703281502814208
1238703545895063552
1238703629655293952
1238703689604399110
1238704453714350080
1238704732845334528
1238704771466440704
1238704785760665600
1238704872796626944
1238705129647464448
1238706170564694016
1238706578733371392
1238706728721670144
1238707382882119680
1238707461806272512
1238707508375666690
1238708282744766464
1238708299207454720
1238708599624523776
1238708830214795264
1238709047102226433
1238709055985762304
1238709236319825921
1238709901117067265
1238709968603398145
1238710135150829568
1238710205560602624
1238710270169460736
1238710485190684673
1238710628820430848
1238710646025355264
1238710882965819394
1238711025509249025
1238711147785846785
1238711149039955968
1238711151984283648
1238711210033496064
1238711554343927811
1238711759856373760
1238711812037763073
1238711913657315328
1238712434212438017
1238712843899469827
1238713000166653954
1238713621200408576
1238713988403396611
1238714314409889792
1238714597353369600
1238714613832847365
1238714753809354753
1238715125420392449
1238715126750097409
1238715153484591104
1238715740779425793
1238715824392765441
1238715964637749248
1238716040605061122
1238716086624845826
1238716377470558211
1238716420550205440
1238716635407626240
1238716839741591552
1238717167929044994
1238717287189958657
1238717315069378560
1238717493570465796
1238717507415965698
1238717612584062977
1238717728070021120
1238718126902181888
1238718273165950976
1238718392611344385
1238718594290192384
1238718791464488962
1238718810733121537
1238719334500970497
1238719363097735168
1238719776052195328
1238720468959576071
1238720780998975488
1238720898728894464
1238720957801431040
1238720971856642049
1238720987627225088
1238721047429558272
1238721168447877120
1238721313918849024
1238721380046290944
1238721607662796800
1238721877843095552
1238721890375663616
1238722161667452928
1238722243464695811
1238722559337619457
1238722682927136768
1238722857414393856
1238723074201190400
1238723125724033024
1238723208477622272
1238723591656615936
1238723973388611584
1238724060030386176
1238724066384793600
1238724189504393216
1238724265173803009
1238724303039934464
1238724346492923906
1238724475035832320
1238724557038649344
1238725116571328513
1238725219205906432
1238725380892221441
1238725582403145730
1238726091159867392
1238726290003329024
1238726500746174467
1238726822055088128
1238726826392014853
1238726964355182592
1238727157024788480
1238727188243001344
1238727223521181697
1238727316542554113
1238727467575259136
1238727606779985920
1238727628372279297
1238727676925485056
1238727679295328256
1238727712967196672
1238727819124932608
1238727936624263169
1238727946883469313
1238728040898867201
1238728341013889031
1238728400862396417
1238728466599686145
1238728706765578240
1238728729804902400
1238728744870821889
1238728769738813440
1238729197683687426
1238729232748089344
1238729292105879552
1238729334149521408
1238729492849360896
1238729500856406016
1238729622264647684
1238730228572225537
1238730281764433920
1238730298914942976
1238730579962724357
1238730608701997056
1238730674712035329
1238730808753565696
1238730954828587008
1238731136563646466
1238731729537564674
1238731867278409729
1238731940209086464
1238732019913424897
1238732070886744064
1238732222510903296
1238732575277043712
1238733523382665217
1238733553577451521
1238733665162735616
1238733826404352001
1238734170932817920
1238734202717249537
1238734207817519106
1238734275270320128
1238734594968637440
1238734902750842881
1238734963878526977
1238735064592265217
1238735070732615680
1238735254120267777
1238735275100188672
1238735469632008192
1238735540960268289
1238735668278370304
1238735774343933952
1238736073158729729
1238736325387456513
1238736537086459905
1238736657295314945
1238736948321189890
1238736967363371014
1238737057566134273
1238737068978814986
1238737238361505795
1238737407014580224
1238737625625833472
1238737734530764800
1238738403706966016
1238738611803246592
1238738613455724544
1238738630081941505
1238738660830437378
1238738810168631298
1238739099739095040
1238739108123627521
1238739204538011649
1238740162244460545
1238740179931799553
1238740711496986624
1238740851112775680
1238741031388090368
1238741210384269314
1238741363568631809
1238741372968087557
1238741399350185984
1238741435534446593
1238741466203197440
1238741468816310272
1238741499044651010
1238741519303168000
1238741822249340935
1238741941124239360
1238742029347303424
1238742089720107009
1238742130740342784
1238742396294307840
1238742493623091200
1238742584530546689
1238742640872566784
1238742912273453061
1238743060143538177
1238743165982695426
1238743237772312577
1238743359134539781
1238743378843643904
1238743392273805312
1238743529842601986
1238743661036351488
1238743713289027584
1238743762630610944
1238743814002663426
1238743886786367490
1238743935608119297
1238743980201914368
1238744024598687745
1238744124842487814
1238744139073757185
1238744214764126208
1238744280954482688
1238744400865505281
1238744425305645058
1238744442611404800
1238744481320636416
1238744501579059200
1238744526736457729
1238744570801852416
1238744706823204865
1238744760933851136
1238744840130768896
1238744847156215808
1238745085728165889
1238745127079890944
1238745256784510976
1238745648930983936
1238745693453500418
1238745862798532608
1238746173973901313
1238746252789133312
1238746300532875264
1238746333017772034
1238746466182737920
1238746505709858816
1238746515276955648
1238746536340750336
1238746604506697729
1238746655693946883
1238746709540438020
1238746746634866688
1238746769502228480
1238746780004749313
1238747061882937344
1238747176274210817
1238747217961406466
1238747247229251584
1238747258897805312
1238747494017830912
1238747891256213506
1238748462482587652
1238748535027195904
1238748559526301696
1238748764833296384
1238748888510717954
1238749008639807488
1238749025735761920
1238749353361235968
1238749372659240962
1238749528515362816
1238749579727732736
1238749601794002944
1238749626997620745
1238749714566258688
1238749757595664386
1238749847710240768
1238749912470355968
1238750067756019712
1238750071916769280
1238750222534283264
1238750373109796864
1238750523664236544
1238750678870343682
1238750751746396160
1238750756540502018
1238750883569184768
1238751068420485121
1238751179196284934
1238751600061054976
1238751624539131904
1238751625398956033
1238751999061110784
1238752007642628096
1238752056246222848
1238752389336666112
1238752445632741377
1238752477870161922
1238752591762391041
1238752623685259264
1238752628319883264
1238752731822768130
1238752789200863232
1238752801452425216
1238752889486655489
1238753075109810176
1238753150267314176
1238753257893310464
1238753301551775747
1238753319394447360
1238753369004617728
1238753485157552128
1238753569131704320
1238753649498742784
1238753651763470336
1238753663801274371
1238753693362765824
1238753697708081152
1238753705878487040
1238753845003550721
1238753942307254272
1238754001237278726
1238754263825649665
1238754355911823360
1238754474321162240
1238754526611546113
1238754591682035712
1238754601689546752
1238754612720668673
1238754683776368645
1238754760230141952
1238754948927668234
1238755014010720256
1238755014786646017
1238755037490352129
1238755102145613824
1238755168495288320
1238755441192120321
1238755779395694594
1238755820030091264
1238755919388958720
1238755922266202112
1238756030873579521
1238756059243851784
1238756137484324864
1238756235731763200
1238756355034558464
1238756357555306497
1238756386697248768
1238756407287128066
1238756536991744000
1238756595657564160
1238756646546964481
1238756672014880773
1238756736762359808
1238756835517235200
1238756982032498690
1238757011736662016
1238757021396209664
1238757049670008833
1238757070876356609
1238757137414868992
1238757217517658112
1238757257296437250
1238757288472649728
1238757413899194370
1238757600788955141
1238757654723428352
1238757670817062912
1238757734117326848
1238757768053620736
1238758195864178689
1238758293046059008
1238758297815187456
1238758327133356034
1238758385056653312
1238758479881437186
1238758570570788864
1238758610789957633
1238758613423980544
1238758660471488512
1238758706067709953
1238758709238665216
1238758721410551810
1238758797746876416
1238758832819462147
1238758930089721856
1238758993813741569
1238759002311401472
1238759066492641287
1238759098365161473
1238759109685641217
1238759171811618816
1238759288090185729
1238759337977356290
1238759483561705472
1238759491442786315
1238759542135160834
1238759548523028480
1238759597386711042
1238759889893314561
1238759964770009094
1238760174501933057
1238760192822644736
1238760302646304768
1238760553360867328
1238760579210326016
1238760664803540992
1238760811524390912
1238760884492800001
1238761001522208770
1238761140559241217
1238761167461527552
1238761210067197952
1238761255944495104
1238761285208150016
1238761296289464320
1238761587466534913
1238761637424791552
1238761700561768448
1238761759319773186
1238761809345163264
1238761860415045632
1238762249017339905
1238762292608667648
1238762321301946368
1238762466026196992
1238762523219853312
1238762621073006592
1238762712785707010
1238762714866102275
1238762883544162304
1238762905346113536
1238763086388969472
1238763110313451520
1238763459766034433
1238763471900196864
1238763575428202496
1238763664968056832
1238763671234457600
1238763895218724865
1238763904777535488
1238764087129014274
1238764114924748800
1238764233598386176
1238764241290694656
1238764280964669440
1238764487651532800
1238764580865740800
1238764585773137920
1238764598267912192
1238764654530301952
1238764771593326594
1238764890967412743
1238764969350610946
1238765006277283840
1238765197164269569
1238765323823779842
1238765431655186432
1238765466774093824
1238765476706164736
1238765648437751809
1238765656528617473
1238765677730770946
1238765739420590080
1238765761176440832
1238766205852364802
1238766225209131008
1238766323251007489
1238766383607005184
1238766453140193280
1238766798411087872
1238766881143689217
1238766990283735040
1238767262187823104
1238767684499759106
1238768193302335490
1238768290866102272
1238768434290331648
1238768437591244801
1238768565970501633
1238768689954066432
1238768744563802115
1238768937623588864
1238768939947212800
1238769428503896064
1238769611031621632
1238769826186870784
1238770189627424770
1238770206245298176
1238770345143910400
1238770421589311488
1238770606906265600
1238770615944912896
1238770732974379008
1238770758261903361
1238770765777993731
1238770944883163142
1238771071886790658
1238771197254553601
1238771261750329346
1238771283778834432
1238771325763813377
1238771339613405185
1238771431942557696
1238771459968950275
1238771536741482497
1238771542240133120
1238771608292069376
1238771738508476416
1238771901557870592
1238771902019223552
1238771925805158405
1238771985481715719
1238772066205212674
1238772090683174914
1238772118659182593
1238772230412214274
1238772256446300160
1238772273600966658
1238772334548471808
1238772377149980672
1238772752766697472
1238772999748272128
1238773039678074880
1238773072469114880
1238773254925373440
1238773302262468608
1238773470403743745
1238773472316329984
1238773502745948162
1238773515588861952
1238773597918777344
1238773700440272897
1238773705175490560
1238773805809635328
1238773839519244288
1238774101201817602
1238774237130829825
1238774460519452672
1238774591394283520
1238774728350973953
1238774762819563520
1238774770872786944
1238775017799909376
1238775027392274434
1238775064570593280
1238775586258071552
1238775676536324096
1238775689081487361
1238775985467789318
1238775992539373568
1238776225365139456
1238776284001357825
1238776661681864704
1238776920403333121
1238777200989659136
1238777351426768898
1238777399682179074
1238777751525605376
1238777751848587264
1238778263654318081
1238778271099162662
1238778361075335168
1238778391123374082
1238778722519519232
1238778900550836225
1238778989956567040
1238779242764271617
1238779492396654592
1238779629420204032
1238779779765149698
1238779844088844288
1238780073307770884
1238780899183001600
1238780912818683904
1238780954946265089
1238780958104584197
1238780995769372674
1238781175327416320
1238781319804604417
1238781346622967809
1238781478542155777
1238781618694828033
1238781677356363776
1238781888136990720
1238781908013797378
1238781919527161856
1238782105645187073
1238782345408327680
1238782352999972864
1238782389050126336
1238782470981632000
1238782486957690880
1238782592465481730
1238782714976894976
1238782775517315075
1238782814536990720
1238782858984148994
1238782919189180416
1238783156565794818
1238783171816292352
1238783341110976512
1238783346072858624
1238783420681068545
1238783549039394816
1238783650453487616
1238783897250512898
1238784165967015937
1238784268815474689
1238784285609467905
1238784327460311047
1238784345063804928
1238784353829883905
1238784558742614016
1238784652296499200
1238784722341330944
1238784812611260416
1238784929959419907
1238785066806976514
1238785099040272384
1238785231110443009
1238785327751262209
1238785331157184513
1238785487189540865
1238785605930278912
1238785679439679489
1238786029345214464
1238786058281611266
1238786139064012800
1238786416651505664
1238786490311872512
1238786561053011970
1238786637523496960
1238786659623342080
1238786702803681280
1238786803743719424
1238787085638799361
1238787217042046978
1238787269374459904
1238787396092809216
1238787419853520898
1238787824406736898
1238787877301084160
1238788025330683904
1238788032851070976
1238788152992706560
1238788158759809026
1238788175167971328
1238788250837319685
1238788410732613639
1238788483013058562
1238788708473528321
1238788920315228160
1238788974438686721
1238788987700961280
1238789227539767296
1238789370704003075
1238789379633659904
1238789516753854465
1238789602321858561
1238789808450875393
1238789822367633408
1238789895310671878
1238790017675337733
1238790209707429893
1238790273754374151
1238790434006106112
1238790509721681920
1238790598758367232
1238790627149701120
1238790728127598592
1238790779734278146
1238790779906260992
1238790831357771777
1238790860436910088
1238790929051418625
1238791221327388672
1238791559618887680
1238791665093169154
1238791763768336385
1238791765601255426
1238791858609938432
1238791973911367686
1238792053628309504
1238792123996147713
1238792267739078656
1238792306230247425
1238792564196737025
1238792792077479937
1238792892145111040
1238792966660997122
1238793239404187652
1238793281166880768
1238793327530708999
1238793477527425024
1238793766049402880
1238793827642720256
1238793986543955968
1238794061521321985
1238794093473533953
1238794346109034497
1238794702981402629
1238794725471240199
1238794754600689665
1238795071044141056
1238795165692821504
1238795254570065920
1238795327911743488
1238795546925527040
1238795692438687745
1238795932088614919
1238796009423212551
1238796016700317696
1238796166571216896
1238796459018989568
1238796473732603904
1238796800351502336
1238797029658296321
1238797116224557057
1238797406893998080
1238797432948998145
1238797503539134464
1238797563307982849
1238797629179428864
1238797689384550400
1238797690248597504
1238797731596054528
1238797870138036224
1238798062723698689
1238798382820478976
1238798446016049153
1238798585447297025
1238798626811510786
1238798898199769090
1238798898329763840
1238798906487685127
1238799006001778688
1238799015166251010
1238799048846475264
1238799160364675073
1238799177422864384
1238799230317334528
1238799247170048001
1238799315830702080
1238799367479472129
1238799579157577733
1238799580965330949
1238799599852290048
1238799712892989442
1238799746908729344
1238799748682977281
1238799843721707522
1238800070033788929
1238800094163435520
1238800110773055490
1238800120017293312
1238800218449014784
1238800298900144129
1238800323226959872
1238800333163331584
1238800358517899265
1238800404349157381
1238800645882286081
1238800652693909505
1238800654237401088
1238800779479265280
1238800866322374656
1238800868700573696
1238800907879538688
1238800971892957184
1238801195579461632
1238801318669701121
1238801396742402050
1238801424831692806
1238801568641757187
1238801686006824966
1238801687906791427
1238801794790305798
1238801900776181760
1238802010239053824
1238802038600990720
1238802059148824576
1238802081055735808
1238802086340558848
1238802147308974081
1238802324526678016
1238802353672704002
1238802614327881729
1238802643469942784
1238802653951467520
1238802674201628677
1238802927755628547
1238802975918874624
1238802990489899009
1238803178725863425
1238803341251149824
1238803380258123783
1238803490086039552
1238803835440836610
1238803873961304064
1238803922107666436
1238803932517937153
1238803997554688000
1238804004815147008
1238804269962321920
1238804277474312193
1238804441547059202
1238804510744514562
1238804538456449025
1238805023452270597
1238805041353539597
1238805140095803393
1238805191736070145
1238805378252537857
1238805918005039104
1238805954117996545
1238805975592771585
1238806065191555073
1238806514451824645
1238807289366282243
1238807884370251776
1238808023990259712
1238808045846740994
1238808503055200258
1238808657355329537
1238808797738663936
1238808803497345027
1238808878017662976
1238809029020995585
1238809071832174592
1238809087808241664
1238809176350097408
1238809286169559040
1238810319239118849
1238810328181374976
1238810372951478272
1238810423819984898
1238810556058030081
1238810636974534656
1238810657979580416
1238810699708727297
1238810762317123584
1238810890184445953
1238810970505576448
1238811032421838848
1238811131269046272
1238811256338948096
1238811267487485953
1238811303864664065
1238811666671902722
1238812015503818753
1238812080855298049
1238812225281933312
1238812293367988232
1238812305045012480
1238812306504630272
1238812416370188289
1238812656997449730
1238812690241466369
1238812809103892482
1238813118987460608
1238813344854937601
1238813643829116932
1238813714490458112
1238813763706531840
1238813861513498624
1238813872045293570
1238814060688429056
1238814064156921857
1238814123699437568
1238814390671065088
1238814416872681472
1238814623794638849
1238814868893052928
1238815187341389824
1238815277414076416
1238815354392064001
1238815549343379457
1238815580729335811
1238815836619464706
1238815845989654531
1238816018115506177
1238816127855165440
1238816207198879745
1238816223950966784
1238816273796128769
1238816300216078336
1238817025524404224
1238817142398750721
1238817397425025024
1238817526244655105
1238817578556014597
1238817825231339525
1238817895649550336
1238817897809678336
1238818009990471681
1238818075023151106
1238818086725341185
1238818834276069376
1238818848754864128
1238819008503136258
1238819507323449345
1238819544325664772
1238819756012077056
1238819762525933569
1238820049428889606
1238820408704598018
1238820451461128192
1238820600765964288
1238820736812363777
1238820855632855045
1238820987925401600
1238821226870706176
1238821363533729793
1238821430151843841
1238821992872259585
1238822013629857792
1238822083595026432
1238822225727406080
1238822718851686401
1238822855279771648
1238823015816876033
1238823080417538050
1238823215197294592
1238823470412320770
1238823921388081159
1238824176103890946
1238824427275669504
1238824510473867264
1238824541536821248
1238824658155249676
1238824740548157440
1238825027165921283
1238825033520353280
1238825096875249665
1238825354535538696
1238825657255309314
1238825990928904193
1238826287390654465
1238826422682165253
1238826522666045440
1238827139807481859
1238827171768139779
1238827275262590976
1238827492766597120
1238827708324470786
1238827838251433985
1238828178493313031
1238828422912258048
1238828505850351616
1238828653363920898
1238828673253478400
1238828874009661444
1238828917538127881
1238828959527206913
1238829029739966464
1238829789114511367
1238829834895273984
1238829914608074753
1238830217319374849
1238830525302874113
1238830592361402368
1238830636380626945
1238830689883172864
1238831036131233792
1238831043551133698
1238831052342333442
1238831070138601472
1238831233917952002
1238832265980936192
1238832383408902144
1238832464744919050
1238832795935522816
1238833095387820032
1238833693088677889
1238833831752458240
1238833884718039041
1238834053631152128
1238834268127801344
1238834510646718470
1238834593110917121
1238834842311315456
1238835066979127297
1238835130875228160
1238835261238378497
1238835387436544000
1238835529371856897
1238835561131016193
1238835752223608837
1238835920285175808
1238836117723590656
1238836296371646464
1238836433760260097
1238836536088637446
1238836543034478594
1238836760894943233
1238836924762206213
1238837229147107329
1238837229256167424
1238837245420789760
1238837798033113090
1238837970997850114
1238838150853730305
1238839539411693568
1238840870046228485
1238840997796290560
1238841090192674819
1238841204105793538
1238841228537585665
1238841432758157315
1238841446481965056
1238842230737158145
1238842250257403910
1238842386786254848
1238842661857001473
1238842681800962048
1238842844774793217
1238842998542254082
1238843005500522496
1238843012786126854
1238843310988558336
1238843314646011905
1238843500277510146
1238843866876444672
1238843891631218688
1238844173542981632
1238844372747255809
1238844558701625344
1238844559632797696
1238844720287289345
1238844835064397830
1238844860284768257
1238844925560659971
1238845300527292416
1238845716111466497
1238845908055449606
1238845997708644352
1238846438219689984
1238846593245351936
1238846646575861764
1238847457456459779
1238847653116628996
1238847708468822016
1238847888710684672
1238847996936282112
1238848063172722689
1238848245532700678
1238848310791811072
1238848531579969537
1238848536386699270
1238848544620060673
1238848633597984768
1238848958505549824
1238849459129327620
1238849597981831169
1238849629992747010
1238850246463164426
1238850332886806529
1238850385596604417
1238850920169029632
1238851262290055174
1238851536974905344
1238851750238584833
1238851903137726464
1238851906354794498
1238852213524619269
1238852589820825603
1238852615057874946
1238852840858226690
1238852847728541696
1238853099998998533
1238853406296604673
1238853471539003397
1238853708362010625
1238853808375115777
1238853893959954433
1238854028248915968
1238854091641704448
1238854246033952768
1238854537374584832
1238854989331730432
1238855068683833349
1238855140037332992
1238855150514712576
1238855269028937728
1238855395415818241
1238855532984832001
1238855614719234048
1238855743744479232
1238855956638949379
1238856032014778369
1238856509485965312
1238856678172483584
1238856722464288768
1238856980166586368
1238857205581037568
1238857351760936961
1238857481306148864
1238857818406617089
1238858046799073280
1238858072094904322
1238858117745651713
1238858122405588992
1238858242811408386
1238858366086193153
1238858811852587008
1238858829426810880
1238858939950907397
1238859547172909057
1238859588579049472
1238859717054730240
1238859893869862921
1238860017887035393
1238860088183529473
1238860159193055234
1238860468451774465
1238860782504460290
1238861235476664321
1238861583486509057
1238861626356400128
1238861677438939136
1238861788768337920
1238861809324523522
1238861998579953664
1238862092842799106
1238862349425139713
1238862588965982209
1238862947864248321
1238862992218955778
1238863141678833665
1238863185387683841
1238863298419986441
1238863492167413764
1238864025137668096
1238864776966668288
1238865031904681984
1238865180639088641
1238865620487331840
1238865668742750209
1238866263545446401
1238866284198219777
1238866530718408706
1238866546652516352
1238866634640678914
1238866906800627713
1238867198279647234
1238867425170468865
1238868227582832640
1238868305026461698
1238868861468004353
1238869027176550400
1238869052824506369
1238869242503708672
1238869261612912640
1238869264951640068
1238869288351666178
1238869414948323328
1238869665411223553
1238869872114905089
1238870112565944320
1238870230052425728
1238870270410194944
1238870483866652675
1238870844216131584
1238871311553826817
1238871919623057408
1238872176096350209
1238872322808954882
1238872382649098242
1238872668465696768
1238872722710593537
1238872900951773188
1238872955658080257
1238873006270750721
1238874301723488256
1238874351983828992
1238874819443204098
1238874963475603458
1238875099035570176
1238875345614495750
1238875612544147457
1238876107216166912
1238876132600143873
1238876362045349889
1238877038037041152
1238877240911421445
1238877399653027840
1238877487842689024
1238878044011585538
1238878077683408899
1238878546845741057
1238878561752289281
1238878582891577344
1238879231028998144
1238879261139836929
1238879470469156864
1238879497904062464
1238879589449031681
1238879609049014273
1238880183857315841
1238880286391312387
1238880569120952321
1238880914253451265
1238881122890715137
1238881639553474561
1238882252588802052
1238882291495194629
1238882649328046081
1238882823861387264
1238883525228724224
1238883674210340868
1238883736613199872
1238884005375860736
1238884273115082754
1238884506649714688
1238884783570255872
1238884868718759938
1238885611991375873
1238885738936012800
1238885890417721351
1238886378013970433
1238886402210910211
1238886450097270787
1238887133970120704
1238887954640261120
1238888079311724544
1238888366919294977
1238888487379763201
1238888563770564609
1238888781098496001
1238889110959542272
1238889191477587968
1238889991188643846
1238890066518462465
1238890120184565762
1238890504110116865
1238890622527864832
1238891027223764992
1238891089953783810
1238891370422640641
1238891772815773696
1238891929062051841
1238892232305975296
1238892649890840578
1238892820552876032
1238893032700891137
1238893261378420736
1238893418266402817
1238893547102896131
1238894019901562880
1238894447221305344
1238895415061286918
1238895663817076736
1238895684641751041
1238895926460252163
1238895980919107587
1238896067757948929
1238896108841193472
1238896798573436943
1238896893108932609
1238897000277573632
1238897344709644288
1238898020411899905
1238898296682397697
1238898356128268288
1238898393436520449
1238898414471000066
1238898498478768130
1238898815505219585
1238898876691685376
1238898903229042690
1238898916546011137
1238899463390924800
1238899955986657280
1238900082298290178
1238900258815475714
1238900296962715656
1238900328185159681
1238900392886513664
1238900779123200002
1238901061152313345
1238901302345830402
1238902742959230980
1238902948756967425
1238903261450690561
1238903472524836866
1238903720596955136
1238904220574679040
1238904259938340867
1238904265189588998
1238904646833516544
1238904693126041607
1238904789196591105
1238904833949798402
1238904890019192833
1238905081384361984
1238905082760101888
1238905483911745536
1238905510402940928
1238905527058432003
1238905607261954048
1238905716171329537
1238905863190065152
1238906121420750849
1238906288651800578
1238906399826030594
1238906451252449284
1238906655494090752
1238906712343621632
1238906781138632706
1238906902987366401
1238906966912663554
1238907415237734402
1238907440424521728
1238907841626411011
1238907874602029059
1238907965018640384
1238908363775315968
1238908486517493760
1238908687311204353
1238908927439503360
1238909148894580736
1238910499053584389
1238911119818985472
1238911204510388230
1238911319597867008
1238911563563773954
1238911664138997763
1238911783395643392
1238912324179722243
1238912333809881093
1238912765252775936
1238913061114851328
1238913220007596036
1238913388941639680
1238913691501965312
1238914514776662017
1238914619714002944
1238914642321256448
1238914881069473795
1238915223211442185
1238915225639886849
1238915557673570307
1238915792810491904
1238916344487305221
1238916359385419777
1238916644501704706
1238917181313814529
1238917290877505536
1238917984892182529
1238917994891403265
1238918273762197504
1238919071682514944
1238919187902406657
1238919404924043264
1238919843828699145
1238920049760632836
1238920437679165441
1238920656185692161
1238920712137723905
1238921089935388673
1238921196722442241
1238921517733478400
1238921878732972036
1238922240999260161
1238922466921046016
1238922604288905216
1238922689697533953
1238922899462983686
1238923447251677184
1238923496891260929
1238924504010809344
1238925941138735107
1238926351626907650
1238926484703793153
1238926561459437568
1238926587443195906
1238926760315625474
1238926801197547529
1238927093678907392
1238927116781203456
1238927231319191552
1238927422105571334
1238927667698847744
1238927760279646209
1238927786888384512
1238928289982566407
1238928323042041858
1238928636830519296
1238929138204971010
1238929552119824384
1238929639575375878
1238929704926797829
1238930718098624512
1238930771932479490
1238930871727644674
1238930957241135106
1238931092784152577
1238931131933896705
1238931944748040193
1238932320255696896
1238932602578522112
1238932714293735424
1238932969898872834
1238933330063757312
1238933333507223554
1238933505750511622
1238933637170630658
1238933847858982917
1238933863423971328
1238934363028574210
1238934861651619843
1238935259728707586
1238935452092108800
1238935891378409474
1238935962140446720
1238936259277578246
1238936515159474180
1238936888360284165
1238936920555692033
1238936939270754310
1238937191025426433
1238937191671357441
1238937192862547968
1238937543443468289
1238937990854041600
1238937994553368576
1238938612416290822
1238938875172655105
1238939126164004868
1238940315303673858
1238940608204546050
1238940700135297033
1238940799842344961
1238940976112173056
1238941991515205632
1238942274714828802
1238944230896263170
1238944428389289985
1238945088753094663
1238945302197022726
1238946007842512898
1238946543396405248
1238946894463860736
1238947536670527491
1238948944648044550
1238948948045377542
1238949513336930307
1238949654726873090
1238949696913227778
1238950201672507393
1238950716573650950
1238951117280751618
1238951246599421954
1238951349796196352
1238951451386396679
1238952190502371328
1238952251542159367
1238952591092060161
1238952893673340929
1238953104927752192
1238953257319518209
1238953981461827586
1238954122063290369
1238954235234062337
1238954412221104130
1238954611039494145
1238954770586624005
1238954795706220545
1238954987054673921
1238955117682069509
1238956985535602691
1238957434577784832
1238957986309124098
1238958171525431296
1238958991704764422
1238959195791208448
1238959297993650176
1238959989856886784
1238960105636446210
1238960158899912704
1238960242479824899
1238960379436453890
1238961111682203653
1238961593846771712
1238961638696460288
1238961771160969217
1238962356673224706
1238962972803899393
1238963030739869697
1238963250672386059
1238963493593907207
1238964523467505664
1238964856285511680
1238964904054358016
1238965169981718528
1238965552951046152
1238966088106475520
1238966342692278272
1238967770827587590
1238968610296643586
1238968803691823105
1238969766381072385
1238970444658749442
1238970661571301376
1238970802944516097
1238972115581272064
1238972926554181633
1238975563836141577
1238977537897873408
1238977779430981637
1238980691557265408
1238980725644328966
1238981311240507394
1238981829048360960
1238981882836025352
1238982053129003010
1238982147530264579
1238982734338547712
1238983441670123520
1238984805020241920
1238986148057436160
1238989536513966081
1238991849177710592
1238992530013814784
1238993672559038466
1238994149346590723
1238994755670945792
1238996247366774784
1238996645330681859
1238997429237710848
1238998053970903040
1238998903325896707
1239000266873147393
1239002289324666880
1239005659385004033
1239006570853392384
1239007521156857859
1239007841601622016
1239009945196146689
1239011108947722240
1239011516311052295
1239011665120763904
1239011828677709825
1239012054914269185
1239013739803934720
1239015179104530433
1239018184302264320
1239020519594303488
1239027157252308993
1239030625149091842
1239030957497352194
1239036875215699968
1239038838573588480
1239042666115076097
1239046440690819072
1239047847137419264
1239050095586422784
1239050637628891137
1239052554899783681
1239053261006499843
1239056943328755713
1239059418429431808
1239059917752934400
1239060267356602368
1239060680407384064
1239061465614692353
1239062014468788226
1239062567345106944
1239064490131574784
1239064844554420224
1239065177150144513
1239069150481350656
1239069852637245441
1239071707895300096
1239072304338030592
1239073744095784960
1239075403563544576
1239079680667516928
1239082726428413953
1239083255158243331
1239084868824453120
1239085395687636992
1239085533244121088
1239086697662558208
1239087414825627648
1239087936563535872
1239091464661086208
1239093658433064960
1239093850473455616
1239096195978534912
1239096690814189568
1239098358238715904
1239099648322580480
1239099862127382529
1239100423514062850
1239101070737104896
1239102277094432768
1239102328466276357
1239102658113404928
1239104442206760960
1239104589225439232
1239107782642712579
1239109875831111683
1239109908869586947
1239114325270376449
1239114873788944384
1239115706752536576
1239115983052210176
1239117413792260098
1239118584460214272
1239121404378918912
1239127968061980673
1239135270185861120
1239136649851875328
1239149870067470336
1239151196667027462
1239155115816366080
1239156122101186560
1239156908843585537
1239159220982943744
1239165090907262980
1239169667635146753
1239172048439607297
1239172913170976775
1239179464107573249
1239182096704380929
1239185942751166477
1239186045847113736
1239186871198068736
1239190716007559170
1239204991363158017
1239206119647698944
1239217786603409412
1239234591543656450
1239236945991159809
1239240039705595905
1239249220902752257
1239252224359923717
1239258804262502400
1239262689488179201
1239264695904854016
1239265836973637632
1239270447281299456
1239272361825914880
1239274785999335425
1239275042149740544
1239279094254243843
1239287093504937987
1239294119719178244
1239294508870877184
1239300587793141772
1239303807483379713
1239309941090983936
1239317338748604418
1239322098373464069
1239325057450737666
1239326941339176961
1239329009286156294
1239341084117000197
1239348153364762627
1239373036161306625
1239407281722269696
1239447595375906816
1239461173990481925
1239470831710896129
1239471214957076481
1239519282704384001
1239519512392679425
1239541838450765829
1239570457038336000
1239580765387661313
1239609489692778496
1239624448946458624
1239628590423117828
1239631575605706753
1239656171205689344
1239657555435163648
1239661851744653312
1239666875535183872
1239829184492552193
1239839018243837952
1239847601744285696
1239854228438474753
1239883618530492416
1239894026683367424
1239922199504576512
1240120745155493888
1240175288832724992
1240188467163860994
1240242101415292928
1240247610839052289
1240255476811608066
1240352887240380416
1240370961041547264
1240535198229544961
1240959625882750979
1240960907636809730
1241887125781524480
1243688481546797058
1250515384987521034
1251260276705460225
1252395288989327361
1262930182169604098
##1238538272680353793##
1238538357975781381
1238542351070572549
##1238538847996260355##
1259995569319272448
##1222506828694794240##
1222506981195382785
1222507032378519557
1222507214931464192
1222509312549052418
1222509908899303429
1222509914523938816
1222510979432448000
1222511287353081856
1222512517664120832
1222513220222701568
1222513535307198464
1222513917454319616
1222514305763028995
1222515958666944513
1222516107082334208
1222516205002596352
1222516284304302081
1222516514420674560
1222516890217697281
1222517166416723974
1222520285401927681
1222520882607935488
1222521953115889665
1222521996162011137
1222523217736294401
1222532310567981056
1222538355281362944
1222540733267283968
1222544904661929984
1222547902590935040
1222548675022532608
1222550766260563969
1222561831119663104
1222562235735777282
1222562604872323072
1222568156327182337
1222568604929069058
1222569679643971586
1222575609437659136
1222579419056918529
1222583219196977156
1222591762063032323
1222597022567608325
1222627540004679681
1222684803163660288
1222710276031754240
1222769398034976768
1222784530983084037
1222949579060056066
1223236618959622145
1224303642808811520
##1238087935536386048##
1238116425019068417
##1230935217923223554##
1230935355697881088
1230935686561267716
1230936398171123712
1230940253822824451
##1233719554737614849##
1233719578347347968
1233719679019077633
1233719717828943873
1233719719443750913
1233719779317493761
1233720368629719041
1233720387999031297
1233721002963734528
1233721290881675269
1233721526358302721
1233721542955106304
1233723118558072832
1233723249638420481
1233723315648368640
1233723575967866882
1233723642191548416
1233723765382664192
1233724796753580035
1233725369661915139
1233725435898400769
1233725635492810753
1233726690494427136
1233730563904851968
1233734224127123456
1233735237785542657
1233735247239565313
1233741344792875011
1233741632001974273
1233744731693363200
1233751146134745088
1233751399135088642
1233752664594358272
1233756197733519360
1233765054203531264
1233769602431246337
1233776018105733121
1233777645592236032
1233783926189101057
1233787457428062209
1233789736629739520
1233790990063980545
1233809546331795456
1233819301011955712
1233820339689394178
1233821377259560961
1233829273896509440
1233844840204513280
1233852185223536643
1233859649474043907
1233939922056339456
1233960856909746177
1234161099056058375
1234350054464421888
1234599493934473219
1234920213432459265
1235033168526405633
##1222393454963105793##
1222394262291021825
1222394501681074176
1222394820116852736
1222396608236658688
1222396916165742592
1222399257568780288
1222407440131678208
1222407569668562944
1222412104298352640
1222438948796030977
1222450980823949312
1222460681947090944
1222525172437131265
1222535376155435008
1222562164508168193
##1222396499499327495##
1222396961770393601
1222400175626432512
1222407506842046464
1222425213931008000
1222432211112284161
1222595056319811595
##1222412740297396224##
1222412833180344321
1222412837923979264
1222415821810667521
1222417011042586634
1222427823186509826
1222435904125575169
##1222486155914043392##
1222486523431485440
1222488398935592961
1222489783798239233
1222490641869037568
1222498188516610049
1222505286180790272
1222547876104081408
##1222649124887113728##
1222649163004903424
##1232912713506004993##
1232912936399785984
1232913119653048321
1232916102331666432
1232920318546714624
1232977268336713729
1233029678765608960
1233049582231326727
1233071659650887680
1233076514125754368
1233130057721405441
1233181521428832260
