##1238429167625986049##
1238429275776311296
##1232375486631858178##
1232392699799638018
1232604540836380672
##1232377386689269760##
1232377607267782657
##1230027897546649600##
1230028178577612802
1230078107924615169
##1230072172779048960##
1230072296183910400
1230072308938743809
1230072445882769409
1230072705971556352
1230072766017232897
1230072774221164544
1230072862192623617
1230072936859684864
1230072972863512576
1230073003595067393
1230073436057296896
1230074602388410368
1230074638677483520
1230075685215055872
1230076756528418816
1230076920873848834
1230077078218977281
1230078133107294208
1230079779476557825
1230080130254544896
1230081155304710144
1230083498255540224
1230084479332618240
1230085468722692096
1230085563664994304
1230085891395334144
1230095405343531008
1230095574973796353
1230101534249234433
1230110958896525312
1230128256495562753
1230131901094121472
1230133215085633536
1230143480116187137
1230181293238951936
1230206112600854528
1231829109539471361
##1233379718629646336##
1234021354724380672
##1232351751975645186##
1232366787112656898
1232368188198936580
1232389619511185409
1232421053449805824
1232607317155352577
1232739184772886529
1232772412200116225
1232788294393638918
1232790112532078598
1232995922910621697
1233054602523762689
1233201742659104770
1233206925841616898
1233436123306823680
1233476973642604546
1233642387118927877
1233660945668419584
1233788301531848709
1233813366919122944
##1232401983476289536##
1232570910621806592
1232575411365785601
1232627680627089408
##1233064167088820224##
1233065491180269569
1233896339588702208
1234749997301800960
1237733289177350144
##1234943982062505992##
1234944163495522310
1234944728929574912
1234957860527902721
1234998650536787968
1235053040178065409
1235090355868975104
1235136150500712448
1235172939441549312
1235177151156105218
##1235190947652214787##
1235232650912239616
1235240825434656770
1235366611118436354
1235432971097853953
1235610464517632001
1236335425565982723
1237566344620433409
##1236752124056305664##
1236758451843485697
