##1250181284858662915##
1250181686907883520
1250181960225284096
1250181986439880707
1250185812223897600
1250880753153372160
##1250961928899395589##
1250962148542550016
1250962171309293569
1250970023918817280
##1249726538418753536##
1249746245310124038
1249891234304401409
##1249763975878905859##
1249766554251730946
##1249764394134896641##
1249815047930601474
##1250163554113683458##
1250287392453349378
1250287601396764674
1250302694335467520
##1250164123775705090##
1250164211688386560
1250164221784084480
1250164338092097536
1250165114545876998
1250165273962975232
1250165547049930753
1250165583540183040
1250165826793222145
1250165921827753984
1250166480274173952
1250166718468587521
1250167185097535493
1250167705178701826
1250170482747494400
1250170793344020481
1250175092518277125
1250175703309574146
1250178494404976641
1250179739572109312
1250189936810168320
1250203100712972289
1250290189076856835
1250295416358232075
1250332186336612353
1250384513865265154
1250395976575135745
1250416126233739266
1250419681426419716
##1250191298935562241##
1250191575705149450
1250191763819634689
##1250204713036939264##
1250207933411069952
##1250212506469117957##
1250293608965500928
##1250340816725262339##
1250340888120717314
1250341267604566016
1250342862106931201
1250343173223632900
1250343218106884100
1250343474781499395
1250345333906796544
1250347125759590402
1250359864439816193
1250360191062659072
1250365601324978176
1250391978141003776
1250416320761303042
1250516538110640133
1250525065940283394
1250745803309752326
1251950591087124485
##1250520328301838339##
1250521655245508614
1250544534259408897
##1250558581772034049##
1250699599267999744
1251555905759576066
##1254530696540049409##
1254530905416187905
1254539495816548352
1254746281886593031
1254754156969168896
1254882787376726017
##1254850856069070848##
1254877283413823489
1254878006520184833
1254879934662705154
1254880030326501379
1254881233580023811
1254881349724508160
1254882609181585408
1254882861238358016
1254882896499834880
1254884355459211264
1254885669211639810
1254886641799487488
1254887359306502145
1254888185777336320
1254889129554391042
1254890715462672385
1254890935491624967
1254891621105238016
1254893908640890881
1254897634709471234
1254901518094028802
1254902082236080129
1254902502669135873
1254913137310138368
##1250492502148341769##
1250492712735907840
