##1245094461371187202##
1245206153929293824
##1245094621363015682##
1245149178713473028
##1234909343776198658##
1234909493902921731
1234909774996746241
1234909873277718528
1234909903887781889
1234910375935692801
1234910523310923783
1234911202788204544
1234912094035873794
1234912246914060288
1234912360772636673
1234912850495320064
1234914069821448192
1234916779769679872
1234916976495124482
1234917960554369026
1234922761782427648
1234934887808978947
1234934939977646083
1234935014955065344
1234935291946971137
1234935814162964480
1234936273770512387
1234936991973810179
1234937282597093376
1234938801094565888
1234939222101983232
1234939395179995136
1234939720448249856
1234949135922495488
1234964922183901185
1235227922299932672
##1232367279616204803##
1232406749682028546
##1232369678024105990##
1232371684277178369
1232406678030766081
##1242578721883766786##
1242580287936176129
1242581778013044740
1242582027372765184
1242583640607019010
1242584007197499394
1242596790412685313
1242780226259689473
##1242578849533222912##
1242579638855090177
1242703132662128640
##1250492420476809216##
1250493392682921988
1250493907554775046
1250494029021745152
1250494266620678147
1250496588805484550
1250498741045510144
1250500004231479299
1250502341968756737
1250514615462748161
1250517057222959105
1250517238777556996
1250517472144482304
1250517604185395202
1250520245099470848
1250522445959909376
1250523041093881861
1250524670132133889
1250531598598094848
1250532488952365063
1250533456356016129
1250539223255564290
1250540308380692481
1250544872244809728
1250546130011725826
1250549206789603329
1250553637237075968
1250553650075893762
1250560783295094784
1250575859230089217
1250605043105124358
1250624338514128896
1250630310703894538
1250632056293507072
1250633522177626112
1250638564003663872
1250644478827859973
1250655707080404992
1250679576725987328
1250686873204338688
1250686998454636544
1250687155120324609
1250687886338543616
1250697584005517312
1250708077231378432
1250708367410151424
1250713586420404225
1250725413862727680
1250725493378252800
1250734732226236417
1250740222360510464
1250740432423837697
1250760648335777794
1250771422487744514
1250776826944925696
1250779223570219009
1250788904694886401
1250860981279952896
1250876542479208448
1251073041829900289
1251179543144075264
1252265871646523392
1253458240689639437
##1250495217742024704##
1250506150858153991
##1223294251892604929##
1223295089159524352
1223295164204097537
1223296170841255937
1223296483967062017
1223297533629403137
1223300747720372225
1223301131440480256
1223306763509948416
1223306929621127168
1223307112148885504
1223307950309236737
1223313197794504704
1223313712871870465
1223314476512006145
1223320033042096128
1223328193546842112
1223333419201060867
1223339007251271682
1223343143388700679
1223343869363998721
1223352801763495937
1223357300796284930
1223369625158803457
1223371168692031490
1223389891884736513
1223419922824429571
1223448970015531013
1223482467631489025
1223486156857380864
1223488602899996672
1223491455286763522
1223494154182938626
1223496761219698688
1223497652249202688
1223509704799813634
1223683335945424896
1224056207822016513
1224114407866863616
##1225700176582414336##
1225700861482950657
1225700999001600004
1225701245949595648
1225702622474252288
1225706040915873795
1225711202032144384
1225712642452606976
1225717566561300480
1225721829131718656
1225727520584105984
1225741065078165504
1225749938270867456
1225764441389764608
1225774381563097090
1225778861193023488
1225799466445426688
1225842329015246849
1226008427710775296
1226034504017600513
1226065112110419968
1226276494999216134
##1228095409056182277##
1228095516564754433
1228095912045617152
1228097214502797314
1228098342426750976
1228105544134725633
1228114866034135041
##1228372602412060672##
1228374258306424833
1228458655193788416
1228459703082024960
1228467191395295232
1228702457158651909
##1228429402402361346##
1228435353448714240
1228435994162221056
1228443123321360390
1228634876435410944
1230778609855393792
1231908359844093952
##1231161893219446785##
1231161978669936641
1231162522365038599
1231168871165571072
1231230239554052096
1231246163610869762
1231275971493474304
1231299638537392129
1231314175600844817
1231318141810114566
1231606091043221504
1232523264364306432
##1232742196727681030##
1232742356513939462
1232746837490176000
##1240432917999992834##
1240438747637972993
1240473612437479425
1240583659184369665
##1240634385520562178##
1240662707914838017
1240690247282724865
##1241137009290346499##
1241137618257149952
1241140007844315142
##1242139990269845507##
1242140224735588354
1242147144678756358
1242162300636839940
1242164713708048385
1242165060425875456
1242165425514913793
1242168780937203713
1242169667621466115
1242171221963419652
1242171494412804097
1242172360414855168
1242174691600719879
##1242145271099920384##
1242149089606873091
1242152217072844802
##1242576281478344704##
1242576404878852104
1242576511217086468
1242577026944569344
1242577226220081159
1242577826861252616
1242577923216941059
1242578911701225480
1242579912197890053
1242581886196756481
1242582391530627074
1242582425995272194
1242583138414534656
1242605318116446213
1242637595034648577
1242646977000558595
1242697676233326592
1242743719389954049
1242820024034906114
1242839474343739392
##1247165003796328456##
1247167069067476995
##1247538040643317771##
1247647282251563012
##1247609763770351616##
1247610858605293568
1247646013835206656
##1247997949369597954##
1247998082261774339
1248000854084538368
1248054209498566661
1249811942979575808
##1248026432598618117##
1248157201778323458
##1248419514082930690##
1251106256686850049
##1248609766433148930##
1248628319123197956
1248677059523743746
1248735403722575872
##1248781807459409920##
1251106502330535937
##1249046964567760897##
1249047189713833984
1249047408643911681
1249047787213393925
1249048101547098112
1249048676451975169
1249050414844084224
1249056212752175106
1249057825210413058
1249058942979837952
1249100258493136903
1249107058416390145
##1249093088896847877##
1249145887940661248
1249213062369902598
1249991156466925570
##1250000623342321664##
1250011911518904321
##1255690113838755840##
1255691907247865856
1255694908356255749
1255797512390225925
##1255994227932135424##
1255994817538150405
##1222416480056291328##
1222425968943534086
1222428751226642432
##1222775317321797632##
1222775365849972737
1222775754393518081
1222777318931910657
1222778808513765376
1222790189820653568
1222792205435375616
1222796148806733824
1222814393710366720
1222818505977946112
##1234547708364558338##
1234548195381956612
1234548220921024513
1234548567764881410
1234548887169511425
1234550208987631616
1234551575357599744
1234885344643997696
1234896301319430144
1234899980458110976
##1234914750074630147##
1234915474913333248
1234950684996403200
1234951245615583232
1234977507440390144
1235032915651764224
1235039833908801540
1235043168480931840
##1236022432382758913##
1236043956175110144
1236090393537785856
##1238047481231007746##
1238095156534009857
##1238056940858720256##
1238057257331499009
1238060294636818432
1238067993982251008
1238073400800825344
1238131983211003907
##1238176041304088576##
1238176399329984513
1238180777948520448
##1238420314712936448##
1238420402302586886
##1239293695708577792##
1239294082305884160
##1221893082922340354##
1221955025674653700
1222056639341219840
##1223570411285286914##
1223572244707926016
1223573597295456256
1223574034367029250
1223583127127429120
1223818301832335361
1223832258408263680
##1233868083342737408##
1233868727147532293
1233871592029065216
##1234019028458524672##
1234032372687015936
1234053130318426112
##1246216864054644736##
1246217112865079297
1246217533222510593
1246221268707414021
1246221807838998528
1246222394563473408
1246224177117507590
1246225824593915904
1246226027346616323
1246227545332334593
1246228092315672577
1246230257188954113
1246230634814717959
1246230987660578818
1246231509582913537
1246232835633094656
1246233027254026243
1246234230516060160
1246234857790980096
1246235051408478212
1246242636513632256
1246248880041320449
1246255435381903364
1246270967573360640
1246271515676553218
1246273151077699584
1246283485431713794
1246286257581363200
1246287607111331840
1246301111419572225
1246307396194050048
1246315900434894849
1246328939225714689
1246331315559030784
1246337542141640704
1246338765225893889
1246355830611509249
1246363707292123136
1246377871062548481
1246387447082160128
1246388327944720385
1246395603774472192
1246397473003835392
1246403301786165253
1246422429628588033
1246424872609251328
1246433949930397698
1246443959674712065
1246445196222570498
1246450515141111809
1246451304920211461
1246453302650384385
1246469752710672389
1246476725879549952
1246477399107264517
1246477761201528833
1246480574807752704
1246502392809603078
1246506572265730048
1246508654024699904
1246513447082303489
1246516322185469952
1246517227316228097
1246521120108564480
1246535761375178752
1246556995127316481
1246563856979308544
1246565990323884036
1246571795609726981
1246573632727461889
1246607624444968961
1246628231341658114
##1247638401764847616##
1247645930905616385
##1249331556365340672##
1249332194855784453
1249332950040219650
1249339442696982530
1249340108878286849
1249347236196163584
1249354615507881987
1249403666223726592
1249406277295452161
1249559812788097026
1250399764274974720
1250400247949508610
##1249814068518686721##
1249815133171351556
##1250675540740263942##
1254925101256060930
##1250926940141367296##
1250972787281399812
##1255942491842514944##
1255955244158156811
1255957550220050433
##1234536606847115265##
1234817210977259520
##1237385995558899714##
1237386266464759808
1237412818414116866
##1238502357287256068##
1238504844983500800
1238509968116068352
1238512801154392065
1238514110616211456
1238524276417990657
