##1242949826351947779##
1242953931644440584
1242955621592444928
1242956530720354312
1242961730336161798
1242971378187460609
1242975568695566336
1242976927608123392
1242977441079013383
1242980005270913029
1242980532738232323
1242985543178354691
1242985989406167040
1242997795256176651
1243020446100045826
1243028028902518790
1243029647740276738
1243031244134322177
1243033710901035011
1243034846194274315
1243035136674979845
1243037903309201409
1243040171337097221
1243045066140237825
1243072411253252096
1243077867623321601
1243077949135486976
1243091420858052608
1243093970135273474
1243101507857367047
1243103774614355969
1243107026336714752
1243111700464795649
1243112417233645568
1243120360838451200
1243120890201673728
1243121563777581056
1243123839854358528
1243124115571118080
1243126603179319297
1243133128086040581
1243140868497866752
1243141037008261126
1243145565896089602
1243147348307558400
1243148440454025217
1243149162197155841
1243156150222233603
1243159964564312064
1243161144010977286
1243166036582633475
1243170074787229697
1243184727588290563
1243184866759446528
1243186364121853952
1243192272235175941
1243192512644296704
1243196049084289024
1243197963368894467
1243202873892032514
1243208430225104897
1243216628873146368
1243222908933210114
1243226376876015616
1243229303107657728
1243240711551619073
1243257049015861249
1243273507930341378
1243276567163408386
1243307886610178049
1243480813045534720
1243487309787541504
1244192792710197248
1244725831848603649
##1242952775941709824##
1242964590402699267
##1246575480469323776##
1246575751169748996
1246576052715040769
1246576463417049089
1246576804661547008
1246580683298025472
1246603446507245568
1246643053055692802
1246860949484711936
##1242592319586607107##
1242944803245039617
##1243980921524666368##
1243983890450198529
1243986655922569217
1244202457284165632
##1242440558683054083##
1242440796206444544
1242440859339063303
##1242589500552941570##
1242591425423949825
1242592545596755970
1242684532693831680
1242719910939308032
1242729401017602049
1242816062003036162
1242938481585905664
1243643915061919752
##1242886294725853190##
1242887632381784064
1242889074916163591
##1242897597150277632##
1242898061690654722
1242898216414326784
1242898430252507136
1242898525098332162
1242898968528519170
1242898972907393025
1242899116839108612
1242900075581407233
1242900195156901888
1242901014941962247
1242901461543124993
1242901573782704128
1242902925627682817
1242903173343457282
1242903536863719424
1242903539166449665
1242903682452242433
1242905054509764608
1242906124124381184
1242906183574401024
1242906325929070593
1242906429994008578
1242908782415486979
1242909771918979073
1242911322859331584
1242912419594350595
1242913160790773760
1242913913756364800
1242914350966484992
1242914747915386881
1242915602265788420
1242915975596556290
1242916204236414977
1242916788079337472
1242917060071624715
1242919827653697542
1242920180918910978
1242925247902384129
1242928173630791684
1242933228161425408
1242936289772605440
1242943235502325761
1242951000002048003
1242954802272899072
1242957890283020288
1242958097783689217
1242958710059696128
1242962000348659712
1242965802657202183
1242970455079862273
1242970954189471744
1242975852742078465
1242980574186344452
1242993824692985856
1242995607284875266
1242995763191394304
1242996376935505920
1242998838023118848
1243006581396160513
1243007372559372289
1243007976883064839
1243008380001816576
1243008817182519303
1243009844870873088
1243010955895877633
1243016447862898695
1243033018983464960
1243035261996498944
1243038336761180161
1243042957139345409
1243046435215544321
1243049801564000256
1243051650903953410
1243055460967747584
1243056880559312901
1243059027497664512
1243065595001745408
1243067980461867008
1243069043290058753
1243071101539774465
1243079047782862848
1243088281644007424
1243088763049435136
1243090206019985409
1243096188620070913
1243098607793967105
1243102293555384322
1243103384661622789
1243104732945809408
1243114074583547905
1243115606125228033
1243118390845288449
1243118742772551680
1243139067279298561
1243140384215179264
1243142511968899073
1243154675593084930
1243161121609089025
1243162817022304263
1243166866547277824
1243167877915717634
1243168190840135680
1243177618066849795
1243195180339154946
1243197390733168640
1243222551830179840
1243231866964017152
1243292369027567618
1243299598438993922
1243323250920370178
1243328274153050112
1243357805689442309
1243430839213531136
1243435432966262784
1243470439491526657
1243512355759230978
1243590160568197127
1243651801787793408
1243888223149056000
1244064504528461825
1244196304701571074
1244595401589690369
1244604585668415488
1246644763018907648
1247150228437942273
1249774402113331205
##1242931691292950532##
1242932130155573250
1242932480832913408
1242976778303520768
1242987496490876929
1243130128995147776
1243138364192239617
1243145792644419585
1243161181944233985
1243182791543738373
1243188495658745863
##1242933524665110529##
1242938825468510209
1242939630011453441
1242942813773262848
1242943185011253250
1242944712736210948
1242951133435486209
1242952722443362304
1242953640115142663
1242957463055458315
1242962875846664192
1242976672896430081
1242990464837603328
1243042166538190849
1243057328896774144
1243058856558723073
1243061894522580992
1243064907953836033
1243085347057283074
1243102693062840328
1243241673494274050
##1242939229572927491##
1242940301351796740
1242943596258570243
1242949045062164480
1243120793929895936
1243222057225261056
1243226594627522560
1243292802928214022
##1242951906399604736##
1242952265876586496
1242956163156762626
1242958733778485248
1242958862371696640
1242961930031169539
1242962181660061698
1242962250442424320
1242962796729556993
1242963305607692290
1242963645925122049
1242964418155155458
1242965581466304514
1242965661632135175
1242968222007275523
1242970833569669121
1242971825191235585
1242971970871922688
1242972165433106435
1242972895720202243
1242974023014891520
1242974912836513792
1242975237538566144
1242977125314985984
1242978829955747842
1242981092983963651
1242982424331640832
1242982569030963200
1242982985525334018
1242985111181840384
1242990218300600320
1242991214946910210
1242992530574258183
1242993588050579456
1242994469156335620
1242995208264048640
1242995557267898369
1242996434808582146
1242998031408119808
1243000687337836546
1243003526890094592
1243012289667760129
1243015070055043072
1243018212263985152
1243021128177790976
1243032684504453120
1243035318258974720
1243037592553246720
1243053996362924032
1243056122547896322
1243064318419222528
1243067459286032384
1243069037342601216
1243075699793113088
1243078664931225600
1243079953094148096
1243080050838290432
1243080686094954497
1243083310630305792
1243088639296487425
1243094145150922752
1243102460555689984
1243110605546012672
1243111995886485506
1243112517800316929
1243112555561844736
1243112709002014721
1243113063580041217
1243113074208444417
1243114251591602177
1243116800876953601
1243117742347161600
1243119832914149377
1243123705099812865
1243126010343817223
1243126228644700160
1243127371445735425
1243128711722958848
1243130700049547264
1243134486449197056
1243136909137846273
1243138563945922561
1243141767513477121
1243142301389664259
1243147468591828993
1243157148533743616
1243157735652409347
1243160085628620800
1243161440447594496
1243161554654302211
1243165708500054016
1243175422591995904
1243176012755632129
1243193248782393345
1243199723923804161
1243202139561828352
1243206631464357889
1243231433444950017
1243236076677890050
1243249214802382849
1243253013583724545
1243322136875479044
1243744833912680449
1243817909505449985
##1242953131719380999##
1242953521588097024
1242955446626840576
1242955885468626950
1242956240797474816
1242957518453776387
1242957902677250054
1242958610151473152
1242961775353569282
1242966342250246146
1242966383811596291
1242968839140323329
1242969842698813441
1242970261860888576
1242974549748199425
1242983146787950598
1242984054456270850
1242987294279307265
1242999877199630337
1243045425378217989
1243074083790741504
1243125264336510978
1243295456005885952
1243491640062488581
##1242968817229271042##
1242973581514072064
1243018929108328458
1243047860805009408
1243060090074271749
1243133627967451137
1243267078506844170
##1243135921400283136##
1243136300510838786
1243142008434237440
1243193995594993669
1243340636968935426
##1243145581192773632##
1243150504932323328
##1243263671033348101##
1243266122230771723
1243266280934854656
##1243268004302946304##
1243268280434950146
1243270742101364744
##1243302624243462145##
1243353305641869312
1246020497667756034
##1243509068444192768##
1243509684876849154
1245857602275135489
##1243601963150979072##
1243606614927708160
1243633924972130306
1243668279408898051
1243803679976828928
1244121447276183554
##1244397780883460097##
1244401923257745408
##1245445250035912709##
1245445996894736388
1245446914931396609
1245446926893531137
1245447421880131585
1245609432370667526
1245610446612082695
1245612022835769346
1245614855718965249
1245621491636436993
1245631346950602752
1245633336912965632
1245633370832302081
1245642733932310528
##1246935707962220548##
1246935816179417089
##1248712878020009990##
1248713283567259648
1248713337430519817
1248713460600442881
1248716077330247682
1248716286516965378
1248720856987185152
1248726205018357760
1248733763720425473
1248894298168360961
1256224068203950083
##1250198127128256512##
1250198178634379266
