##1235604680576729090##
1235605025650548737
##1235604942641119234##
1235604964975595525
1235605120093523968
##1239679005479108608##
1239714719239409664
1239715658230894593
1239742019662118914
1239801393147449345
1239951268468137985
1239951326114713602
1239951399485661185
1239951790902312960
1239952077096435712
1239955561145233410
1239956031393927170
1239956658564091904
1239956852085047297
1239957221779234818
1239957354797576193
1239961929944350720
1239963978547122176
1239964169484390400
1239965780067811328
1239965894844899330
1239966805516419072
1239967078762704896
1239968386156650500
1239968507896291334
1239972114926424064
1239973161996652545
1239973528746651648
1239973621721792512
1239974231623888899
1239974554618875905
1239975800734191618
1239976330097115136
1239977561792352256
1239978588348338177
1239978765268238338
1239978774558576640
1239980100482990082
1239980754182037505
1239981630648987649
1239985944285122565
1239986546952019970
1239986751470436356
1239987532315660288
1239988552907268096
1239988808898224132
1239990014219554817
1239990369682624512
1239993910589612033
1239994168669339651
1239996047558094852
1239997506425159686
1239998597137137666
1239999252459380738
1239999662830084098
1240000716002992128
1240000723787620352
1240000956433149958
1240001596840382472
1240002511613890564
1240003019141513220
1240003115191017473
1240003393109798913
1240003614749360140
1240003988319350786
1240004847522516992
1240006727434633217
1240007017743384577
1240007055496433667
1240007826065575939
1240009564877197313
1240009658053599236
1240009868125384709
1240009930997993474
1240010594658463755
1240011250085572613
1240011453920423937
1240011709672312834
1240012191547473926
1240012212309233664
1240013363515666450
1240013412127641600
1240013586476552193
1240014916087689220
1240015000766500864
1240016716685549568
1240017316437463040
1240018110368944131
1240019008973344771
1240019618292531200
1240019863520894978
1240020217453035522
1240020889502134273
1240022307210436610
1240022648366792705
1240023167567122435
1240023302359396357
1240023956142411787
1240024126384988162
1240024503301935104
1240024872845217794
1240025301415067648
1240025355374735362
1240026304688332800
1240026612898430978
1240027232057384961
1240027562354540548
1240028011455336448
1240028569268609029
1240029781296664581
1240030297229414401
1240030481665703937
1240030798700597252
1240030917034475521
1240031828335042562
1240031865500839936
1240032138218569728
1240032839485272065
1240035295950712834
1240035541032284160
1240039933781454851
1240039988265443330
1240040728585293827
1240041300013047809
1240043565071437827
1240045357230444545
1240046873328717824
1240048483974905858
1240048748945903616
1240050845649121282
1240053286272675841
1240053517445926916
1240054758054014977
1240055731405152259
1240066215273431043
1240067510776578050
1240067733368246276
1240070126663237632
1240073905336975370
1240084671830077448
1240100200208875521
1240103874389819392
1240104452574580736
1240107801512480781
1240109136576155649
1240109487966560262
1240114902766764032
1240117041492787207
1240121103902785541
1240129507807440896
1240132570932707328
1240140695236751364
1240147668011290625
1240149952271208449
1240150638820044801
1240151571947753475
1240152925684580354
1240166651657502720
1240171039138734080
1240171819342213120
1240171956420386816
1240173488079585280
1240174772073508864
1240180856695787520
1240183847192596481
1240184133235736578
1240184179729616896
1240188410838634496
1240188818235547648
1240192489597931522
1240200159138443265
1240203676762939393
1240203725274337280
1240204523861401601
1240204589019824128
1240205875471671298
1240207379100307456
1240210813966618625
1240213452402147329
1240215027510128641
1240215532718227456
1240215663190380544
1240216045064982528
1240216687452000256
1240218120112857088
1240218453241446405
1240218813712531457
1240219684764635136
1240219763760148480
1240220012603899905
1240220076013506566
1240220516025278465
1240221060315914241
1240223389832433665
1240225352980598784
1240227532961730561
1240235120600244224
1240236149152587779
1240239496303718402
1240240292516765696
1240240818180538373
1240247862992175104
1240248278823903234
1240249968432001026
1240251547612782593
1240269816709120000
1240270949435478016
1240274673700610048
1240274895730343936
1240276216562757633
1240295847608418305
1240300348612530183
1240302293658013697
1240313664734990336
1240315922646253570
1240334012729765889
1240872631374577666
##1235595259419267073##
1235595618757808129
1235595811402043394
1235596630805577729
1235596693938360322
1235596908934070272
1235599906917814273
1235601330472751104
1235602832121688064
1235608829842219008
1235613069818003457
1235613467161182208
1235633561446879233
1235670598904418305
1235672505341239296
##1235595368307372032##
1235596182514065409
1235728235922690048
1235793356254519296
##1235595809833566208##
1235613968128933888
##1235596030848221184##
1235596114646175744
1235597471742652416
1235597737812508672
1235603241468973056
1235605080520323072
1235605449350791168
1235616804602511361
1235620830572359680
##1235598740989280257##
1235599414858833920
1235600421965660160
##1235603021964419072##
1235605576022929409
1235608170778767362
1235614348539760640
##1235661213339652097##
1235661882087759873
1235662013407215617
1235663435259469825
1235676682654068737
1235707582926516225
1236249951354707969
##1235678619894247426##
1235705582738268161
##1235694141620850691##
1235694395065880576
##1235704366260195329##
1235704415312416769
1235705156941090816
##1236076513918926858##
1236078181913899008
1236078777316323328
1236139101021245440
1236318977984512000
