##1231624763472171008##
1231625083078180864
1231625449811456000
1231625756838678530
1231626313808650245
1231627257099276289
1231631840596942856
1232081693173002243
##1234206774770753539##
1234207139440267264
1234207303076909056
1234207652764409856
1234210554706907137
1234211554268262400
1234213964348870656
1234215411710930944
1234215515230437386
1234254151409946625
1234467410704556032
##1224354888987095040##
1224364581457403904
##1224970053571022849##
1224971935286792193
1225226487189643265
1225361053925756928
##1224251889778335744##
1224252103021006848
1224252246721953792
1224253583094419457
1224253700559994880
1224253928042311680
1224253953115934722
1224254700645564417
1224254947132309505
1224255225952862208
1224255396795355136
1224256392502136833
1224256951674187779
1224257683567652866
1224260694314450944
1224261904056627202
1224264374153596931
1224265415108505600
1224265620499333121
1224266674393747456
1224267473173798913
1224269945107775488
1224270015165345792
1224270156941209607
1224270741354557441
1224270746861441025
1224271024415551488
1224273016391114752
1224273349238456320
1224273620127682561
1224273912508362752
1224276181664641024
1224276415496978432
1224277679110836224
1224281965249146881
1224282595783061505
1224283713955147776
1224283891709685760
1224286938288529409
1224287845130608645
1224288072843571201
1224288274249932800
1224289378308182017
1224293479393697793
1224293689557569542
1224294618059149312
1224295102610362369
1224295184596336641
1224297165729730562
1224297429698260994
1224297634103545856
1224297774763724800
1224298491356352519
1224298859091910658
1224299744631148545
1224300187939745793
1224300666954375173
1224302472417763328
1224304539202772994
1224305798697947136
1224306016470339589
1224309245300047872
1224310057057341442
1224310292001312768
1224310512806174720
1224311001379635209
1224311845785362434
1224314599111102466
1224315372976910338
1224315524299051010
1224316824268963840
1224321127595548672
1224321321913536513
1224322647519047680
1224327383509098496
1224327652431011844
1224329286510956546
1224329873285636096
1224330248252272640
1224331386519216129
1224332747910656003
1224334810606448640
1224338819140505600
1224339647683354624
1224343088992260097
1224343156814118912
1224343751373545474
1224343825688252417
1224346894392004608
1224347942460493824
1224348354714402816
1224349047793864704
1224349866350055424
1224351479437369344
1224362243091025921
1224362535023009793
1224364415795056641
1224367873893838850
1224377383538561024
1224378071861678081
1224380176118833157
1224384517403762688
1224394232858804224
1224395166427029504
1224399293307637762
1224409934567301121
1224428493775175680
1224433223670755328
1224442133676843017
1224448289174540288
1224453519345717248
1224456939784089601
1224469405574344705
1224489885488373761
1224536815962591233
1224544039283851269
1224549803268431873
1224568417686081536
1224584395945848832
1224591792953352193
1224596976353804288
1224597661980012549
1224605880525697024
1224607209570668544
1224610188671492096
1224624407844442112
1224640692904960002
1224678510079434752
1224684150059343880
1224687301458046976
1224721298632380419
1224791276064735233
1224793610794696704
1224866090527883265
1224901510154399744
1224978068227469317
1225000933395963905
1225176319081709569
1225192964059779073
1225200990791622657
1225306607577370624
1225495042971897858
1225515050334597137
1225544251125178369
1225626759355232256
1225631062740484096
1225737434878631936
1225796023508963329
1225803464820871174
1225861333167546373
1225935911457841158
1225956637824950274
1225964218974953472
1226070232789397504
1226087079311966210
1226093550699515904
1226098295031959552
1226126016537677824
1226129547919331329
1227000219117785093
##1224307923079385088##
1224311258108874752
1224327718436855808
1224344987627859972
1224356062142308352
1224382521519026177
1224383375454167040
1224383837767184385
1224407610830532610
1224408453667545088
1224427608718368769
1224430944079241216
1224432062234382339
1224435663216398336
1224440995053309954
1224443750002282496
1224454976509861892
1224513772863225856
1224557986028359680
1224592184621572097
##1225056624215236608##
1225057801489321985
##1226091155265400832##
1226115593700548608
1226118694998335488
1226119476309118976
1226119611986456576
1226119788683984896
1226165526222778368
1226172932935815168
1226197123055706114
1226197950814183424
1226267147632095238
1226351050141184000
1226359573063311364
1226392908422578176
1226509995442921472
1226587340145070080
1226905898687266817
1226969965502386177
##1226185563440590848##
1226211504044814336
1226229807840710657
1226231004957945858
1226239730284683267
1226253099943124992
1226313054473850881
1226334534322532352
1226493268847996929
1227562770033500160
##1223578068159225862##
1223713564512399367
##1224274822454292480##
1224292142064914432
1224298919447932929
##1225469654233165826##
1225472237504995328
##1226228467714478082##
1226244140503126017
1226249574857216001
##1226529065709993984##
1226694868979929089
##1231279803132719106##
1231280199389646848
1231280256977338368
1231280357225484289
1231280407854927872
1231282327688556544
1231283624584122373
1231288782105784325
1231294215012978688
1231313332579295233
##1233833563260362754##
1233836518579503104
1234488164762476544
##1239211579381596162##
1239235937651081219
1239265119315599362
1239291016047464450
1239466958908686338
