##1230093538957942784##
1230093538957942784
1230159052602253315
1233371375546421249
1233450166591672320
1230194111136833536
1235189713725726721
##1230500597943721984##
1230500597943721984
1230500600414076928
##1230158046866952194##
1230158046866952194
1230167964298727428
##1230511748085616640##
1230511748085616640
1230512659801497602
##1224091363312046082##
1224091363312046082
1224093065113231363
1224106676296585216
1224438923788615681
1224439663777083404
##1230343229796536324##
1230101014029664256
1230171647556096001
1230201744250089474
1230192051095920640
1230214795087007749
1230381619191668738
1230551293120274432
1230215825803661317
1230118436619026433
1230234254292013056
1230193897198047232
1230160509917442055
1230175853046353921
1230564780999495680
1230191928366551042
1230124186183532544
1230127714260193282
1230164240931094528
1230176157670268928
1230193133591433217
1230264349501120512
1230286428346748929
1230210495535292418
1230212026242392066
1230215390246133760
1230339195731881984
1230349584607666178
1230155524068474881
1230207847100813312
1230146987472846848
1230231909357232128
1230163539995832320
1230211562679537666
1230143992324595713
1230162385740206082
1230194118741106688
1230199773535272960
1230221548583358464
1230231438915784709
1230145819229159425
1230147153705816067
1230148758907822080
1230190571303645186
1230210430435459073
1230241782077837313
1230436966480666624
1230101536635805696
1230163310697439237
1230170672783077378
1230172762179850247
1230175579581952001
1230180706875297793
1230183721673875457
1230194903461826560
1230202718058401793
1230204423772819457
1230211979081637889
1230220113753886721
1230224808278994944
1230227436555710465
1230229607988768773
1230229849639444481
1230235167219949571
1230242371973021698
1230246354196279297
1230265431501484034
1230326708391292929
1230342466861223936
1230381760690544640
1230406989831864321
1230441154384187392
1230448156980207616
1230561217254572035
1230759168245563392
1231320443300216832
1230181199714377730
1230184616562233344
1230195392454823936
1230210591404576768
1230211237528719363
1230226179631800322
1230236977062203395
1230246964631162886
1230253803783565315
1230273358933176331
1230302317171396608
1230326692205539328
1230346969052274691
1230355912289853440
1230358535101349889
1230368080368480257
1230386861949976577
1230401012613156870
1230408282277326848
1230431688402120706
1230431846330228744
1230452070559440897
1230453583839219713
1230454616774660097
1230469365302276097
1230490917355827200
1230498114613760004
1230523905418440715
1230531248017301509
1230585173244293122
1230686198894600192
1230227283891322881
1230372741972471808
1230107666871209984
1230264282778087427
1230267924100927496
1230132583503147008
1230272968170909696
1230145118218391553
1230273771178688512
1230204275873153028
1230372588200828928
1230473258325204993
1230202632582680582
1230249561685463043
1230222428787429376
1230516200121257986
1230250664284086276
1230251299964366851
1230156500926189569
1230473571023179777
1230295441570508800
1230208164085346306
1230277946587389952
1230395372956258304
1230136808744407040
1230152301182095360
1230151278245949443
1230572937713012737
1230751184199155714
1230112053299421184
1230171938791870464
1230193626992513024
1230186525427687426
1230299947356041217
1230167246867136512
1230172876629782529
1230175779373408257
1230189092123611141
1230192415362998280
1230195276188659713
1230205376286642177
1230230440717496328
1230235267400962048
1230327985145774082
1230126113726357504
1230449723103993856
1230566203908919296
1238823642810716160
1230109711300726787
1230121896097861632
1230147483646464004
1230160679778299905
1230162204407869440
1230164717924241413
1230165756886863875
1230174863668793345
1230176021242109953
1230179845088391168
1230183957846728705
1230184292367683585
1230184917600002048
1230186135944482816
1230189515102392321
1230190981724725248
1230192898047717377
1230192937369251840
1230193435593842688
1230201281697984513
1230203289414897664
1230204991446683652
1230205610848854016
1230212408305692679
1230221569299009537
1230224411782975488
1230226216159981568
1230227395501797377
1230227726050713603
1230228186438389760
1230234733294104583
1230236358276517889
1230236552179089408
1230241517668880387
1230241736145932290
1230242688252989447
1230243949471768579
1230244332856381442
1230245964906188800
1230246359846019072
1230247241153208320
1230247799519879168
1230268996118892549
1230275063640924161
1230278257112702976
1230320680102703110
1230328658419748864
1230333777924235265
1230376901837041664
1230380178972516352
1232556891680710656
1230118626671415296
1230182773639536642
1230218177075912707
1230343229796536324
##1230167283928047616##
1230167283928047616
1230191665064894465
1230191905322958848
1230177426988249089
1230178049339150342
1230178917711044608
1230179678113222656
1230179174586945537
1230183193233575936
1230192369175318528
1230221307029180416
1230256295640518656
1230177158829629445
1230216065612951554
##1224799962728468480##
1224799962728468480
1224814451511177217
1224982424934866944
1224953679180005376
1224811172173508608
1225003426867744771
1225028041191182337
1225082442954018816
1224859836816535552
1225185209081106433
1225103290578427904
1225267329677824000
1230992522224242689
1225097540695207937
##1230975091967758342##
1230975091967758342
1231283560918769664
1231286272062369792
1231288604439334917
1231337222978195456
1231336660064849920
1231339590688092161
1231285561442422784
1231341593308864519
##1224963851457847301##
1224963851457847301
1224971107259777024
1224987823582928896
1224968984434565120
1225097438698123266
1224994783136972801
##1225070714941661185##
1225070714941661185
1225074305026924545
1225082801592160257
1225268919344205824
1225074712906211335
##1229655121153462272##
1229655121153462272
1230195309524942848
1230195453079248897
##1232915440516636672##
1232884597341478918
1232889239500656640
1232939133020053504
1232912765561556992
1233247046066429953
1233532098826424320
1233801018170802179
1233721177979445250
1233721871700504576
1232925448239230977
1233073592205791234
1233078197564190721
1233120391553572866
1233235276832460800
1233010692090925056
1233089750749392897
1233303611330842624
1233531979724922885
1233217015122472961
1233532698393747457
1233599099024355329
1233601031273140224
1232919471783895040
1233104004693004288
1233239999266553856
1232885618490908672
1232887676891811840
1232888031599906816
1233226509856509952
1232887312645795840
1233139227766018050
1233094158467969024
1233133208050507782
1233165070504472583
1232885542708228096
1232887421798404104
1232891898978807809
1232904344699310080
1232974716157222913
1233296534617436160
1232929584636743681
1233448979062501376
1232957231320256512
1233000795982962688
1233055528156368897
1233246973215617025
1233006382468812803
1232957861434740736
1233240677041004544
1233241659552489473
1233239242140213248
1233240342398414854
1233241225312030720
1232909780743794689
1232910004325421056
1232969840081555456
1232992501855813632
1233230059609239553
1233264196311273474
1233266754148851713
1233286797582589952
1232936096146903040
1233268227272269824
1233276618526928896
1233294898427760640
1233061364127686658
1233112486083256320
1233289388441948165
1233230531871084545
1233138868238651393
1233253223789670400
1233266292087558144
1233266547692576768
1232885722379624448
1232899241732866048
1233101216965693444
1233249259019030528
1233259973150461952
1233772629305298944
1233018807863697409
1233039066763079684
1232890719452483585
1232896986564694016
1232900330209366016
1232915519629557760
1233001222157881344
1233074223368806402
1233136505931149320
1233247287679356928
1233148697728487425
1233244284763168773
1233232019208929280
1233233613942116352
1233245202455945216
1233270916223729664
1233276152241950720
1233321770410749953
1232905179558793217
1232906825722482688
1232927400880635910
1232965342286295042
1232938089405874176
1233629580885417984
1232964964941533184
1233215872099143680
1233268698229727232
1233268858007498752
1233638469144104960
1233719894128066560
1233739664286195712
1233114557691912192
1233368514054041600
1233368860218286080
1233369565540818944
1233371781190365184
1233372540875214849
1233372822900224000
1233372765257945088
1233374586642759681
1233011106089709568
1233065626488516608
1233086192301809664
1232900012079820801
1233004473540321281
1233027720646418437
1233042181025345537
1233067329761824769
1233108210179092487
1233116879167926274
1233149764797116418
1232905857865789440
1232905858545221632
1232909133906632704
1232926708451377152
1232937165602066432
1232969703665963009
1232997419849277440
1233018982216732677
1233023505819688960
1233263837832458240
1233264553623982085
1233267506548289536
1233270672434106368
1233273524648804352
1233283479292563457
1233289275862605827
1233289349292118016
1233318126898556928
1232969134687866880
1233046650966478848
1233058022882250754
1233074333465137152
1233074504479498240
1233101129547948033
1233108595933433856
1233120780499718144
1233220306166218752
1233225638946930689
1233229439514759168
1233240820066725888
1233243013222215680
1233249798070972416
1233250734206050304
1233323686935089152
1233332256879599619
1233348946518511618
1232915440516636672
1232916825324867584
1232966432314490887
1233049718684626947
1233055302947393538
1233335156917907457
1233072191824113672
1233251905280860161
1233068971928227840
1233074597676888064
1233217669052194816
1233269503536095232
1233288056167419905
1232993660809207809
1233055516701622275
1233058664686194689
1233066113493274627
1233078095936151552
1233093296592957441
1233234312432160769
1233238352410955777
1233240526788472832
1233254538720763904
1233260213781835777
1233273471423131648
1233323738940280832
1233372315985088512
1233631178026094592
1233633942353387520
1233886565123969024
1232890512186761217
1236966723624022016
1233089517877370880
1233110886388322306
1233147275343540225
1233226708511272961
##1230633763278737408##
1230633763278737408
1230633832887414784
1230636648158773248
##1226490918464827393##
1222847654260023296
1223813260530634752
1223813730212945921
1226490918464827393
##1224009442871644166##
1224009442871644166
1224015654703058944
1224037315389132801
1224044687188774912
1224107920520028166
1224029673216258048
1224032081510092800
1224060285033598976
1224072732998094861
1224126462804054016
1224127135343947776
1224207434572607488
1224646152915705856
1224020293162885120
1224026694132084738
1224030407865389056
1224033174826733569
1224034106893307904
1224034797103779843
1224040368318177280
1224042505886408705
1224055036004700167
1224056763927924742
1224056794693218304
1224061295319834625
1224497904448081921
1224090638825730048
1224100239566655488
1224102521288974337
1224104261841227780
1224132630175735808
1224193942637490181
1224207771018629123
1224269970697269249
1224292749542903808
1224334916957233152
1224338737351602176
1224342689568694272
1224363547322437632
1224010795681505285
1224029871359303682
1224226445179924480
1224339156605603841
1224340547852283904
1224345477648224257
1224055287264546816
1224033710351122432
1224059916689793024
1224034330470690823
1224035671473418240
1224037676342444036
1224060536637329412
1224131808259911681
1224038426758078464
1224038613815611393
1224040104987103236
1224048157585264643
1224052717905158147
1224059398714204160
1224067409952280577
1224068505508745218
1224073885794160640
1224075151211401217
1224083581997326343
1224097152160423948
1224111191599001601
1224132652367781888
1224177826162597890
1224216868598304768
1224251408985337859
1224277118227550208
1224289817657315335
1224333715108659207
1224014530705084418
1224048053381931009
1224110268571160577
##1224031531624169473##
1224031531624169473
1224071191733972994
1224035163077779457
1224043808599314434
1224108403737485315
1224122143471996929
1224165951991578625
1224039955804102656
1224042868102389771
1224043654827991040
1224044224078704640
1224060487169728519
1224062052077113344
1224066703505657856
1224073906279133185
1224075202092589056
1224087037021691905
1224099094592991232
1224169000726401028
1224182846157443073
1224184359541977089
1224196195675004928
1224199656671973376
1224206768047304709
1224209185006596096
1224408906153320452
1224408999975624706
1224418622581497856
1224447625409118214
1224451859538038784
1224494511977631744
1224567890420158464
1224542341559717890
1224032495492042756
1224108042737856513
1224112683928125441
1224282901371670529
1224046652954238976
1224054570684420096
1224047070040002561
1224033185857785856
1224033815628255232
1224036824324112384
1224059256724475906
1224078112314531842
1224112550926848001
1224131039091621889
1224225183445196800
1224280060963758080
1224288016124010498
1224320207868612609
1224687375537836032
1224068576388272131
1224198817920245760
##1224089831569076224##
1224089831569076224
1224336107808215042
1224902361287708672
1224099053283291138
1224142735180992514
1224218754734792704
1224255269384921088
1224257172407836672
1224281313752031232
1224286379644985344
1224293366612946946
1224312291438538753
1224322164037386240
1224341510482792448
1224572376412827649
1224664502467211266
1224737353400487936
1224810631938834432
1224292795772477441
1224902241037049856
1224166721495404545
1224277502874607616
1224664864985096194
1224194948372844544
1224131837171314689
1224161446721966080
1224903204359376896
1224314379178532864
1224227526601515008
1224971368690802688
1224117667457572864
1224160741198045184
##1230079877833011202##
1230079877833011202
1230138168705527809
##1230110576363364354##
1230110576363364354
1230122494989885440
1230132342213283840
1230131310829752320
1230137183501246465
1230137857634906112
1230187009630756865
1230195110668898304
1230195639105007622
1230400903687086080
##1230115062335131649##
1230115062335131649
1231253243419906049
##1230175213947670530##
1230175213947670530
1230224080256798729
1230387822739193856
##1230092496774082560##
1230092496774082560
1230099447364931586
1230368588424531968
##1230098017782583297##
1230098017782583297
1230127336911179778
1230132263750455297
##1230098904747827200##
1230098904747827200
1230208641946570753
##1230130261976911873##
1230130261976911873
1230132624892534784
1230156192611217414
##1230216180100628487##
1230216180100628487
1230217714091864064
1230219866872975360
1230217106328870913
1230217542079217664
1230455723261386752
1230967025989713920
1230277781377908738
1230278541272584192
1230365775145439237
1230380079252897795
1230383278517084161
1230218411726295040
1230405099056500736
##1230474319177900032##
1230474319177900032
1230479767373275137
##1230559026909335552##
1230559026909335552
1231638150788763648
