##1242179559946178561##
1242179559946178561
1242180190035423240
1242183381598822402
##1242230212965945345##
1242230212965945345
1242423735430365185
1242434710908948485
##1242399529732837376##
1242391148456546309
1242399529732837376
1242400538207100928
1242401075123982337
1242454802493292544
1242467287803654144
1242469203111706626
1242393354521935873
##1246563807125745671##
1246563807125745671
1246564397180428290
1246584509186875399
1246720351180075009
1246566420923781121
1246765416816525312
1246566246893617152
1246741488412823557
1246736282132320256
##1251611236011249668##
1251611236011249668
1251624442591088641
1251650997891432448
