##1233449183148990464##
1233449183148990464
1233449531259441153
1233517108530728964
##1233822298878173191##
1233822298878173191
1233822716110741504
##1233119616085393410##
1233119616085393410
1233129648978112512
1233134437040300032
1233134585820721157
##1234628057836793863##
1234628057836793863
1234628255145242625
1234631237660180480
##1246935658939154434##
1246935658939154434
1246940992286216193
1246948124389752832
1246955928987078656
1246963497642135554
1246963906687520770
1247083471706734592
1247146450485641216
##1248027239477846024##
1248027239477846024
1248031010954108934
1248033879430180865
1248035911029477377
1248117600971829248
1248208229441699841
1248036895831003138
1248052655328563200
1248076221600206848
1248115771391311875
1248117465223254018
1248036405756002304
1248054540609490945
1248074312982069249
1248256583596998659
1248033061666729984
1248077168539828225
1248034438539358208
1248034456415481856
1248035363437805570
1248038312679550978
1248052516367056897
1248141985044709376
1248422815272824833
1248042097271279617
1248184658069766144
1248032490129952768
1248093320103985152
1248054833770307585
1248113472124194816
1248184464791998465
1248241433980608512
1248266895855431688
1248343920083439616
1248031899789987845
1248032358407835649
1248032762193498112
1248119810443091973
1248188159575367680
1248033969448407048
1248253963226488834
1248034389981900800
1248039568340811776
1248037468399689730
1248040094138843137
1248147189156765696
1248217795516674048
1248039389701300230
1248041941801021440
1248037202954682376
1248062491176861701
1248071876720635906
1248035360199839746
1248037982294151168
1248039526645346305
1248112827618988033
1248033287572008960
1248254324850950144
1248040078489903109
1248122236768321537
1248032574762627072
1248032683646758914
1248032814886461441
1248032873325748229
1248033060496592899
1248035746965008387
1248039291932094464
1248041555128193030
1248254628027928579
1248041777958981633
1248043355986067457
1248049737061842946
1248059157758050306
1248062652124971009
1248071126531661824
1248099030166577153
1248105988005269504
1248145708798152704
1248181380909010944
1248192306026614784
1248197385223843841
1248215033940770816
1248291859920715776
1248536119916060673
1248071555378221056
1248384340007899146
1248079631745458177
1248079727765655552
1248033727281848320
1248221387073912833
1248116120667684872
1248065191700545538
1248036652720807936
1248039405111119877
1248049012214845440
1248077276471791616
1248086301183746048
1248148063442649088
1248171016649674752
1248181622610046976
1248190013197737985
1248218910131970048
1248291386434207751
1248305595830198272
1248036040667004933
1248032535516504064
1248074574878703617
1248047455297589250
1248132068200103936
1248143608529784832
1248152355427713026
1248037871614939137
1248096168116195332
1248211959323013120
1248262410747678720
1248262518277132290
1248212567597735942
1248262755016204290
1248274855881039874
1248277736034045952
1248690984705286144
1248052005408563201
1248137391816216576
1248138468506718209
1248061812991541248
1248065986697334784
1248114298712399872
1248121112808095745
1248121681866039296
1248122728227446784
1248124420239036416
1248117049479647234
1248117887358861313
1248028329732694018
1248038753844760578
1248042257170735109
1248062403826327557
1248027627681656833
1248028085297053696
1248028370648039425
1248213746201300997
1248029570361626625
1248137730976030720
1248290543983042562
1248027975506956288
1248028295981080579
1248028732482359297
1248032292964052992
1248028213223272448
1248028553515618306
1248028756343693314
1248074947068678162
1248065284801429509
1248067952571748352
1248140263123488768
1248141624858771459
1248027514351628288
1248027646291836929
1248027667431067651
1248027797806866433
1248028233217572869
1248028287860977664
1248028571626606593
1248029466590404608
1248029666012692488
1248029793381163009
1248030034939576320
1248030203487694850
1248030245824933889
1248030432987426816
1248030614290382848
1248030864602279937
1248030911494590466
1248030968675479553
1248031602791329792
1248034034321686534
1248179815846498304
1248029123034918912
1248028737209237505
1248028922383605760
1248035519382110208
1248156671018500096
1248034192367157248
1248059140682985472
1248112241221697536
1248030017281503232
1248072578687799296
1248131573196763136
1248212518444634112
1248152961513070592
1248257690025033729
1248096043180470274
1248535222595072000
1248028912023744518
1248029191792201730
1248070977453461504
1248074479898673154
1248114164830277632
1248031028817596417
1248031123684429825
1248031576576966659
1248032084351950849
1248033347076571136
1248033511451344896
1248034393563836420
1248035401958293504
1248035672759382021
1248035891836223488
1248038697532035073
1248040235717582849
1248040579386179585
1248041460890570757
1248041700188205058
1248042026198843395
1248043683640999936
1248044034116988932
1248044221304578055
1248044746880278528
1248045547451277314
1248048004860465153
1248050745343164416
1248058689631793154
1248060326647607297
1248060455916109824
1248061341870575622
1248244978641297410
1248249916641574912
1248255906401472522
1248264655652478976
1248266661108559872
1248277792317464576
1248290665814994952
1248062311153176576
1248065425352646659
1248068190032232448
1248068736290037761
1248069585116545025
1248071479197151232
1248071711993606144
1248072125803573250
1248237730544435200
1248241453538689024
1248242228008542208
1248290789794480129
1248295514392666117
1248317877465370629
1248469391953412101
1248032066505248772
1248074413326598146
1248229493325598720
1248229773157052421
1248236548451119104
1248226759377588224
1248241293882507271
1248243831608205314
1248245423434682369
1248254200708038661
1248072821793841154
1248074552011378688
1248076617144033281
1248077739732750336
1248079745146859520
1248081904198471680
1248086488950153218
1248089932255711233
1248091001039790080
1248091580587823105
1248092003377782786
1248094371548999681
1248098297518141441
1248098499994038274
1248099501023297539
1248101712948342785
1248102281750380544
1248107755883331593
1248110446126784512
1248113202111668224
1248113655570464780
1248115595343781888
1248122518763982848
1248124708115152896
1248126953967796226
1248127006690234368
1248128765235998731
1248129215721091072
1248131754541662209
1248144017746874368
1248147338364956673
1248154701348179969
1248155099450552329
1248155546244562944
1248158792824619008
1248165792132325376
1248170662121930754
1248170794125086720
1248443879872958472
1248449753269940227
1248450508815138816
1248452600011210753
1248271603437314048
1248336620014776320
1248361610126581760
1248486071580540933
1248516481756905473
1248680993042640906
1248188612291813379
1248493346286227469
1250021962975522816
1248175909489782785
1248180855069171712
1248182974320959491
1248183346762518531
1248188509137051648
1248191244058099713
1248194695089528832
1248194816997052416
1248202833071083520
1248206940930482177
1248210624267632641
1248214036124221441
1248214369114210306
1248214657724231680
1248215360567992321
1248222686955831298
1248046052994879490
1248065482755911680
1248186830794772480
1248120716916129792
1248122301482242048
1248122548296069120
1248130053604626433
1248153992326262784
1248184139985162243
1248219925145169920
1248207786368000001
1248203025942040576
1248029608261357569
1248030693856288768
1248028066531729413
1248032013191430146
##1249075821039497216##
1249075821039497216
1249077295630954498
1249371235370373122
1249079539524931585
1249085140774633474
1249304741932400641
1249079074020089860
1249080955496812548
1249089269085474821
1249091367999062016
1249102078296768517
1249188378345693184
1249272874164199424
1249082319471869953
1249093198112325632
1249276627357491201
1249339990754168838
1249083948027740161
1249086667530686468
1249110107842949122
1249084665958486016
1249095412503511042
1249077708979658752
1249084684732116994
1249093716964511746
1249076406451154944
1249081681627287554
1249235070570958850
1249247109037142018
1249261010839572480
1249370773095145478
##1249835731285139457##
1249835731285139457
1249836948564463626
1249838453556158464
##1252728474239975424##
1252728472318939138
1252728474239975424
1252728475980640265
1252728477729665029
1252729646367547396
##1253307890129162241##
1253307890129162241
1253311603937882112
1253314562847375360
1253315460893831171
1253337451684179968
1253622197253521411
1253320576065695746
1253326721127813120
1253343458351333378
1253313694861275137
1253611286950293504
1253341712627441666
1253322181053788165
1253350361471082502
1253377415696519173
1253418541253971968
1253699556656713728
1254092306732417027
1253321876803170306
1253343854968832001
1253347692375412738
1253348997026250755
1253882669521387524
##1253648090562801665##
1253648090562801665
1253648799131594754
1253649626244116480
1253654537220562950
1253658280058028032
1253697111000068097
1253885464597221376
1253650313178951681
1253682193731330048
1253743129590730752
##1247565864267898880##
1247565864267898880
1247566001778155521
1247566037383593984
##1251596365718847488##
1251596365718847488
1251602593152929797
##1253050811002871809##
1253050811002871809
1253052220683235330
1253054215456423936
1253056541961437191
1253060793899327491
1253064451068133377
##1253052220683235330##
1253050811002871809
1253052220683235330
1253054215456423936
1253056541961437191
1253060793899327491
1253064451068133377
##1253061086645018626##
1253061086645018626
1253062444735442947
1253066141779574786
##1230920787349180418##
1230920787349180418
1230921865457229824
1230922065378762752
1230922267921715200
1230922416785960964
1230946755132436480
1231155685729148928
1230952418084556800
1231155724060893184
1230991862783193088
1231155618402181120
1231225263121403904
1230958009955897346
##1230944163362983937##
1230944163362983937
1230944929628725249
1230946053446406144
1230948428009570304
1230948855430230016
1230948981997555713
1230945332021866497
1230952993106911232
1230945805202317313
##1230948681031049217##
1230948681031049217
1231226315157778434
1231342686797467649
##1232008961764864005##
1232008961764864005
1232009122155057153
1232009665359351810
1232023920590630913
1232024259184164867
##1233506457049608198##
1233506457049608198
1233507615751262214
1233596876068458498
1233506931010088962
##1241861030868856832##
1241861030868856832
1241994016956317702
##1233110833170976769##
1233110833170976769
1237448442441609217
##1233467202701086721##
1233467202701086721
1233477140064165890
##1233515648501927936##
1233515648501927936
1233515911207931905
1233638502081990656
##1233521669169405953##
1233521669169405953
1233521884823740416
1233522760682549248
1233523820486647808
1233524147256512517
1233522093519667200
1233522229297766401
1233684804526362624
1233525858800893956
##1233533480476332039##
1233533480476332039
1233534112075567105
1233533826749562882
1233534051371376640
1233705499666845696
1233705967373647872
1233706073774854145
1233706222651682816
1233534083600408576
1233534286915133442
1233535011355340800
1233537559000682502
1233592316264427520
1233642667088715776
1233646259422011393
1233709425312927745
##1233534485213405184##
1233534485213405184
1233535480651812866
1233537437680447491
1233537963214155776
1233538312150843397
1233539076927709189
1233538698874163201
1233539907785777155
1233540717424906243
1233541279058972674
1233543442975920128
1233543670621757447
1233545106575233030
1233545280861229056
1233547182034292739
1233548501952364545
1233550830420332553
1233545587963912196
1233543797570785284
1233544755096801282
1233545088128647169
1233545352436998144
1233545006641819648
1233545204801658880
1233544050948673537
1233541026981302272
1233540188703461376
1233540325077143554
1233543258090987520
1233540788400918531
1233541530440232960
1233542359687794691
1233540751927267328
1233543509828866048
1233536899819675648
1233537341316304899
1233537720192045057
1233538920413048832
1233586229641404416
1233648143058817024
1233535015587340297
1233535240716652544
##1233841653208752135##
1233555500551299073
1233578827504345088
1233741610422280194
1233692604698521600
1233629377662943232
1233737733216120832
1234114768593616904
1233692091638861824
1233571614115147779
1233587668384088064
1233678026476572672
1233588278823182336
1233670177474129920
1233678110018736128
1238545346588028929
1233683672504688641
1233600358989148162
1233633003282321409
1233667880849461249
1233667221219573760
1233802770173526016
1233975198120120321
1233560209236336640
1234050520391847941
1233557196576825345
1233727791075614721
1233560669548634114
1233561951604822017
1233570402850525184
1233804219964104705
1233614804411129857
1233684041800593409
1233588212553134081
1233638703085518859
1234164138802372612
1233911786488942598
1233569723272646662
1233652016628617217
1233656651133177856
1233583471857217536
1238634086631198722
1233562795427401735
1233571122211409920
1233752165551919107
1233568619965173760
1233685208945262592
1233691111929131009
1233636924868435968
1233714109193031681
1233747696982380546
1233768195590365184
1233768550432673794
1233563270721789953
1233684433972146177
1233626708915425281
1233747388352880641
1233555885273833472
1233558561596346368
1233613501962301440
1233651383233957888
1233746487584206854
1233564345919037440
1233568273851199491
1233650089928863744
1233567396855767041
1238544053479899143
1238545388845621249
1233565979055136770
1233700090105257989
1233766834727538688
1233768785250746369
1233783175555493889
1233785337127763969
1233963392706260992
1233990220745326592
1234155019915665408
1233964600149843968
1234060865416126469
1234310771703762944
1233556610687127552
1233678947394736128
1233695136435113984
1233745222951194624
1233778691156717569
1233823139261538307
1233976832401330177
1233557676950458368
1233904347043573762
1233556138232250368
1233557937332916225
1233560757029216258
1233603865062322178
1233621103114883073
1233691838067937280
1233779222226882560
1233869265893314561
1233556154552389632
1233556197107752963
1233558646694580232
1233587557641924613
1233587592492396545
1233592698545868800
1233597037653917697
1233618196139315200
1233631286650195969
1233642827587801088
1233663169370951680
1233754434620051456
1233759701164347394
1233767631309672449
1233804538819358720
1233834726089252864
1233837880176451584
1233838524530601985
1233559507671842816
1233561569784668160
1233879902488866817
1238967145557643265
1233560065480761345
1233854591164391424
1233855487680094214
1234253181204549635
1234268093825851393
1234268294036762625
1233689986781917184
1233697930843951104
1233709528157425665
1233715371447848960
1233726131574054912
1233728012669136897
1233728225911676928
1233728467537219585
1233730977744277506
1233731538862444545
1233737519461814273
1233748526032728064
1233752423442911233
1233752674379718660
1233756662370095104
1233757511494389760
1233773050782502912
1233791644048203776
1233907445522665472
1233753020858499072
1233757188331638785
1233757851811745793
1233773438050979840
1233791290963382272
1233905090047680512
1234013579742834688
1234014023147905029
1234056467826778113
1234538366382813185
1234549354842685448
1234550537682587653
1234714229191643142
1234714662387802112
1233775162987892739
1233790812602937345
1233906044138672130
1234013068025139202
1234054866475065344
1234055122885521408
1233749230986108929
1233728507542474752
1233584974667943941
1233863034134843392
1233938540968521728
1233578477556830209
1233579819251781632
1233556269912465409
1233567727052300288
1233588552610480128
1233558400899915776
1233618507704815617
1233611475807342592
1236736389410181120
1238544940998721537
1238547834351366147
1238838995259469830
1233570248835653632
1233557447765303296
1233595003789811714
1233890522495901696
1233892828125724673
1233562547481141249
1233884915265130496
1233835991783428101
1233905697206808576
1234068940076220421
1234074806078857216
1234282781380874242
1233556622129221633
1233557261852778498
1233557419306909697
1233557597371936769
1233561695026634752
1235458575029460997
1233558541262315521
1238626751024173058
1238764445888897026
1234960147925131270
1235189735225790466
1235347907861241861
1235389513893060608
1235580437587623941
1235580742618542083
1233587734280839168
1233590446254968833
1233598323862507520
1233599060411588608
1233599076735868934
1233601306872381440
1233604014115360769
1233626825693310976
1233628291183017984
1233630011523031040
1233587470677266434
1233562942211268609
1233630216666390528
1233634254262808576
1233643430695313408
1233643502971629568
1233655998780407808
1233660130849243136
1233663546216636416
1233665668177854464
1233666160064897024
1233670909820534785
1233671620516077568
1233672207274061824
1233672207634771968
1233675233749602306
1233679073316102146
1233687593444769792
1233687960110891008
1233703418847514624
1233705012364222464
1234873727642411010
1234952520075796480
1235967622577090561
1237043429827379200
1251057819023020032
1233822119928246272
1233841653208752135
##1233855149753368580##
1233855149753368580
1234115090007363586
1234127854499180545
1233881586896162816
1234177261093498882
##1234587829906350081##
1234587829906350081
1234897857544671233
1234919697218449411
1234927625564495878
1234930124753133568
