##1251131912485298176##
1251131912485298176
1251435158818951169
1251440067677216771
1251442584360271878
1251444470417174528
1251458802064535553
1251442209947353088
1251560298651279362
1251570790891425797
1251571192261156864
1251572229206421510
1252902965146529792
##1251229395915857924##
1251229395915857924
1251400881263783936
1251401639736610817
1251402386142347276
1252895363901657088
1252898755411673088
1251248457295241216
##1251271181434523648##
1251268417962860547
1251271181434523648
1251271600890097666
1251272059008811010
1251272806245052417
1251273331795529729
1251272480028753920
1251298215384748037
1251268890744807425
1251269886443229186
1251271152711991301
1251271311420264454
1251299292519817216
##1251281303405764611##
1251281303405764611
1251292190246162440
1251294351629725696
##1251283169762041866##
1251283169762041866
1251410971513565184
1251523253723676675
1251296398953365504
1251561294618034177
1251476255297409025
1251660400770330627
1252181015029780480
1252215453658877960
1251711719107375106
1251405606319259653
1251436186448670721
1251465420181307398
1251565517036544000
1251539769596825601
1251592555378196485
1251592865962172417
1251292448896286720
1251518612080386048
1251303692722208768
1251302825763704832
1251380803407396870
1251402301287419904
1251409704250740736
1251444730791170048
1251526317981470721
1251540312943714306
1251766302353567744
1251455205767512065
1251467269558976515
1251288432820858882
1251637725738008577
1251334855234916358
1251413021873917953
1251398314672693248
1251497877966336003
1251290423739457536
1251312598496264192
##1251435158818951169##
1251131912485298176
1251435158818951169
1251440067677216771
1251442584360271878
1251444470417174528
1251458802064535553
1251442209947353088
1251560298651279362
1251570790891425797
1251571192261156864
1251572229206421510
1252902965146529792
##1251437475949576196##
1251437475949576196
1251559022777565184
1251568298992508928
1251695078235660289
1251884659769782273
1251548051623284743
1251568634524250112
1251575984165396480
1251466451980095489
1251457812309463041
1251484798654328833
1251470780631863297
1251472315533197312
1251751697002659843
1251508647521329152
##1251548051623284743##
1251437475949576196
1251559022777565184
1251568298992508928
1251695078235660289
1251884659769782273
1251548051623284743
1251568634524250112
1251575984165396480
1251466451980095489
1251457812309463041
1251484798654328833
1251470780631863297
1251472315533197312
1251751697002659843
1251508647521329152
##1251654120513122305##
1251654120513122305
1251654982442668032
1251659111219027968
1251661926482001930
1251662360940552192
1251663308207394826
1251805951377592320
##1251922549304365060##
1251922549304365060
1251923526505893889
1252139663885828101
##1252588493982793728##
1252588493982793728
1252588495694069760
##1254493571568283648##
1254493571568283648
1254494099534741504
1254496377780011008
1254498031677911041
