##1231930447883620352##
1231930447883620352
1231930675982454784
1231930719393517568
1231931330511896576
1231932650044166145
1232065066020855811
1232065223768539136
1231973407731912713
1231974133585543168
1231939027907031043
1231939138192072705
1231939256874131456
1231944254206947328
1231954077359185922
1232044399577661440
1232047094044688387
1231950053784289282
1231952595750617089
##1240361018917883904##
1240361018917883904
1240361596557426688
1240361981196021768
1240426023860211712
1240363067965390849
##1240562387717160962##
1240562387717160962
1240580449140985856
1240617257295917056
1240980075245383682
1240906930757013504
##1244685926233759745##
1244685926233759745
1244687983149793283
##1247950332447129606##
1247950332447129606
1247953407891079169
1247963693301796865
1248218349965901825
1247977841523916800
1247995352436932609
##1235277867744976896##
1235277867744976896
1235278494797631489
1235281282340392960
1235283352573313031
1235283819168698368
1235291652580945921
1235466101544361984
1235314338744893442
1235465492233474048
1235329511190941697
1235465537129459712
1235298139147579392
1235466041733435392
1235278434407985153
1235280931809890306
1235279233515212800
1235280996330876929
1235465992710520833
1235285982708207618
1235308925760802822
1235465910023884800
1235309211774603265
1235465878365507584
1235310088459612163
1235575026948202503
1235576103743492096
##1236758978371215361##
1236758978371215361
1237279650965061638
1237205547520102400
1237249168831324160
1244248561728045057
1237023622176346113
1244297628608856069
1238007191824629760
1236889961552642050
1236924158786887680
1237063573278523393
1237085684097310720
1244530445183782912
1238008980552724481
1244232567680839680
1244240124205989888
1244338464444874752
1244241497320538112
1244261855155105792
1244276320491712513
1244281485097603073
1244291864536244231
1244292868291932164
1244304440213098496
1244534529311690752
1244321730631434242
1244325162587217927
1244396571644563456
1244420485653331968
1244542625073553414
1244598300558442505
1244609051775733760
1244637628017893377
1237035289849274370
1237037669445754882
1237038126171918336
1237060236315373569
1237038241695612928
1237097167178825733
1244320150935031808
1244437785773211649
1238004269913190400
1238025001766391808
1238070329014091777
1237057637335871488
1237375406480687104
1244241913152262149
1237090008705753088
1244644924664012805
1237819738291666946
1237991418997747712
1237014454530977793
1237058100928151554
1237061133552488452
1237082718212624384
1239367992611426306
1244232339967758336
1244240708908826625
1244243574662758400
1244245014676471809
1244258222892036098
1244266664063045635
1244304473813659650
1244313360159641600
1244345779311050752
1244389985022873602
1244617473510584322
1244644667096027136
1244880485005905920
1244243986140856320
1244530042098638848
1237023187835195392
##1236787151901208577##
1236787151901208577
1236788206718181376
1236791039119241220
##1237004829240840192##
1237004829240840192
1237007712736641024
1237030881744900097
##1237254296086904837##
1237254296086904837
1237256100325609472
1237290516963889152
1237383023420678149
1237388003598667777
1237320864401629184
1237274384533991424
##1237345913296871424##
1237345913296871424
1237346578874142720
1237346688043450368
1237347143817531394
1237347510156484610
1237348025221230592
1237346797439377416
1237346970672529410
1237347063979008000
1237348196009066497
1237349291309576197
1237346788262248450
1237387701499944960
1237408847352016896
1237619888182702081
1237351607161028608
1237358409634263040
1237359047323480064
1237368601046368258
1237385793577967619
1237396692762333185
1237399014263459848
1237454562820325376
1237456616762552321
1237463329918136321
1237508659065679872
1237515362763067393
1237536094683463680
1237640682669584384
1237412990133116928
1237381266154106883
1237404497523113984
1237353109757685760
1237412038026149898
1237515608503148544
1237519570472058880
1237615318350118912
##1237829761281462272##
1237829761281462272
1237866899477647368
1237953888717807616
##1238308722729988097##
1238283638631997440
1238287704565129219
1238468326717894661
1238285248691085313
1238299665038290944
1238308722729988097
1238465620976504834
1239222037312397316
1238284783035322370
1238316831330439171
1238404304081424385
1238422445247340544
1238422558657130496
1238449317582602240
1238462029817618433
1239074253196140544
1240296998764412934
1238366031099367427
1238372385742557184
1238429603166855170
1238492738527559681
1238287926263517184
1238293168023453696
1238355699639496704
##1238964374859022337##
1238964374859022337
1238964965723328513
1239109717613568001
