##1233396823764668416##
1233135578012684288
1233396823764668416
##1224544709508583424##
1224544709508583424
1224563008598413312
1224588274267717633
1224593355197370369
##1224544737824210945##
1224543098602045444
1224544737824210945
##1224544806124294148##
1224541859613216770
1224544806124294148
1224553196875649024
##1224616037292945408##
1224614898157719558
1224616037292945408
1224616776702550017
1224652993619988480
1224615451520577537
##1224616120725975040##
1224613471813361664
1224616120725975040
##1224616508048990208##
1224606400258560000
1224616508048990208
##1240030553606434821##
1240030553606434821
1240166114136674304
1240175798272831489
1240049358223089667
1240175318599688192
1240379097349591045
1240385496649474048
1240385765034598404
1240381312202137601
1240381602246598659
1240385402952974339
1240031325123489797
##1239187101926727680##
1239187101926727680
1239187849221681152
1239188002599063553
1239188860069982209
1239189559407251457
1239197868659007488
1239193090570756096
1239197693114822656
1239220713099329541
1239660203777368068
1239898485119488001
1240021877046816770
1239187598784020482
1239187892091617280
1239188836799975425
1239190197901955074
1239190482909102080
1239190676446810112
1239190499069739009
1239658872228511745
1239663552933306368
1240316197939433473
1240527632791470080
1240718476408315905
##1238803773788733440##
1238803773788733440
1238852292750778368
1238877008127459329
##1246197664481411073##
1245999763398578177
1246042940117602306
1246095660585279492
1246102170287702016
1246000945865129984
1246082993845870601
1246031997883101185
1246002664447639553
1246095563604602880
1246791613273300992
1246027405472514053
1246077682657439744
1246962137421025287
1246000933554794496
1246201577649700864
1246009454073655297
1246187165836611586
1246004060815269889
1246007402840948736
1246019985501192192
1246029621914750977
1246036382621085698
1246043022707523589
1246097942097858561
1246216890768404480
1246777590880309248
1246817965288370178
1247191042274865152
1246002956568330240
1246009434385592320
1246012610379689987
1246014425481478144
1246019869436530693
1246035122153029632
1246050526585856006
1246063308232425472
1246004272057237504
1246022343627100161
1246006517175910400
1246189122101882883
1246195683117412352
1247096779004358661
1247124966560104448
1247137385684533248
1246022657423835143
1246017990513938432
1247187845271425024
1246065072281202688
1246065918301442049
1246074289024950272
1246086813971812352
1246093415441408001
1246093618475159554
1246095182019399680
1246137648764325889
1246144406450835463
1246149053169238021
1246182039512104961
1246208747241910272
1246346668448059393
1246365639666741249
1246378300735438848
1246483918888620032
1246501541135241216
1247016734894284800
1247031604393869313
1247062501440839680
1247103574888366080
1247080546364198913
1247176244564766720
1247187174711271424
1247216262167617542
1247346492429479936
1246964025734434825
1246963201172017155
1246964117463851011
1247627787776724996
1249068015238471683
1246197664481411073
##1238222129105178626##
1238222129105178626
1238281356544823296
1238341638109495296
1239170200509067265
1238627206114541569
1238622167450947584
1238748558125338624
1238887962697482241
1238815375862697986
1238755625280077826
1238524230909808641
1238749858648875009
1238760846194597888
1238797205533863936
1238644585041137664
1238792889150443520
1239606025830961152
1238520480174235648
1238537271994916864
1238651044017704963
1239986102309699585
1238519731268849664
1239454696483491840
1238746016410673152
1238801447552274434
1238807407297527808
1238746726791630848
1238746789265772544
1238756033109114880
1238756844031610880
1238825730236207107
1238266568116764672
1238267470865195016
1238271288885551107
1239209021577539585
1239209543764148227
1238711193688293376
1238722621371449344
1238934836397694976
1239236453906907136
1238803906530103296
1238534703550009344
1238763919038132225
1238970544676057089
1238970757952278529
1238970957773058048
1238925705418878976
1238941382070407168
1238944057671516162
1239126582859620352
1239052618690953216
1239061336962654209
1239095787293900801
1238964620586516488
1238926782042198016
1238947693680001033
1238927798422638592
1238967188578500612
1238254579722092544
1238418757908860931
1238270410820661253
1238288041548156930
1239320949922631682
1238302694206513152
1238274126223155202
1238883760491331585
1238888402856148994
1238306774291304451
1238809722398158849
1238998078885150720
1238879060484382720
1238269466028408833
1238412868753727491
1238566151640297472
1238896885986975746
1239741852376498177
1238342553000464384
1238468909235396610
1238474730312593410
1238751185076617216
1238462556332834821
1238676267656007680
1238727193167044608
1238764433129771008
1238293978828677120
1238501156822962177
1238690966468464640
1238732068017897475
1238753019447164928
1238754271912484864
1238760972560596992
1238773063413628928
1238805688274563074
1238913579954450437
1239506725121724418
1239926280222650374
1240028486561148930
1240755179902971904
1238292804306112518
1238297914138648576
1238305213418803204
1238319077430628357
1238368200032690176
1238383484630192128
1238416744781406209
1238434378168098817
1238459631430766592
1238465889080672256
1238303835212447745
1238477600323964928
1238478000875700224
1238486119832072201
1238490356724969472
1238491815512334338
1238303965609111552
1238400771785478149
1238508435227971584
1238509920456237057
1238514059521163267
1238535971706109952
1238559492364779522
1238597537889648643
1238711840621895680
1238716844103565313
1238475262544744448
1238383424269889537
1238480223567589381
1238536295166640129
1238536980708954112
1238537246552268800
1238345853347270656
1238349901861453824
1238473823445450754
1238731251835719680
1238742506780622848
1238743054888185857
1238743375492284416
1239103151120277510
1238746700908507138
1238750868134117377
1238751375896518659
1238753494624018435
1238755133875523584
1238757887398367232
1238758886905085952
1238768849497006083
1238778514465226752
1238819519617019905
1238832317629640709
1238838238879649793
1238846108174032899
1238905999907524608
1238937201796317184
1238962896303988737
1239036027291021312
1239036107792224261
1239124548144050176
1239190712186527744
1239317501718167553
1239330531982049281
1239335275576295424
1239339346953752577
1239496384887369730
1239512698993418240
1239600682040283143
1239816301700419584
1240537823096291328
1240543412736217088
1238288902240325639
1238288029527277569
1238304170479943680
1238281548731944960
1238290250172182528
1238320080167014402
1238304242609410048
1238615486121816064
1238265897334329347
1238266124673921025
1238277285674967040
1238272755231006721
1238278245184921600
1238269518079721477
1238287277920567299
1238350306926366720
1238302291431735296
1238260766609989632
1238263529226018816
1238652021743456257
1238369555703107584
1238461915053142018
1238503025175650308
1238507520798478338
1238752647596978176
1239154221116796929
1238555757517438978
1238298806443180033
1238385882211762176
1238474105327935488
1238607071525965824
1238744359476092928
1239502640049991680
1238325336741416960
1238282692988370945
1238298255529779200
1238300553513492480
1238334806909431808
1238342426282074112
1238346456886661126
1238364916005908480
1238403372027392002
1238469504537112576
1238475212766752768
1238491724378505218
1238283494041755649
1238270496967450630
1238273453658169344
1238457732828717057
1238266429046247430
1238288521980448768
1238499155049435138
1238505090660610056
1238513087579410434
1238531246134824960
1238535178286444544
1238543770569801728
1238550224957845505
1238570961731031041
1238574420123418626
1238577535899906048
1238579917257945088
1238610204268339200
1238658225899216896
1238658808475537408
1238687442594643968
1238706778680045568
1238709196289441792
1238716284470255622
1238723875409743872
1238745860550332417
1238271202243862528
1240028767831064576
1240441403429343234
1238518933549973505
1238533439021813765
1238534524943904774
1238534685845852161
1238534883326205957
1238535085944713217
1238286119093100546
##1239046417945178113##
1239046417945178113
1239083062866128897
##1238595890576793608##
1238545977797160961
1238547073273933825
1238547586761572354
1238554116361723905
1238562335268016128
1238595890576793608
1238602140316205058
##1238598789486821384##
1238598789486821384
1238598886173945857
1238598990683308032
1238599053321134080
1238599089333428224
1238599241808990208
1238599273807335427
1238599736061550610
1238600808146571266
1238601115043803137
1238602799727984647
1238604228874194946
1238736847553126401
1238887026872717312
##1238875645863759874##
1238875645863759874
1239675289367609350
##1239335785473683457##
1239335785473683457
1239345204890611717
1239345641236713472
1239345926399037441
1239346106993127426
1239346326808211456
1239345414551285767
1239337790766231557
1239339113054121984
1239339163150962688
1239339740056428545
1239337315333484544
1239337162539257857
1239336793427841024
1239339893966413824
1239336615320997893
1239339937759211521
1239340302286172160
1239344639959760899
1239344808361148417
1239344882654818305
1239345032869658631
1239345121386205184
1239341091733876737
##1239996910418776064##
1239996665978912768
1240002781450244098
1240013461549199366
1240066279299584001
1240936356844535808
1240040230431981576
1240936183569494016
1240003139291447297
1240006335577632769
1239996936469520391
1239997379874619392
1239997868246798337
1240001999132819456
1239997276765863937
1246980974988201985
1240319076578267139
1240108579929063426
1239996872355389442
1239997393241698304
1239997991320158211
1240213489253339136
1240031707824259074
1240147379036307456
1239997180804567043
1240001858955030530
1240026671073419267
1240096723000754179
1239996774573658116
1239996780567240707
1239996786237943808
1239996826822066180
1239996895625465859
1239996932090707973
1239996970221154304
1240001697931497477
1240004616122781696
1240079654045843456
1240239376908632065
1239996952269541381
1239997068166529025
1239997314774769664
1239997419636625408
1242186193518936064
1242220217222168581
1241790831381696513
1242056250885648392
1242070995600539649
1242579071143460864
1242584007239499783
1242589913402372098
1239997518278201344
1239997699983802368
1239997728500875264
1239997735291551746
1239997774088884227
1239998175890608128
1239998602514063360
1239998612429516800
1240001466527612928
1240001598174216204
1240001714738155527
1240002011489284096
1240002058381602816
1240002455271858177
1240006558555295752
1240006730534342658
1240007823565651969
1240008112985255936
1240008445098590208
1240011015842140160
1240012447982989312
1240033317124280321
1240041605719044097
1240045666136657920
1240047746637234182
1240083636696887310
1239996962558050312
1239997011266543622
1239997029348237312
1239997039213240320
1239997048625168384
1239997053603844098
1239997087087034368
1239997104229146625
1239997137351565320
1239997141147439105
1239997157433843714
1239997191042805761
1239997195333570560
1239997220528590848
1239997221824876549
1239997301898305537
1239997311473856514
1239997373167927296
1239997373780316169
1239997374468182017
1239997381657219074
1239997519792349185
1239997675078107149
1239999357719646211
1239999524350935041
1240000917098897408
1240010189253873664
1240010293440319488
1240011614771953664
1240019564907413506
1240023019063586823
1240028487957741570
1240042091176235009
1240046239456075782
1240046443534172160
1240046631417978883
1240046870174609408
1240047090723688448
1240048076674551814
1240049408676429825
1240069555554312195
1240071005432938498
1240083231355133953
1240105582570455041
1240105685016367107
1240115363712466951
1240123778564329475
1240132119432777734
1240146161698250757
1240154598519853056
1240157771858878464
1240158897417203712
1240160640364314625
1240172447325978624
1240186904429166593
1240195391401930753
1240202753521192962
1240204450121289729
1240210005032402951
1240214264859758592
1240221096307314688
1240222548912209920
1240223980981813248
1240248259563716610
1240251786306428928
1240252387677306880
1240253355143974913
1240254928989421573
1240255324696739841
1240266560918499328
1240329474685784066
1240337645600944128
1240340681467531267
1240357563306295298
1240358230460694530
1240360083491602433
1240361108810145797
1240361267338117125
1240370914182782981
1240371191434674181
1240377827830235137
1240379391450009600
1240380631630127111
1240381455647285250
1240384830573105157
1240386274005004289
1240614966153052160
1240662654542364672
1240714732270649344
1240720145540173824
1240753210052263938
1239997686067200000
1239997722670891009
1239997762575437825
1239997867672113154
1239997876580876296
1240945532425703425
1240947374429798400
1240985009126887425
1241014590584094721
1241017699553214465
1241038666874707968
1241042941709254657
1241078326313332736
1241080925091516416
1240817359734149120
1240835211686039553
1240874933485518849
1240883523403296769
1240894195902095363
1240898940876144641
1240927612459012097
1240929618607124480
1240935423439974401
1241098045585940480
1239997985406291968
1239998063969816577
1239998130675949568
1239998162447872001
1239998166226874370
1239998191426244608
1239998345776693253
1239998404287225857
1239998425036460034
1239998440513441793
1239996910418776064
1240221801495527424
##1245071668416000002##
1245071668416000002
1245073645111840774
##1238887659247996930##
1238887659247996930
1239403293228650496
##1238918959967227906##
1238918959967227906
1238920181985968130
1238922366010503171
1238924545639305223
1238925790164721664
1238926409097150464
1239157404291473408
1239160073743732737
##1238955174569402368##
1238955174569402368
1238956923065638917
1238960805325860864
1239031159058726915
1239098327893004288
1239084450350325760
1239098510391349248
1239095395080380416
1239098548504809473
1238955721800257537
1238956698267791361
##1239066863658770432##
1239066863658770432
1239067786774708224
##1239606466140610560##
1239606466140610560
1239623638900453378
##1239836273558388736##
1239836273558388736
1240055439829741568
##1239893464017494016##
1239893464017494016
1239908156639252481
##1240016127595601920##
1240016127595601920
1240021613833342976
1240021836013932545
1240022224515616770
1240227198595932161
1240122777883029508
1240792714448384005
1240952625304154112
1241031030070489088
1241045873007747072
1240040459331928071
1240226590103126028
1240129701584220163
1240226883205242881
1240042598804275200
1240226656712785920
1240021473370214400
1240021648524414978
1240026389778178053
1240227043343728641
1240026932508581888
1240226753747939328
1240030130778636303
1240226270392311809
1240053693048918023
1240226471756562432
1240119649733414913
1240226336406409217
1240179555199057920
1240227012230426624
1240191998755209217
1240226784349769731
1240198415482568704
1240226942202318848
1240240870764482560
1240244791541207044
1240017321189613569
1240034635414896645
1240226391263776768
1240212198565306371
1240226848870711296
1240016589984010240
1240017292630675458
1240017612454625282
1240044422802399232
1240226706205655041
1240247264376958976
1240248517031067648
1240046575415693314
1240021285951987713
1240021607336247297
1240021756993249282
1240024614987849733
1240226546243325952
1240228356630761473
1240483954211393537
1240597901115568128
1251919991902892033
1240595068295286784
##1245257569368768513##
1245257569368768513
1245321307966836740
##1230983032720375809##
1230983032720375809
1231503648846499840
##1231119545458417664##
1231119545458417664
1231120306728833024
1231183564798124034
1231184826318884865
1231121483793096704
1231121564277628929
1231120243432546305
1231180893248684032
##1238671407300698112##
1238509092173500418
1238515427229253638
1238516292887416837
1238823201486110722
1238824194546204675
1238624126316806144
1238756162872500224
1238514755842826246
1238526147849306113
1238512450040889346
1238515546678796290
1238517743986622469
1238517915093172225
1238529995120746498
1238586783660675072
1238510595718156288
1238512798927290368
1238515267287822345
1238516494478331904
1238526587571666946
1238712317262663682
1239206474880110594
1238513660466733062
1238516398768492546
1238517130309644294
1238526160868442116
1238556682688638977
1238558060907462668
1238512313201762311
1238513049646047234
1238513301300150273
1238514194842083328
1238514523000180739
1238517476519968769
1238521307664470016
1238523501725855745
1238525154973679618
1238527038774001665
1238529216280514560
1238529996244819975
1238535150994145284
1238537337023401985
1238553202917769223
1238560905773879301
1238561373841510402
1238561521602572290
1238561776356261888
1238584371919106052
1238598571211001856
1238599958271582210
1238610877584211971
1238625497992638464
1238639784110755843
1238715310229934081
1238746452161114112
1238749458566971392
1238750000861057024
1238763934406127617
1238796424193675264
1238797423553785856
1238801990324543488
1238813133881446403
1238925056262184962
1238953569342164994
1239098914709569536
1239130459306688512
1239355917344354304
1238509319303372801
1238546409785352192
1238698280248377345
1238704563923845120
1238725526921138177
1238750105773256704
1238534633505128456
1238512414943035393
1238561407353970688
1238513473644085252
1238580210771152898
1238511363800141827
1238514923384254464
1238517235439853569
1238544745472962563
1238607829952585729
1239596818717192194
1238513757527121920
1238544148895911936
1238580862318530560
1238580906471968769
1238581434698399745
1238582008940503040
1238591887910604802
1238616422919606272
1238671407300698112
1238716423695937541
1238696492539482112
1238725525813825537
1238732344468688897
1238771850144092162
1238816384194424834
1238869119237345281
1238923544895148032
1239034174985646080
1239045952431939584
1239166783896109057
1239338417592426496
1239721227553513473
1239933292364935169
1238581886198452226
1238641859301425152
1238652062872764416
1238524966930386944
1238513299890876418
1238724234630832129
1238632019141287939
1238513711314358275
##1238680842702065664##
1238565398540402688
1238567264540033024
1238574309980979200
1238585098347393024
1239061100433416193
1238680842702065664
1238754540935094274
##1238767981930389504##
1238767981930389504
1238797202899828736
##1247025965877919745##
1247025965877919745
1248099797787164674
1248200969902530560
##1238725388660064256##
1238701579286478848
1238701972884160515
1238725388660064256
1238774805249261568
1238786760294969345
1238815247659663360
1238705262330023936
1238738280180572160
##1238754975246884865##
1238754975246884865
1238755001314488321
##1239336647176663046##
1239336647176663046
1239339205467095040
1239647191112781826
1239337010122424321
1239648913914769410
1242067173381734402
1239488756681302016
1239421529588465667
1239451738064764928
1239452577571508225
1239463874514092032
1239495906510151681
1240570570993029120
1239517056229392385
1239700839243100162
1239463029789593600
1239504087277875200
1239509172955361284
1239542954857029632
1239552833025966081
1239553732251131907
1239571394695921664
1239574808368726016
1239657489395855361
1239771542579564544
1239873810960207872
1239540078013276161
1239547139946143749
1239693754069585920
1239338171550314499
1239441655972970497
1239483223010357249
1239488802072203264
##1240279237061378048##
1240279237061378048
1240279243290030084
##1223227646173237249##
1223227646173237249
1223227648375230465
##1223943865645830145##
1223943865645830145
1223983496928145408
##1223954614254481413##
1223954614254481413
1224285850126688256
##1223987214482333696##
1223987214482333696
1223991072445157377
##1224616249717612544##
1224616249717612544
1224616294479290368
1224616656695169024
1224679271412617216
##1231136680016588802##
1231136680016588802
1231136741114990593
##1231573940881051654##
1231573940881051654
1231574159156604928
1231574721101254656
1231632573446676480
##1231664943101042689##
1231664943101042689
1231666043736772609
1231665660964544512
1231670511874297857
##1231903299214946304##
1231903299214946304
1231903845233631233
1231915757874884608
1231916233399898115
1231916876625829888
1231916984633262080
##1232033407758196737##
1232004071059607555
1232028502045622275
1232054389986209792
1232038943383867392
1232040183278833665
1249822202423398400
1249826302976315396
1249827856294838272
1249826673157197828
1249826300539351041
1249823241482448896
1249824193216217089
1249825173970259969
1249825419152498689
1232034608696430599
1232444918179610626
1232428644561190923
1249823803066200066
1232238846823280640
1236798030885597184
1236798934279995392
1232029205883445249
1232030255789019138
1232040042308214784
1232239165896634370
1232052259057475584
1232030542008324101
1232005293028016128
1232006077094531073
1232007571784990721
1232088009320882176
1232024877936381958
1232021672976355328
1232069111762575363
1232004913141559296
1232235270080040961
1232096679479910401
1232026252686626816
1232023382251757569
1232014235183521792
1232171522170785793
1232042889741467650
1232047346827120641
1232047694417465345
1232071859329478656
1232162809296846848
1232014314657153031
1232014703263612931
1232262337706577921
1232030054483398663
1232877710822838272
1232229446356213765
1232004160746409984
1232004410341036032
1232004721151488005
1232009659487326209
1232005569529208832
1232006069469220864
1232017878502846472
1232017935830568961
1232029267149688833
1232030426182668288
1232032199148548097
1232031602919845888
1232042608538587140
1232049642969468929
1232054755616227328
1232055420560211968
1232063981034102784
1232005179727327233
1232017060194127873
1232020297638871041
1232026893186191360
1232007579280269312
1232034138405863433
1232030968007053312
1232168202618200069
1232005094369112066
1232030757964713991
1232015300486406144
1232878245575610373
1232004443299893252
1232011135366451200
1232013771872358400
1232015407588003846
1232017767395659779
1232346066076479488
1232066203163729920
1232069213872959490
1232075498693578753
1232075693175005191
1232095088303583232
1232101851094552577
1232105492715069440
1232123019826356224
1232211880720175104
1232229328504676352
1232233184911339525
1232240003935113217
1232258409564643329
1232267352110174209
1232285647546785793
1232297058737876994
1232298893137805312
1232304539878948865
1232308297933434880
1232313246180368384
1232343912314015744
1232348274658598913
1232363428926369793
1232403546424987649
1232407727521050625
1232411329429938178
1232657917901508613
1232359867417010177
1232006125161189380
1232004368704122887
1232005493645770758
1232026532392075265
1232029989605924866
1232033407758196737
1232035258318630912
1232040513274089472
1232055619340861440
1232062202875645957
1232075641375412230
1232098539192320000
1232203916995108864
1232262820030484482
1232290178397544448
1232365928349913088
1233059168216547328
1232011332414824449
1232133427152982016
1232037280644202496
1232038090430173199
1232045599186464773
1232015434947362817
1232041148732051462
1232044615827632130
1232049110171242496
1232073235606515712
1232093324539985922
1232877063733940224
1232007294914789376
##1232058803648106496##
1232058803648106496
1232059744250212352
##1232804299408891904##
1232597838619607040
1232708143156809729
1232712070841470977
1232730958392107008
1232709537855156226
1232708655256043521
1232752638036520960
1232982127563636737
1232709701957300224
1232625407842713601
1232728112728768518
1232720931761594368
1232660297233633280
1232975945755168771
1232977160954171393
1233456288295768069
1233476828901335042
1233183525421096960
1233340936282832896
1233361774856036353
1233362821322362880
1233388588131332097
1233389041665683457
1233389187489026049
1233363647583473666
1233334625113694208
1233335147329675264
1233335502092283904
1233336030515863553
1233336469982449665
1233338013100494848
1233338760932229120
1233338991228919808
1233340196646727681
1233340386799738880
1233340700873363458
1232663634100334592
1232939539615842306
1232730100409491457
1232731679258791939
1232753388670144512
1232754954525380613
1232599092133584896
1232642157011439618
1232663533814472704
1233364467397939201
1232680314193022981
1232681477722329089
1232683140528902153
1232685747012034560
1232903108390457349
1232686468948250625
1232628147927035904
1232669778306879488
1232702443542241281
1232716681304313858
1232756761947451395
1233853472816148480
1232615335318212608
1232874212278362115
1232670828254449665
1232671458867937281
1232671675998703617
1232705417144414215
1232882921083678720
1232903392512692224
1232757271266037762
1232634214903943168
1232645320468828161
1232666265786994688
1232642078410190848
1233067361365823490
1232773590904451072
1232805066798751744
1232805355962458119
1232806122039521280
1232806349488164866
1232807119390494721
1232807605745201153
1232808624126353409
1232809650891952128
1232809997156986887
1232810436254408705
1232810768883691521
1232811164427571200
1233338240268210176
1232811730478288899
1232804299408891904
##1233704525652987904##
1233704525652987904
1233755034275504128
1233765899930415105
1233706024541908992
1233758508316856320
1233761327870566400
1233705331915620352
1233755513000775680
##1234226440259932160##
1234225581098782721
1234226440259932160
1234230946012049408
1234232749445263361
1234234010819276800
1234226435038023681
1234231464662884352
1234294845335887872
1234315075630096387
1234606456734994432
1235594625932460033
1234315337191100420
##1239392185008652288##
1239392185008652288
1239439960874323968
1239393514426941440
1239395222829891585
1239482128691322881
##1239632634046754817##
1239632634046754817
1239860440584388609
1239640436857360385
1239890364733014017
##1239646246064852993##
1239646246064852993
1239992261146038272
##1240398744480296960##
1240398744480296960
1240399076463697921
1240399867190673409
1240403471079178242
1240404864351588352
1240405681896919043
1240406071958745088
1240407611595464706
1240408088483692546
1240409039718232064
1240407936129798144
1240400905511620608
1240403648586407938
1240416297009254400
##1241016798851608704##
1241016798851608704
1241042157219262464
1241042750600097792
1241071267530317826
1241019428554379264
##1241126720108933121##
1241126720108933121
1241128562071044097
##1241309455372951552##
1241309455372951552
1241326188565577728
##1241850195387863043##
1241850195387863043
1241852194451795971
1241856218907455491
1241856971520835584
1241952651094392832
##1242902945643081729##
1242902945643081729
1242956133704314885
1242974938082009098
##1243678574864936967##
1243640789542023169
1243923063437172737
1243923635854880768
1243958358203301889
1243958918260436992
1244011542460248064
1243642019102277634
1243642484443557889
1243643233747587072
1243700079455854592
1243756094721228800
1243643397052792834
1243643888985833474
1243686667686416384
1243699048042958849
1243904500143972352
1243655885739696128
1243643582587731968
1243643557476544519
1243945961648467973
1243870260010328065
1243658791436128257
1243659146458730498
1243659305041244160
1243732544161484802
1243849695371448320
1243645492778565632
1243645877232840707
1243646677778665478
1243767178643378178
1243685903886946304
1243894935516045312
1243652583123812358
1243644799225417731
1243650658198306817
1243652169120780291
1243672202987343875
1243672838810238983
1243673111947620353
1243646519728721922
1243641768488456192
1243642349928022018
1243645722639183877
1243646462602481664
1243720408416899073
1243859293763485696
1243643666096435201
1243808854921687040
1243642309557858308
1243642607227604993
1243645039353479168
1243651037740724224
1243652330081435649
1243646388589809664
1243646686163013637
1243648029556645893
1243920622033518594
1243651103734063106
1243653964777865216
1243658232310235138
1243706323994382336
1243655414845186048
1243657395307495424
1243642376494727169
1243735048618217483
1243712880236789760
1243713929370632192
1243671108802555910
1243641219416088576
1243681975543758851
1243643329637736449
1243697941149364225
1243645604649205768
1243661034881191936
1243663509289938944
1243685886539292679
1243641539982737409
1243642362972254215
1243641964198756353
1243764887727169536
1243641039233134592
1243641890798473217
1243644058892939265
1243644453757337604
1243648996788383745
1243657337963008000
1243802818441592832
1243895556465926144
1243896241974652928
1243896821430304769
1243897516397137920
1243690609338126336
1243641463956819968
1243641614150533120
1243642107585323008
1243644564700790787
1243646391915810817
1243648449209413636
1243735427191799809
1243742140548743168
1243789128044621825
1243796796540928001
1243905523084406784
1243641211824431104
1243641220095754241
1243641759411904514
1243642389920612363
1243642398984593415
1243642456635301888
1243642688286740493
1243904510352916488
1243910306335776769
1243919254711386112
1243920848009990145
1243924898369744902
1243932361273815040
1243941149410308096
1243946460221227008
1243953035434434562
1243957639446499329
1243643907474436097
1243645017182408706
1243645026518937602
1243646099166027776
1243647837042335746
1243649573718982656
1243651289592012802
1243652285978329088
1243652332275077123
1243652682499276800
1243653668928458765
1243653785827844097
1243654344370802688
1243655241272381442
1243658171580928000
1243658872595808256
1243659203207708673
1243660982196502535
1243663787644903425
1243664540857962500
1243665379874013184
1243665631574200321
1243668057031094274
1243669083071098884
1243669275497435147
1243970880201342976
1243974305765117952
1243986950668914690
1243989130461274112
1244188534308651009
1243644899603382273
1243652822043889670
1243642315442393088
1243652091035496449
1244411614989824003
1243681547590545415
1243670139750547462
1243670213306040320
1243673144784814080
1243673509563445250
1243674833042448385
1243675491695054853
1243676864067121155
1243678574864936967
1243683327040786432
1243697835138310154
1243697855728177154
1243700034526498817
1243700622299475968
1243704684763852805
1243705961405206529
1243724700221689857
1243735961005146112
1243756326796374017
1243761468509540352
1243763201390653442
1243763500868087809
1243764325447278592
1243769762318036993
1243777491409547269
1243777926996377600
1243787631764353025
1243789218184400896
1243789796088197120
1243797401057492993
1243801611882897409
1243803500573835265
1243804789084950529
1243819712066334720
1243823613104570368
1243829738654834688
1243835081350959111
1243835709699620877
1243836017318211589
1243842253463982080
1243845200180543489
1243849768805138432
1243857470302441472
1243863255753392128
1243866780310831105
1243871058857529345
1243872350929592322
1243891813720735748
1243895464304480262
1243903590143610880
1243641824515887108
1243664071322460162
1243672978316865536
1243673883829579785
1243674507132485632
1243675909133152258
1243676579588341763
1243677131890180102
1243677221333749766
1243756927630401536
1243656206289338370
1243645691311853568
1243661715939753985
1243687972421210117
1244419722902372353
1243641486496927745
1243644569784369155
1243649585416978442
1243649836550946818
1243652048425570310
1243652360146223105
1243661454198419464
1243662397916807171
1243666626836340741
1243669070790168576
1243700276042874883
1243710363583033346
1243716998103814145
1243724615282802689
1243736563831406594
1243746136583790598
1243806319775285251
1243809317763121152
1243812384906579969
1243839465279422465
1243850950013485058
1243853317085835266
1243876481908039681
1243906852938756097
1243918886925467655
1243957492033433600
1244004301388816387
1244016775576137729
1243649599178444801
1243649821656965120
1243654505813757952
1243655119553679360
1244011750095228928
##1222607423665512448##
1222579146863316994
1222581128915275776
1222583656390316034
1222584688814034944
1222586329751543808
1222586531971506178
1222581735289954305
1222582659047723008
1222582256780369920
1222582846847700992
1222586558764724224
1222587133426270208
1222582605448667136
1222582261758992384
1222582986161491975
1222583277262966789
1222582788957839360
1222583032898637824
1222581985387991041
1222582838236733441
1222585421084925953
1222588614837776386
1222590290764161030
1222590477897281536
1222590483181920256
1222591241117978625
1222602103325167619
1222610688356618248
1222857853142274048
1222582255182393345
1222628378005725191
1222634719399096321
1222764062662184961
1222579836880871424
1222581430368317442
1222581529702031361
1222581921173188611
1222579961095168001
1222581315100381184
1222579350018691076
1222581375762673668
1222579475583524864
1222581286553956354
1222581339939123202
1222581061458255872
1222581475733921792
1222581559850668033
1222582167785680897
1222581689655971840
1222582739939024896
1222657663999365120
1222659169016303617
1222659274427551744
1222607423665512448
1222804180676620289
1222579955701252097
1222602455483064327
1222618180771831808
1222630830171815938
1222699321092644865
1222845288810979329
1222851547165491200
1222894921520050179
1222661340508061696
##1225138820632514565##
1224027633689808899
1224366643041751045
1224829841154899968
1225374159695380481
1225356051605704705
1225368163967283201
1225099095641133056
1224648624728133635
1224084158835777542
1224262714786230273
1224225383551315969
1224289832022740992
1224846103197224966
1224065696532967425
1224430548208246784
1224431263286562819
1225478772050276353
1225493956366127105
1225494371484753920
1225494982510960641
1224376645634678784
1224295413051723776
1224310914918297605
1224358689424867328
1224918110387556361
1224695710211280896
1224383433549516806
1224383575459553283
1224213512421019648
1224303680649945088
1224346144685379584
1224363826700832775
1224447732233822208
1224794634959970304
1226267450632744967
1224716750777978880
1224848051182936066
1224058025419444226
1224566565120749568
1224481472456818688
1224864352781701121
1225510513225981952
1225510959470587906
1224228900043096064
1224364340184330241
1225460999576223744
1225475246456819712
1225479376986365959
1225481131342082050
1225464625803792385
1224029949599932422
1224234129107144704
1224337978761392130
1224366099900309505
1224366356935647232
1224396288827052042
1224575656014512129
1225038160163459076
1225115182990594050
1225145531678314497
1226199902180532224
1226205659353505792
1226223002372726786
1226224752907444227
1226235112746049536
1226260564940382208
1226271086305849344
1226452364028190721
1227026979335147522
1224789593440104448
1225789688839049218
1224052176638676993
1224217405611741184
1224272790729240578
1224564641491292166
1224086418290507777
1224248345499185153
1224337383992238081
1224365601038139397
1224377194094518275
1224380730567995393
1224407643709722628
1224432360390709248
1224459567150641152
1224581175475417088
1224842470724448256
1224848600120877059
1224863506320830465
1225053527661215745
1225060769164820480
1225581170785734659
1226197777522339840
1226204582751145984
1227026450378887168
1224206396557754368
1227268534226407425
1224995075387797504
1224239821553655809
1224399031767568387
1225129580283015170
1225131303068229641
1225130896484904960
1225134108805947403
1225138360693424128
1225138820632514565
##1225141826128162817##
1224027633689808899
1224366643041751045
1224829841154899968
1225374159695380481
1225356051605704705
1225368163967283201
1225099095641133056
1224648624728133635
1224084158835777542
1224262714786230273
1224225383551315969
1224289832022740992
1224846103197224966
1224065696532967425
1224430548208246784
1224431263286562819
1225478772050276353
1225493956366127105
1225494371484753920
1225494982510960641
1224376645634678784
1224295413051723776
1224310914918297605
1224358689424867328
1224918110387556361
1224695710211280896
1224383433549516806
1224383575459553283
1224213512421019648
1224303680649945088
1224346144685379584
1224363826700832775
1224447732233822208
1224794634959970304
1226267450632744967
1224716750777978880
1224848051182936066
1225510513225981952
1225510959470587906
1224029949599932422
1224234129107144704
1224337978761392130
1224366099900309505
1224366356935647232
1224396288827052042
1224575656014512129
1225038160163459076
1225115182990594050
1225145531678314497
1226199902180532224
1224566565120749568
1224481472456818688
1224864352781701121
1224228900043096064
1224364340184330241
1225460999576223744
1225475246456819712
1225479376986365959
1225481131342082050
1225464625803792385
1226205659353505792
1226223002372726786
1226224752907444227
1226235112746049536
1226260564940382208
1226271086305849344
1226452364028190721
1227026979335147522
1224058025419444226
1224789593440104448
1225789688839049218
1224052176638676993
1224217405611741184
1224272790729240578
1224564641491292166
1224086418290507777
1224248345499185153
1224337383992238081
1224365601038139397
1224377194094518275
1224380730567995393
1224407643709722628
1224432360390709248
1224459567150641152
1224581175475417088
1224842470724448256
1224848600120877059
1224863506320830465
1225053527661215745
1225060769164820480
1225581170785734659
1226197777522339840
1226204582751145984
1227026450378887168
1224239821553655809
1224206396557754368
1227268534226407425
1224995075387797504
1225129580283015170
1225131303068229641
1225130896484904960
1225134108805947403
1225138360693424128
1225138820632514565
1225139196886757377
1225140316682039296
1225139762257911813
1225141826128162817
1225143264308879363
##1225172280021520384##
1225172280021520384
1225464630488838149
##1234941703301234688##
1234941703301234688
1235551749504712705
1235568326048444416
1234943076264706049
1234943149610586115
1234946737216712707
1235570920313335808
##1235589797911158785##
1235589797911158785
1235591841795444738
1235594557766561794
1235590312430415873
1235591247210766337
1235591575994011652
1235594442473648128
1235631058084823041
1235642069483433984
1235718288904159233
1235720480633565184
1235628995380682752
1235641641463156737
##1236413848418222082##
1236408499271319556
1236410647019208704
1237460910093914112
1237462394101805060
1236457782532018179
1236480440581656582
1236580898910416899
1236414312517980160
1236589127258329088
1236408712828456965
1236429860266029057
1236430210272301064
1236409132040716288
1236763541815820289
1236409247635836930
1236409065078693889
1236414954296741889
1236424740304310272
1236498287064240130
1236410884861448192
1236408825986584581
1236412016715272192
1236412039175774208
1236422412826263553
1236423708031533063
1236416655393202176
1236438868255260672
1236440173103235072
1236683636046471169
1236409368079466506
1236409810620383237
1236409909966770176
1236544592876654592
1236412842280189952
1236683174727561224
1236827848784121863
1236409181919420417
1236409223577325570
1236410817052016641
1236411772925550594
1236412622695739392
1236413488945418241
1236417807891533824
1236423133579673600
1236452783538274304
1236495422761418752
1236498551317954560
1236502081235755011
1236505258668503040
1236523197199196161
1236548557089505280
1236549012272152581
1236581270676783104
1236597411486760960
1236408850720468995
1236420680297721856
1236429176850219008
1236431544522346496
1236486570804477953
1236494635486281728
1236647260185866243
1236648203912609792
1237064028377284616
1237072708413915137
1237108315739557888
1237138571544408070
1237260947145842688
1237513333307293697
1236605058411892736
1236609239747043328
1236663028453707777
1237029570395746306
1236409041716461570
1236409047202570242
1236409191046184972
1236409346805899264
1236409482537840643
1236409486933397504
1236409664344133633
1236409760309743619
1236409806908534793
1236409856489381888
1236409963158929408
1236924247001518080
1236924268941922305
1237029897203265537
1237626006984417281
1238578826348822528
1243462586949160960
1246291075465203713
1236411211207639042
1236413623297355776
1236819688140783623
1236870820963770368
1236874619413581824
1236912075164835840
1236913840866164737
1236435640029454336
1236771743894732805
1236872121420337152
1237333443513548806
1236761217068384257
1236409971392352257
1236410060164804614
1236410068662452229
1236410281552642054
1236410373227634689
1236410407117602817
1236411209202708487
1236411266383691777
1236411637189365760
1236411910389739522
1236411969294471168
1236411994267418625
1236412117806440448
1236412212891258880
1236412285800906753
1236412550021079041
1236412609160794112
1236413046819618821
1236413668679503872
1236413741501210631
1236413848418222082
1236413933164138498
1236414703724888064
1236414792811925517
1236415266281656326
1236415557945221120
1236416098830073856
1236416231911174145
1236416377357033476
1236416434248482818
1236416563949047810
1236416638800605185
1236416785613799425
1236417165663842309
1236419005507948545
1236421133672603648
1236421854493106177
1236697622758522880
1236703252399472646
1236704224093843456
1236707091328499712
1236710407307485184
1236710847164153856
1236718716919873538
1236719194680459265
1236721157375700993
1236726984945909767
1236422394056790018
1236422932995485696
1236423204698296322
1236425505781559296
1236427592326152192
1236428545079074816
1236431727331065856
1236431829822996481
1236432807288664065
1236438103398776832
1236438170167914496
1236438707412090880
1236438716123697152
1236439277178945540
1236440116022988802
1236442061286465536
1236442826520625154
1236443070117396480
1236443675728711680
1236444168391704576
1236444590426730496
1236445969954324480
1236446111482744833
1236446511199858688
1236447695373570049
1236448111574343681
1236448169468342277
1236451428006232066
1236455242474180609
1236692887120891905
1236727151216508930
1236728500251484160
1236738436284981248
1236757475438854144
1236410376339808262
1236758614100017152
1236695275957354496
1236455571643076608
1236459330393817089
1236461136830226434
1236466635193626624
1236472903161577475
1236473098892910592
1236481449815048193
1236482610932711424
1236486852376440834
1236486906025738240
1236492576116609024
1236496013852061696
1236496046244626433
1236497633293852672
1236497989214113792
1236502313596051458
1236503603109670914
1236508876033359872
##1236661959916949504##
1236638898173902851
1236661959916949504
##1236785864958713856##
1236785864958713856
1236797970617643011
1236798849605423105
1236799152618684416
1236799480416079872
##1236786490119802881##
1236786471694151680
1236786476404391937
1236786490119802881
1236786495870074880
1236786501863845888
1236786514140463104
1236786520314568705
1236786526127783941
1236786531953672192
1236786536676569089
1236823261398339584
##1236789775392288769##
1236789775392288769
1236790217174142978
##1236797779101564929##
1236746732173737985
1236748891359412225
1236907542632181760
1236749697970290688
1236801194695294984
1236753702599483397
1236754309850845184
1236778796575084545
1236778850056634368
1236779326936354816
1236779639864950785
1236747110189617153
1236878757564166144
1236934886449188864
1236978102452002816
1237052459308236806
1237090905141776384
1236754906041778178
1236839266606612480
1236939523164196866
1237052288579047424
1238726085531009025
1236747655264505857
1236767100343144449
1236747780670054400
1236770857214763020
1236898060816572416
1236751827833626624
1236764000949501952
1236897695962484736
1236784570659483650
1236898420167761922
1236838820492034048
1237100085445627904
1236752924648357893
1236763677728149504
1236824902952517633
1236855958615228417
1236748551490846724
1236750977442725889
1236933367242899456
1236771621911891972
1236755474277597184
1236761719936073731
1236762781984141318
1236752814681935872
1236774471069052928
1236786744936353792
1236793886330281992
1236849182796845056
1236932474430722050
1236755123055013888
1236756579342581760
1236759289953476608
1236775106304753668
1236806540167909376
1236761870444433421
1236775553031643138
1236748509249970176
1236746924704837636
1236754670900711425
1236790933976424448
1236791204500602880
1239513000748494851
1236757285529141248
1236751747214958592
1236919829174652929
1236939378192252928
1236750052091183106
1236851714818543616
1236852281204715523
1236852030012039168
1236747030585884673
1236748234334318594
1237000946170896384
1236768250140246017
1236770271417315329
1236774515574800385
1236821597480198146
1236747682267508737
1236747720976629761
1236921440693346305
1237000349807935489
1236746886322716673
1236748089584648197
1236933624408289280
1236748131133526016
1236772782266073088
1236772362391085056
1236747934353555459
1236753976189693954
1236813334680227841
1236840464034271234
1236841474236600320
1236746863434436611
1236747299331747841
1236747134474600449
1236754196050870274
1236764941450952705
1237053073954136064
1236832525953249280
1236755467990425600
1236757355313889288
1236758514514698240
1236775187208712194
1236982010557669376
1237791734710616064
1236819213773389824
1236851830719688704
1236852274653270017
1236747231472033793
1236749319891542023
1236751508617789440
1236752391266906113
1236789546773368833
1236753321513439232
1236860616058470400
1236747029528838145
1236747041587572737
1236748066037944320
1236749166040223755
1236750237873721346
1236754242355986432
1236769049083854854
1236866968969523200
1236969928491761664
1236746971240677381
1236747160416333826
1236747579985137665
1236748925157212161
1236748953628151813
1236746838297976832
1236747056309510147
1236747149804617729
1236747170025541632
1236747281728184321
1236748926365110272
1236748987606151176
1236749526515568641
1236751138243915776
1236751757298020353
1236752658851119106
1236752828103831553
1236754212282908679
1236756169991114753
1236762611896561665
1236765115099332608
1236767190692626432
1236936087190360065
1236937597500391424
1236753190684626944
1236753591509139460
1236753768575885312
1236746874540998657
1236746892954030088
1236746953024733184
1236746973694300160
1236747190179180547
1236747190674042881
1236747244256231424
1236747270923616256
1236747287033937920
1236769825877299200
1236921573631762437
1236747289307340806
1236747320206790657
1236747342872752129
1236747357393489922
1236747380571213826
1236747402314465280
1236747581646135297
1236747633064108033
1236752417066225666
1237010192027574273
1236747798038687748
1236776787339816960
1236747314741612545
1236750690984304640
1236747412137480193
1236748285441957891
1236759245749653504
1236750905875275777
1236751634413346823
1236751095856234502
1236755454715404291
1236755600903680000
1236909198304333826
1236747633571618817
1236747642887159808
1236747733576429569
1236747770243026944
1236747791399034886
1236747804552450051
1236747823842037766
1236747992608186370
1236748033833996296
1236748083872043008
1236748122879070208
1236748283491635201
1236748352093663232
1236748410901925889
1236748472608600068
1236748569446699010
1236748629710340100
1236748728553201665
1236748901207740418
1236748906580660224
1236749004295331841
1236749101246619649
1236749167491497985
1236749173967421441
1236749200588787714
1236749248382799872
1236749339919343619
1236749378536300544
1236749485226762242
1236749525827624960
1236749731889586176
1236749769596448770
1236749782900772865
1236749915239432194
1236749936361955329
1236749972529430529
1236750058223214592
1236750065605193728
1236750406920921088
1236750488302911490
1236750500097413127
1236750520028663808
1236750533781831681
1236750683514327040
1236750739684409345
1236750761608052736
1236750868713746432
1236750906949095425
1236751272893652993
1236751570311790599
1236751607372660741
1236751635306745856
1236751763241414656
1236751791561334784
1236751896074948609
1236752043844534273
1236752200661192708
1236752253358419968
1236752441632337921
1236752600176963587
1236752618019586048
1236752683635290112
1236752835028619266
1236752916234539011
1236753039316393985
1236753446860214273
1236751739996561408
1236750153958203392
1236751332624740352
1236760347824001025
1236752153731006466
1236753555526164487
1236754023790841858
1236754489077649409
1236754491929739268
1236754649497157633
1236755046286663680
1236755271948611585
1236755650476204032
1236756053775302656
1236756142849765376
1236756296029872135
1236756599374520322
1236757992042909698
1236758631095377921
1236758683788423171
1236758990949883904
1236759147259088897
1236759833501732866
1236760039626506240
1236797779101564929
##1237096725870981121##
1237095305545474051
1237095390735933440
1237096725870981121
##1237116752288534528##
1237116752288534528
1237117232964124673
1237120235020451842
1237117479517859842
1237120131274342401
1237120346786009089
##1237132065960873987##
1237132065960873987
1237373381823119361
1237857515045453825
##1237151898316259328##
1237148205147656192
1237133806706085889
1237130581206544385
1237133252168765441
1237133578380640257
1237135105438691330
1237136675123466240
1237144781320531968
1237145094744158208
1237145514556166148
1237146131928436736
1237146628261363718
1237147272779046915
1237147736530735105
1237148504700715008
1237148793914695681
1237149237445562370
1237149608494673927
1237149920244744193
1237150271010213889
1237150731322511361
1237151048239906817
1237151507314888718
1237151898316259328
1237152671859171330
1237153187016192003
1237153438183669761
1237153836437057536
1237154199340810241
1237155229235392513
1257822444947202048
1257823307421843459
1237137360183332864
1237153519469309955
##1237156552135585792##
1237156552135585792
1237161752707641344
1237163653075480576
1237164519178321920
1237164725592625152
1237173450495660035
1237213142008152070
1237371779955507204
1237375433966059521
1237226078495801345
##1237487759109115904##
1237324435906015233
1237393481087070208
1237413453268221953
1237417279639506945
1237414307043987457
1237414076881473536
1237741929305198592
1237812304181366784
1237812895070720001
1237416474454753282
1237324658883600384
1237369725560205318
1237629926955790337
1237631752153305088
1237649423758393344
1237626595952779264
1237324584858398720
1237353537539096576
1237324617527767040
1237325644335284224
1237325145745829890
1237327484108103681
1237341864002494464
1237375326583431168
1237387005207564288
1237394829887156225
1237397632257064961
1237414675899432960
1237445748620476416
1237405275923111937
1237412941143642112
1237458403901005829
1237461708635078657
1237606613445259266
1237614139117166592
1237619050097901568
1237788135842615299
1246442313255182336
1249109465233686528
1237412992888815616
1237687989049884672
1237677835432517634
1237325686790139905
1237343304649506819
1237394924976238594
1237434890607607816
1237497398768947205
1237544746626605063
1237584407302533121
1237602398631161862
1237629052279717890
1237647549252734977
1237657106251161600
1237664549580529664
1237681146227568640
1237686950766809088
1237692904656732160
1237693143132319745
1237712816846626818
1237713027627192320
1237713044450562048
1237367203072262152
1237328929834373121
1237332570007900160
1237324575320539136
1237325241271095297
1237326231047155718
1237437166466338818
1237327709728096256
1237438235430785024
1237331596652486659
1237334238690791425
1237359567614480386
1237362667846844422
1237419716689506305
1237328155033174016
1237331167889756161
1237359808124198919
1237841972477300736
1237718513856512002
1237722824946696194
1237734343390433280
1237735150995243009
1237735679418871811
1237736224149901312
1237736396439400450
1237740008997519360
1237741839026962432
1237749977922842625
1237750033866461184
1237752185997463552
1237755029760684038
1237755386368872451
1237755633237143552
1237793812937834499
1237802706900844544
1237807156637859843
1237831277765693441
1237836701155971072
1237836929632215042
1237838894516879366
1237883585635344389
1237974515679977472
1237979586916421634
1246102383119261696
1246119130249547776
1237330923223465985
1237348693394808832
1237655884823703552
1246072548707590144
1237348512796487687
1237348929798275072
1237349442757578753
1237330960510746624
1237331084527964160
1237403210115092486
1237577587993411584
1246512028472225798
1237358170655330304
1237358904285241344
1237369669490741248
1237462451496632320
1237745802346455043
1237746252831432706
1237799877599510533
1237817017320833026
1247265635517767681
1237415624911003649
1237327493809479681
1237330291557105665
1237325241472487424
1237326646530715649
1237334407847055366
1237422400368762880
1237341567351959553
1237343237582569472
1237350338568564736
1237382996996620289
1237384143584948230
1237402509909639168
1237405142967816192
1237409508667817988
1237413384955592704
1237414723756478469
1237495937896984577
1237518053253890048
1237551800401584128
1237621682027798528
1237634704238665729
1237638621349502981
1237686070860546049
1237693381637177344
1237694159638716416
1237697285087277057
1237697319816044544
1237698326490951682
1237729012224610307
1237730368721215490
1237733996483788800
1237735787204153348
1237739219537231873
1237773708556632064
1237782223987904514
1237789245101740046
1237750110156619777
1237487759109115904
##1237489939509653504##
1237489939509653504
1237492899400433664
1237510813545631744
1237512542374813697
1237512215986688002
1237540679787532290
1237542323732402177
1237601485568880640
1237491621618487303
##1237878700001148928##
1237878700001148928
1237879741329182726
1238006023828443136
1237880509058834434
1238016362200600577
1237985632993058816
1238203598103855120
1237974790788599808
1238008577312337920
1238215467275137024
1238126569635405824
1237882415822954498
1237886289183039490
1238147312377094160
1238172140605767682
##1238241480529018881##
1238241480529018881
1238243461100339205
1238307590884425729
##1238250785827422209##
1238203795122814976
1238231193721733125
1238310504201949184
1238205134376763397
1238209628841836550
1238227411604590593
1238204112623321121
1238204573581443079
1238206500595798016
1238236012024868864
1238242905233469441
1238249426990370819
1238247799864676352
1238251956700938240
1238244909565513731
1238204375077654533
1238215929399517186
1238235780826480641
1238355237888458752
1238379976279326720
1238241087736643584
1238204176129277959
1238204729492148225
1238205190404259853
1238409015048241153
1238230959952146432
1238408576579895297
1238418789450108928
1238239453690449923
1238240795683164160
1238207083159392258
1238398399889715201
1238404078071398401
1238254193099628544
1238208194331250689
1238394487644266496
1238205176026144769
1238241298051670016
1238243114608988160
1238238987329974272
1238204256747995148
1238205075513901056
1238205065430777873
1238205390216708096
1238205672417890306
1238205819424030728
1238206290058452993
1238207480699764740
1238213934718615554
1238215297431154689
1238225331707883520
1238246750919569417
1238248192161902592
1238260440209272838
1238304708739162119
1238324180308963330
1238400870716444679
1238474395976425473
1238478285941735426
1238613028754595841
1238205349678788610
1238209941200044033
1238216397823582211
1238221177828581386
1238205488279535630
1238240116918935559
1238214675046817794
1238208344416018439
1238210962110513156
1238204328374087680
1238205014591471617
1238204938053988353
1238205313205108751
1238205355584294913
1238207968073732096
1238208477564190724
1238240824619646976
1238402945563144193
1238257054072156160
1238377850685849606
1238209130738958357
1238212972562055168
1238209566137036801
1238250785827422209
##1238380892491579392##
1238380892491579392
1238381148939735041
1238604443844837376
1238662716342128646
##1238576528612614144##
1238576528612614144
1238617754225254400
1238577129157246987
##1238611332485783552##
1238611332485783552
1238612185120739341
1238612312078123008
##1238754111882956800##
1238754111882956800
1238755835678994432
1238759136164225024
##1238766668639277062##
1238766668639277062
1238785916833083392
##1238782961618747392##
1238782961618747392
1238853017744691200
##1238887989452902400##
1238887989452902400
1238889661285752834
##1238908875740524547##
1238908875740524547
1242311138903285760
##1238921771178393601##
1238921771178393601
1239510629666271233
##1238968689518694400##
1238968689518694400
1239223158151868416
##1238970687676694528##
1238970687676694528
1239189700361048066
1239190509912014848
##1238971902217129984##
1238941020001316864
1238941911425126401
1238948881062334464
1238970929524477955
1238971600537563172
1238971902217129984
##1238975512392982528##
1238975512392982528
1238976021996634113
##1239109361278029825##
1239109361278029825
1239127793792884736
1239135981611220992
1239140441926164480
1239212217427509248
1239218585907662852
1239225466776629249
1239251255186395136
1239112208648482816
1239113397637087232
1239143281444958209
1239149720397848579
1239346148420341760
1239436242460250117
1239472919853629441
1239993507798036484
1242962098017251330
1247067769167806464
1239140531701243904
1239154122538041344
1239163252023705601
1239179234981142529
1239222179033726977
1239284211229569025
1239222367794221058
1240391152035139584
##1239209786761269248##
1239209786761269248
1239210878844764160
1239212922708033538
1239213377341337602
1239219055963312128
1239219218316505088
1239219645313400832
1239221464869605378
1239241629569101824
1239233058877964288
1239233474139246592
1239234192107622402
1239220149988753408
1239218161641312256
1239220839687618562
1239221113563070466
1239229540599238662
1239215835983593477
1239216644855074817
1239217608127393793
1239211236115599361
1239219531551256579
##1239270207882919937##
1239270207882919937
1239272327277359105
1239273557701603329
1239274016109666304
1239275290083426305
1239277462443438082
1239278639776239616
1239279582659870720
1239280351383629826
1239283059645612035
1239273099427745795
1239447421601677312
1239475470267232256
1239274804601069569
1239277612779913216
1239286143549652994
1239282702710460421
1239506613943373825
1239630685419298818
##1239300859714064384##
1239300859714064384
1239302147713400832
##1239339086361645067##
1239336452745461764
1239339086361645067
##1245452824634445824##
1245147056420855809
1245147487024877568
1245147925753233408
1245464880217554947
1245476462754435072
1245701710103719936
1245149379805077511
1245149745817047047
1245433480810565632
1245216223543033856
1245418674841735168
1245474640295845889
1245672828831064064
1245165045887180800
1245151485316513793
1245247253020737543
1245652125519998978
1245149681396723713
1245513578133815297
1245147280266518530
1245147516699541504
1246543358606086145
1245153827667378178
1245385770443198465
1245478568316018688
1245342208590376965
1245342714163376128
1245453453691949059
1245376169752637441
1245439924104355841
1245471769344917512
1245440021944889344
1245438633860988929
1245702440344645634
1245367642560618497
1245421418885464065
1245467380081401856
1245547272630231040
1245839970801266694
1245152828127088641
1245193555905134593
1245218405436678145
1245219055549575168
1245219686301622273
1245220010189975552
1245482028121931776
1245220834098024448
1245236536603484160
1245237301556334592
1245878693437665281
1245937084579237889
1245413989221195778
1245488195170689024
1245527295596605440
1245418521984667648
1245536955376467968
1245238775145324544
1245466683751440384
1245371955798134785
1245156854147231744
1245169245358419969
1245173889824706564
1245440794426634240
1246783261231243265
1245416452963872768
1246782589882564609
1245149778469695488
1245150702701121538
1245168500500389891
1245153397818327040
1245181610661576706
1245150966157955073
1245554690286391297
1245162128123650048
1245427945688256513
1245435526934601728
1245436190259625984
1245456308725219329
1245432909110050818
1245512094478471168
1245607375442046976
1245656543258742793
1249926940439597057
1245158148794486785
1245160309309857792
1245157292586291212
1245464287868604416
1245648516120072194
1245915911803920388
1245465442296233984
1245156641051459586
1245160895430430725
1245473220079357952
1245473352741007361
1245675801112084480
1245150832057778181
1245422769841397760
1245426407028576267
1245465899236237315
1245479332279189504
1245609057240506369
1245621969241833472
1246483866254217220
1245410840884494339
1245151533710356482
1245155021806764032
1245485060741976065
1245495537341775872
1245148033462890497
1245154825970561024
1245421927281254400
1245672567861477376
1245454226760912902
1245399587776614403
1245422280219320321
1245465248640925699
1245471045714210817
1245149494808731648
1245156962020593664
1245162935783211008
1245169766710550531
1245338345863024650
1245404076269023232
1245422353615671297
1245402972705734662
1245439941561253895
1245147774234042368
1249262022144950274
1245238735085563907
1245409940967165954
1245509538079367168
1245189021774594051
1245456280258576387
1245467535157473280
1245320134182547459
1245373615790379008
1245478291332571138
1245479459261644803
1245434649985384456
1245147240768901123
1245147848577933313
1245157595620368385
1245165476935659521
1245456558445735937
1245162308906565632
1245163947306577923
1245157350652047360
1245160554945073153
1245163167971344384
1245165464923164672
1245334121515290630
1246129552352579586
1246247113886924800
1245475752210022400
1245149409366536192
1245154571057537029
1245467672197947392
1245473345690374146
1245166663135145984
1245169641074327552
1245487829481713665
1245673180389183488
1245147229360439296
1245607835913695233
1245630612284686337
1245453877346013185
1245152232934461441
1245430777040551937
1245534361165787138
1245187604275838976
1245165407247273985
1245268808312352769
1245598557404454913
1245608463880712198
1245452824634445824
1245275381826871296
1245473286919729153
1245842055127064577
1245173078365110272
1245664723925733376
1245160831253446656
1245167408702279681
1245169012398571520
1245152684296069123
1245154673314725900
1245352651367362563
1245356206819905539
1245150265709228032
1245178839518474241
1245419627653369857
1245149360318488582
1245159879393894405
1245621873083211778
1245166882929274880
1245167143756247040
1245244073830518784
1245323304321323016
1245338056795631617
1245147421333688323
1245467606968139778
1245454086213963777
1245147662082396161
1245147542716919815
1245150582911815680
1245147665509363713
1245147945030127617
1245345177016950789
1245466948982509570
1245677534856937472
1245149598525591554
1245500445079945216
1245165750299443202
1245147390027411460
1245151817861865477
1247294874602242048
1245303330856992769
1245529844848484358
1245617824871006209
1245312424212824064
1245437775781998592
1245147303167627271
1245147871965581313
1245152751954227201
1245600695241195521
1245190516230275072
1245454869273743363
1245221631347154944
1245325439771394049
1245169874113925120
1245512633555484674
1245513691518435329
1245290604038406145
1245449001433829376
1245503755312697344
1245506581615325185
1245229339366449152
1245473406973358081
1245150296210157569
1245552110869065728
1245516574217220096
1245324351819448324
1245505575535824896
1245147443873886209
1245157796536074240
1245161700006871041
1245150082594308096
1245152406310211584
1245147787924250626
1245147335623086080
1245147389582667776
1245148848340848640
1245147317847707650
1245147789115494400
1245187917514813441
1245250763170795520
1245154533694738432
1245517151907135488
1245149297823399939
1245150913263628289
1245148251772334085
1245159792437420032
1245160694846283776
1245421444336685058
1245423473314484225
1245426401777528832
1245439936989483011
1245513273081987078
1245953986093613056
1245302048503070720
1245422166654386177
1245470083817836544
1245240655183351808
1247011145849995264
1245484592112508936
1247009888645124098
1247016673166725120
1245488617180536834
1245488650726637569
1245180715248930816
1245277323328278529
1245261256652722176
1245295588926726145
1245295820481736705
1245296267628105729
1245148294612799488
1245150317106229249
1245147284817563648
1245150846192627713
1245152937493417984
1245166356141490176
1245178388064567298
1245199752158797824
1245147287430414341
1245149692683419648
1245152247266152448
1245187233591603200
1245264731016855552
1245280889568768000
1245355548733833223
1245378002957074432
1246137150443343872
1245150607356428288
1245467370036043776
1245149376697307136
1245149677026189312
1245244267922100225
1245173609544519681
1245334658876952576
1245496812867182592
1245159425502896128
1245174774705221632
1245341388582965248
1245147258770747392
1245324687351005185
1245353763331698692
1245223857604243456
1245393362812841985
1245414042681794561
1245420457311924229
1245428261397635072
1245442110054162432
1245446980219711490
1245484777530175488
1245429789424582659
1245152922796732416
1245468029930082304
1245155893265629184
1245230941775237120
1245155853323419652
1253806789373464576
1245324199587020800
1245382427997908992
1245415174061735937
1245490956339576832
1245425874096345088
1245329535828135936
1245330888411336704
1245448422297042944
1245489441721868288
1245353374360494081
1245353904411496453
1245373572408905728
1245380554301702145
1245510454761467906
1245353654263205894
1245380938881613824
1245410391762456576
1245489654305939457
1245430277540888576
1245430771260821505
1245489803954552833
1245430987208773641
1245327795401580544
1245431140695105537
1245574714249990144
1245467104515686408
1245470063391584257
1245470925593686019
1245984903528886272
1245426563803480070
1245410631332708352
1245426978007613441
1245489993105068032
1245147739756920832
1245147950440800256
1245154581413351424
1245155958675791873
1245213836132511744
1245323206313103360
1245156144953294851
1245372842352533507
1245422617185697793
1245149893137592320
1245154294019420160
1245165603054178304
1245488901243969536
1245495364355940352
1245499648573349888
1245693117728206849
1245701361972523008
1245161938990108673
1245529880638492673
1245593649900949504
1245596530859364352
1245670325108555779
1245671855219974145
1245478489551245317
1245473570345623555
1245475951162658816
1245487032173985792
1245518774494789633
1245551401117368322
1245564756834091008
1245168469785505792
1245161158258147328
1245163781401055236
1246790916003844097
1247655437006262272
1245199585611415552
1245171322663157761
1245537489852473348
1245538856411299843
1245189495600775171
1245148901470068737
1245147686774308864
1247223389665673216
1245437364744245248
1245233032719552512
1245339368224587780
1245367326054072329
1245369007244316673
1245370254269616128
1245372690749206528
1245375311891451904
1245383206863421440
1245385175782981638
1245439489826107392
1245459624964132865
1245179763951636480
1245196926313795586
1245485734422671361
1245373240878530560
1245504471901155328
1245675196549382144
1245174178723942401
1245331456399822850
1245314576444506113
1245341358531006466
1245415706918821900
1245417106910445568
1245420397564243970
1245370277648838656
1245440661341581319
1245181537194258434
1245213405503459329
1245463363401986053
1248944079951585282
1245148184067915776
1245649041213378562
1246138222834573312
1245177879685672963
1245192343772372997
1245147279016759297
1245202875006873600
1245357873108049920
1245423170686984192
1245424823745925121
1245430166962221057
1245431103739105281
1245431110429036545
1245432023336001540
1245437870929666048
1245444168522047492
1245446791186784256
1245449552599166978
1245185713131274240
1245425693263093760
1245431445012787204
1245361806853451777
1245363188499124225
1245364031160029185
1245366137283584001
1245432823898689536
1245434078440161280
1245435347770769410
1245435803179851777
1245436437723598849
1245436947117617155
1245437535154823186
1245437779598860290
1245438462804754432
1245458007137419264
1245461345962688513
1245162445208981504
1245389616686997505
1245465038632022016
1245468574338039808
1245152671717363714
1245279995599020033
1245360549258563584
1245506883571445761
1245513957001039873
1245473259287719945
1245474254252056576
##1245674567420518400##
1245674567420518400
1245674947571331072
1245675270549495811
1246106310778765318
1245716938589966336
1246096087095615503
1246113496015790081
1245804613074391046
1248008658639675395
##1245767945931960320##
1245767945931960320
1245789861141008384
1245797459835707393
1245797532514635776
##1245835467146383360##
1014850182352162817
1014935617740967936
1191438451234791424
1015881515761328128
1016814449821446144
1099777895428440064
1245835467146383360
1178764116833505280
1108813893449777152
1235276307656773633
1183835629580410881
1200528122627706883
1205231359721123840
1168236135916744704
1168237546842796032
1168237732939870208
1216807792910241792
1236922199887544322
1179862002069577729
1188565624433381376
1242789109292204032
1242898429673693190
1187852088119889920
1211285988288405504
1015085254309240832
1025821049861156864
1097143704522055680
1015602841434640386
1014981733396156417
1015472788545720321
1015832646864261120
1014865532460457985
1015242855592419330
1015474196149874689
1015510989041782785
1023565521457958912
1015236443822809089
1015808335877197825
1017372667651993600
1014968532323524614
1015056041002848256
1015377474153336833
1015475080023957505
1014949115640377344
1025820307523887104
1015615929709932545
1015621996913152001
1014948900116029440
1014986369154928640
1014891465795932160
1014948733056897024
1014951801920073729
1014968298771972096
1015076996538388480
1015205694868508672
1015242565963190273
1015439117440741376
1015511433730195461
1015808801167929345
1015935781880418305
1014948645773430784
1015105214544834562
1023515139834896384
1015211463462572032
1015224532540502017
1015266972571983873
1015281762912604160
1015694866234445827
1015891483822567424
1020716826148462593
1025704341917847552
1014950244801376256
1025900733294698497
1147029875657777152
1014949448273809408
1014981240318038016
1015603794628014080
##1246208538852106242##
1246208538852106242
1246208542580912129
1246208544644435968
1246437380606889986
1246498964633014272
1246507373512085507
1246337839295586305
##1246942015880912897##
1242791659009650689
1242792449619177472
1242810846901829641
1242813755572060162
1242888966233378816
1242967239952752640
1242917572779151360
1242804619924901889
1242840168316448774
1242921552510885890
1242831906045034496
1243091982580248576
1243112198416863232
1243119684939124737
1243507052867203080
1242876165330817027
1243112180385484800
1243150601191657472
1243112374296551424
1242952167557861376
1243112140665389056
1243408718928031750
1243411286970384385
1243411928359165953
1243424789181558786
1243144375661723649
1242797222858821632
1242802552351195136
1243224437090025472
1242797666901413890
1242885236188491778
1242836158339481600
1242839455989448704
1242874968167325698
1242850510002151425
1242860752068894720
1242906456652988416
1242792260355448832
1242810777830141956
1242947496499953664
1242803013078732807
1242806455520186375
1242859325955153920
1242870533198315522
1242870661451788290
1242875335697403905
1243167329296494595
1243688750347104258
1243071792882876416
1243555895960842242
1243120327917535233
1243131002417033217
1243676873516822530
1243209468911013889
1243210230089109504
1242805889024786433
1242806441712529410
1242806817656385543
1242812520970231808
1242806399203237895
1242897607711698944
1243157182041993219
1242916894706982912
1242998254368849923
1242896300947001344
1242900827351777282
1242825993062096897
1242967185305321478
1242986189243678731
1243044898531684354
1243297500959772674
1242799211193737216
1242810686776004608
1242904897097551873
1243030354941837313
1243051753232314375
1242875698576076807
1243015942935887873
1243155629210054656
1245086254343086080
1245086508371136519
1243231076614574080
1242867581004009472
1243112979266183168
1243171463290671104
1245083913426538497
1243016792181784576
1245084008163270656
1242885875425517568
1243019855541997569
1242936099254796288
1245083744995807235
1242837270731919361
1242803831378980867
1243522616780038146
1242804755849711617
1242851170345013251
1242955973309992966
1242937474097299457
1242990586510131204
1243230221752508418
1245083584978976774
1242839966641795074
1242873704545124353
1242880401007415297
1246942015880912897
##1247265004346368002##
1247245706882138112
1247248856871579654
1247254397677113345
1247254400730566664
1247254404283142144
1247265004346368002
1247266641639071744
##1249099851679158277##
1249099851679158277
1249100036622827521
##1249103240580366336##
1249068047555604481
1249103240580366336
1249118176509640706
1249081662547378176
1249083088644313089
##1252408422886076417##
1252408422886076417
1252408566020845573
1252432925439569925
1252592493947994112
1252617106492973060
1252641365416185856
1252742738593959937
##1253648090562801665##
1253648090562801665
1253648799131594754
1253649626244116480
1253654537220562950
1253658280058028032
1253697111000068097
1253885464597221376
1253650313178951681
1253682193731330048
1253743129590730752
