##1248570829081849856##
1248570829081849856
1248571396034367488
1248572309885026305
1248573983349444608
1248574506349801476
1248574770129633281
1248575174884106242
1248575553231294465
1248576550523592707
1248577631567712259
1248578152538017793
1248578415466291202
1248579328281116673
1248581531217670146
1248581741201305601
1248582345436860419
1248582831854555137
1250971453387870208
1250972354349608960
1250978404184272897
1250978616340549633
1250978924097658880
1250979272426229765
1250979467834556417
1250980085081026560
1250980304052985856
##1252223365185769474##
1252223365185769474
1252359562327232513
1252343839580291072
1252629063098867713
1252266710637457410
##1251976827998003201##
1251976827998003201
1251977560193486851
1252026486204350465
##1252035514343067648##
1252035514343067648
1252074574180757504
##1253097965994024963##
1252939979325612033
1253097965994024963
##1223574555412877312##
1223574555412877312
1223574759591555076
##1244067148940611589##
1244067148940611589
1244166734162132992
##1238973273360211971##
1238897204712083457
1238897278410092544
1238967634328158210
1238927526984069120
1238898385450676225
1238988089919451138
1238900634071502850
1239168930855485442
1238910463422980097
1239194150777638912
1239218125851234304
1238966744896745473
1239017422612553729
1239085196986716160
1239090918067777537
1239132290279669760
1239126768327548929
1239394301991362561
1239073344428924928
1238915468536225794
1238963305680711680
1239065502661644289
1239119049239519232
1239138256505184256
1238899494705602568
1238901936012787713
1238966877570899968
1238904987935178752
1238909525685686274
1238910105686544385
1238930785614397441
1238940343829254147
1238941096329216000
1238908447430774785
1239147679961227265
1239195786103197696
1238947349520617472
1239023935347458048
1239107050640232448
1238949195123437568
1239120547990122497
1238897978607316993
1239293139250274305
1238897496165953536
1238915731468824579
1238988740963569664
1239093298909728769
1238901029799936001
1239169144588730368
1239214593555271685
1238933037586538497
1238897642253492225
1238899414116323330
1238947758503071745
1239123072243961856
1238899979667812354
1239208208331411463
1238904772276731905
1238905959549997056
1238933249763749893
1238933612663357440
1239065845449601024
1238901664423313408
1238948719510401032
1238978113276706817
1239069875185778688
1239140251039232001
1239255462681477126
1238971568371511296
1238899204254240769
1238965574425890816
1238967037956968452
1238968237511057412
1238968953747263490
1238983209125384193
1238966841646682112
1238899897887326208
1238905877324849152
1239155292820115462
1238919951974621186
1238950672130871296
1239059974719967234
1238928883837292544
1239224136053985284
1238897345825312774
1238897573223694336
1238898774594007042
1238898925052071939
1238899073526255616
1238901031670603776
1238968595604033541
1239036506318217218
1239217415373889536
1238897418390966273
1238916959011590145
1238912008843595778
1238898608386248712
1239160434286104579
1239168030451646464
1238926982878019584
1238927249241280512
1239167766520889344
1239168740887052289
1238897885267333122
1239167637470547971
1239175086441222144
1238968862374330368
1238899045399216128
1238901597981356032
1238903044177383426
1238904278129000448
1238926747959246854
1238931542904365058
1238949687308292096
1238970886994251776
1239170466297843715
1239172159274135552
1239178571026960385
1239223486339600385
1239171268097662976
1239184675010236416
1238992727976693760
1238993536252547082
1238994009546264582
1238994201834074112
1238994660485447688
1239083255334416385
1239083856038432770
1239089555292278784
1239084059420233728
1239089646304362497
1239099602596433920
1238938173058756610
1238939355491827717
1238924805442867207
1238981814477340673
1238899095525363712
1238932892790796290
1238904349604171776
1238897570212130817
1238898512806510592
1238899040831619079
1238899129285296131
1238899913309782016
1238899945484300290
1238906583716974592
1238913468914335744
1238917510830972929
1238931861092610049
1238965176432541696
1238992539958607872
1239065964416819200
1239080283573452800
1239113015334707200
1239276764049760256
1238905451670093824
1238908729254383617
1238908923970805762
1238902643344510976
1238902736659382273
1238906855151357954
1238908778952744961
1238923395137449985
1238897468529614848
1238897621621751808
1238897627787341825
1238897662184894467
1238915307051184133
1238994314396610560
1239056323293184000
1239061825603371008
1238920860825726977
1238921225625354240
1238918901926420481
1238924212804497410
1238905700526456832
1238920897756610561
1238921050978729984
1238953861567709185
1238960959806410753
1238961161892171785
1238961457645133824
1238901398437343235
1238897681419862016
1238898520167534593
1238897706598350849
1238897716387856386
1238897732078776321
1238897804564729856
1238897901239250946
1238897983074316290
1238897993220345858
1238898008646995968
1238898012430184448
1238898180487553024
1238898443436859392
1238898674576560129
1238898675847495680
1238898835495272448
1238898881699753985
1238898921809809408
1238898933847359488
1238899064760160256
1238899112059248640
1238899176697729027
1238899257815511041
1238899302858178560
1238899429710553088
1238899592172900353
1238899679737384962
1238899756321079296
1238899770653134852
1238899942984474626
1238902744548851713
1238900017731186688
1238900177689329666
1238900190095998978
1238900191127908354
1238900202620301312
1238900278272950272
1238900327035949062
1238900869250285568
1238901170770411522
1238901688498622465
1238902202678349832
1238904230569746438
1238904276862349314
1238905211122524161
1238905420502237184
1238906047521329158
1238906166828294152
1238906321627418624
1238906443077648385
1238907045941776384
1238907285646254080
1238909017797414913
1238909045748183040
1238909633642795008
1238909932138790913
1238910177841209344
1238910757493968898
1238910804101148673
1238910892529631237
1238910949211463681
1238911334042996743
1238911361096302592
1238912172438290432
1238913117658193928
1238913931885924352
1238914403396919296
1238914664291078144
1238917272967790594
1238917905959530496
1238917942454222850
1238898633216536577
1238899438564843522
1238904361218179075
1238905382279528449
1238907986501931010
1238910229443641350
1238900506099154947
1238905282283134978
1238906459095785472
1238906824583196680
1238918181793804293
1238918444357214209
1238918964970995723
1238919265425731586
1238919670608072704
1238920863577247744
1238921924337700866
1238922567521579012
1238922834258407425
1238923940950654976
1238924224875696130
1238924249961766914
1238924786396467206
1238926182478995457
1238926816716390405
1238926933079007235
1238927023189491713
1238927397342326785
1238928170964975617
1238928695806623747
1238930684837756928
1238931683757490193
1238934986134257667
1238935061593980930
1238935281883103233
1238936013906612224
1238938474872438784
1238898728012066817
1238898709687160834
1238899633813893121
1238899795663769606
1238899908758900738
1238923908016939008
1238924655932641281
1238924919108493313
1239021434191654917
1239130762072461312
1239067106278117379
1239073827704971265
1238921135141588992
1238973273360211971
