##1224019735605628928##
1224019735605628928
1224456024838377473
1224497759648174086
1224457149817982976
1224487550540304384
1224523899993456640
1226230295638216704
1224472804218851329
1226232378722574337
1226247841003245569
1224044415964078081
1224458790986104836
1224467894286811137
1224481635363627008
##1231464092289896448##
1231464092289896448
1231496350954610688
##1233067861368856576##
1233004145004761088
1233006993796993024
1233008090716479488
1233009871857029121
1233010858671906816
1233067694846545921
1233008593127034881
1233009391206621190
1233009521787838465
1233067861368856576
##1231464092289896448##
1231464092289896448
1231496350954610688
##1233067861368856576##
1233004145004761088
1233006993796993024
1233008090716479488
1233009871857029121
1233010858671906816
1233067694846545921
1233008593127034881
1233009391206621190
1233009521787838465
1233067861368856576
##1228409143637291019##
1228409143637291019
1228409259743961089
1228409620701622273
1228409901384445953
1228411053501014018
1228985488788291591
1228631803738624001
1228414720677490695
1229875091695116289
1228409354900123649
1228909526780432384
1229971287474393090
##1227476392511713285##
1227476392511713285
1227535013513715713
1227516153179840512
1227539000501637126
##1226615186422980608##
1226615186422980608
1227392587415400450
##1227261397110648833##
1227261397110648833
1229951370708553729
1229961813703483394
##1227297932166270976##
1227297932166270976
1227333211698667520
1228996059445239810
##1227526867722350593##
1227526867722350593
1227529150983962624
1227543785174904833
1227636503679045632
1227531586553483264
1227531798755803137
1227585037249454080
1229916198634127361
1227532693442908160
1227923468609560582
1227555535106560001
1227558839668572160
##1227542808300572673##
1227542808300572673
1227546147096539137
##1227546837055393795##
1227546837055393795
1227547722976284675
1227549591182151680
1227550930641575937
1227694506805465088
1227701119067000832
1227620691618488320
1227700123884511244
1227629500759977987
1227639915002896385
1227640410400546817
1227561144723935232
1227711324320342016
1227554138390745088
##1227594571011514370##
1227594571011514370
1227712202691530752
##1227615117988200448##
1227615117988200448
1227619606229061637
1227698383286087681
1227725394557751296
1227817694793211905
##1227953800146755585##
1227953800146755585
1227954135330381824
1227958249879678976
1227955179758202883
1227994708661673984
1228005335643959297
1227954860684926976
1227982845500633089
##1228154663901388804##
1228154663901388804
1228158527455186944
1228199004560740353
1228319480318701575
1228158093294391296
1228161209741893633
1228161828858912770
1228291693159514112
##1228573338961874944##
1228573338961874944
1229143466917158912
##1232200791026536449##
1232195844587298817
1232200791026536449
1232203751752130560
1232333738970877955
##1234967581704015872##
1234967581704015872
1234989766610833408
##1239202474554208260##
1238872513767227394
1238872497493356546
1238872501431808000
1238872504321683456
1238872507916189698
1238872511112249344
1238872516761923586
1238872520444559360
1238872523175051265
1238872526891204608
1238872533472026629
1238872536110247937
1239029350403641344
1239537476798230534
1240590132807335936
1238918261481320459
1239068519322529792
1239000299718803456
1238892914429870081
1238960004113272832
1239067232598142976
1239011495620620288
1239012642578149376
1239207961190334465
1239012065236471809
1238987999255429125
1239202169145962496
1239158724620681218
1239202371718254595
1238876847141683200
1238877138918330374
1238883883912814592
1238898593559388160
1238916712277454858
1238895437286866945
1238895725460828172
1238896074947006467
1238896514543599616
1238913753472815106
1238933811884367873
1239017846946107392
1238911685861220357
1238921468710400003
1238930512921706496
1238938381645733891
1238981879807827969
1238984412370472966
1239005306828533760
1239011085736345600
1239017247894618112
1239030359116976128
1239042038173241349
1239065148016537600
1239079931667255297
1239109794297974784
1239132125783261186
1239204463170199552
1239295652997345284
1238886663675416577
1238970747449638912
1239004905895071745
1239061991072968704
1239068865914638336
1239071741827219456
1239066229035409408
1239139167784898563
1239151811585544192
1239167146111926274
1239637972280127488
1239045007480197120
1238928689167032322
1238983191039541248
1238912004204658688
1238917653525336066
1238937964912300039
1238941815182589957
1238956118543646721
1238960054663028737
1238965500119580677
1238990819702517760
1239003110120534023
1239010201774284806
1239010340211429377
1239033875864662017
1239043176155021312
1239086902919286784
1239096423326547969
1239104469952053248
1239761862884982785
1239910213634973698
1239976470254170112
1241321280185368578
1239023893819666433
1239038873386319874
1239145705018658816
1238885347687387136
1238938518161887233
1238893345717485578
1238908363267813376
1238963064994701312
1238933490688720896
1239183119003107328
1238941419529801729
1238916542777229313
1239055549108490241
1239055674962780162
1239149704476319745
1238937835668996096
1238941519765274630
1238960125458735106
1238989525248094209
1239027633473667072
1238930106401394688
1238973496082006017
1239133480036032513
1238905345830985728
1239099592744075265
1239144366968619008
1239835428066406401
1239060260297547776
1238902858595979264
1239024835789033472
1238922852046430209
1238936577960706054
1238937315743084545
1239019389707522048
1239012636911710208
1239030980884803585
1238880015682539521
1238882938076479494
1238886174766309376
1238906475260653568
1238927932141248513
1238938994672533505
1238944142924886016
1238956135329271809
1238958375431536640
1239010650694836225
1239023749279682561
1239055296376516608
1239065415097122818
1239184200734920704
1239185408258387968
1239726481733025794
1238949724448870400
1239026701461528576
1238879118516801536
1238883254113099777
1238915221260992512
1238909482190733319
1239145288323026950
1238877992111259649
1238878959812644864
1238915499108466691
1238962723347664900
1238965479244541952
1238968822679449601
1239155308179664901
1238961087682416641
1238892245740371968
1238923181089529858
1239038382237462528
1239157617479561216
1239158762608484352
1238908889921445892
1239193219130327041
1238930538779627530
1239065255852064768
1238903560693321730
1238925287653552130
1238890962253996033
1238926324154105856
1238954228326051841
1238962602589532169
1239162454803910656
1238894807130329088
1238894956707635200
1238953922099806209
1238884029912489992
1238910522684329984
1238883085095141379
1238953562538942465
1238879755715391489
1238897794196426757
1238955606666592256
1239013347586121729
1239053790197813249
1239162571539845120
1238880345396850692
1239039539647090689
1239029332951085056
1238908475830403074
1238887708648448002
1238924730171867136
1238994287204974592
1239101290392813568
1238917013596184576
1238897039196524545
1238916079906361347
1238930541291941888
1239000941652819969
1239024752624361472
1239162296796090368
1239192286560432129
1239206047778246658
1238892183207456768
1239060874645532672
1238925879633481729
1238925956779302912
1239072127602565121
1238930539513614340
1238965891167125505
1238962953761763329
1238887380146360320
1239147200401326081
1239234277168091142
1238946486165147649
1239189549458296835
1238963064109707269
1238972420209496065
1239059730494042112
1238981424545443841
1239041780844199937
1238944644207173632
1238945807027646464
1239051376082198528
1239117806869741568
1239043056688562177
1238908815690665985
1238897531242844161
1239023279236681730
1239044039384748032
1239075075061669888
1239089975888674816
1239091460181495810
1239144326652928000
1239156598465081344
1239733127897022464
1238929242748002305
1238898647858851840
1238902704505749507
1238976710747533314
1238911334206574593
1238920420654551042
1238973031969632256
1238893990382100482
1238896124221669376
1238897082385268736
1238909633261187072
1238946215959674889
1239081389699600385
1239164005857574915
1239204600860889089
1238885192690958339
1238885324706566144
1238887309858275329
1239071677977432066
1239177458156556290
1238910699478319105
1238945760571424774
1239177245647929344
1239372179059466246
1238886329615876101
1238887852865458180
1238946242643853317
1239095074392244225
1238889022845575168
1238949329689288704
1238891251384147968
1238892510686187521
1238940515426603009
1239105884325904384
1239107061406994432
1239140027331993600
1239470864007139329
1238963648065867776
1239066452080103425
1238923748562124806
1239051409280073728
1239094256125476865
1239122331282354177
1239146514603270144
1239146597835046912
1239503405246222338
1240732444925575168
1238897060197400578
1238982274198253569
1239173542815678468
1239009826572849153
1239148561956319234
1238936655647645698
1239029839845380096
1239191641451384833
1239504899689402368
1238881449656430593
1238905201945444360
1238922915195781120
1239080673262145536
1239161372304433152
1238975827565514752
1239044304947089409
1239189836134862848
1238930136088621056
1238952529226018817
1239604126704717824
1239056275754946560
1238902049187692544
1239011334500626432
1239061838450614273
1239062610261180418
1239003289666142211
1239008015459762177
1238966784809730048
1238970360487346178
1238996110342934528
1239008695083839488
1239010381328252928
1239218484749443078
1239219836582060033
1238904945719607296
1239072327930953728
1238919362922401794
1239148912545579009
1238955676329742336
1238968656480161793
1239071492983447552
1238895386573647872
1238974558583099393
1238901176625758208
1238974092788879360
1238979232790982657
1238979339787501568
1239135016736698371
1238944369635360772
1238953383182073857
1239005972829474819
1239006116220002304
1238921956805804033
1238923794854612993
1238932255655018496
1238948654121181190
1238954543855161344
1238878599622598657
1238928817080750080
1238957797762531334
1238960149190017024
1238967092151549952
1239004104799784960
1239145635238031362
1239150839203352578
1239211857937928193
1239150398780342274
1238970304946454529
1238984248796774402
1238879088028323841
1238879139123388416
1238885782779244546
1238932090772762631
1238889435778953217
1238889908292509697
1238899124134608897
1238916472447152128
1238922310402355201
1238931410586607616
1238923391060586507
1238925137455583238
1238949757252521984
1238949819520962563
1238960563444744192
1238960927753621504
1238969994094018560
1238980179906760707
1238985407024463872
1239002008788570112
1239017330740510720
1239045656033009665
1239060874435805186
1239064780993855488
1239066939231801344
1239074268874498049
1239078979501461509
1239080326833586176
1239088374830510080
1239091852395020288
1239092223179882496
1239093140025475073
1239098487645638656
1239100669010771968
1241353883135467522
1239109071506149377
1239109273159901186
1239110959303667712
1239121988045737984
1239122459137359872
1238927801337724931
1238928525920473088
1239009735006961664
1239063538179719169
1239078687926112256
1239075182179999749
1238971984836538368
1239231963745091590
1239254882177220608
1238924593752084480
1238898398830485511
1238901331647176706
1239122825774014464
1239123541955678208
1239128391242088449
1239164803849076739
1239178062899576832
1239178251542519809
1239209950397845504
1239227448744689665
1239441259498012673
1239812346979201024
1240972987458818049
1238882285417639936
1238882424127250432
1238878350330003456
1238882149341814784
1238908743062085635
1238925298877575170
1239922563897331713
1239945739389763586
1239976605906239488
1238892386954207236
1238916177117827073
1238932712154595333
1238964556904398848
1238971551216697344
1238972030319558658
1238930298051715072
1238959523215429632
1238975673605259264
1238878718472392704
1238899784104251402
1238904406818598913
1239022767560949760
1239131901950132226
1239132020975927304
1238922388806434818
1238930655741788161
1238959228334813185
1239086251967262721
1238964605914951680
1239025634749415424
1239020996578942977
1238974789370425345
1238973151608012802
1238917674035544064
1238905745443303427
1238929893817188358
1238910967897042945
1238925790731010048
1238930352468635655
1238933111305617408
1238933649933950976
1238934041241563137
1238933796063494146
1238935551354552320
1238937963620417542
1238938557454127104
1238938627410923524
1238937705897177088
1238955376382562304
1238949264547549186
1238950775725965318
1238972405772623873
1238961779822276609
1238932465500258304
1238942846184554497
1239258412489355265
1238911610560921600
1238935152820195328
1239123539934023680
1239399919313698816
1238890550234923012
1238980827423399936
1238980946562449408
1238968005180129281
1239065114860453888
1239066829605257216
1239067347333324801
1239068511839965184
1239068774071967744
1238897289999142912
1238959391958859777
1238879884124045312
1238882303817940994
1238882320930746368
1238892023106715652
1238894015753453569
1238896990970355713
1238979454162042880
1238986402899034112
1239021283028934656
1239182160373985280
1238933883233722371
1238898603420258304
1238904181802569728
1238974058273832961
1238991420020719616
1239004448216752133
1238998145180348416
1239120326316953600
1239150307642400768
1239220631645945856
1238884309416673281
1238885494387335168
1238885973410406400
1238886166272802816
1238886680649699329
1238892806489485312
1238894534291054593
1238899835593515009
1238901186738245635
1238907841873936385
1238909268532908032
1238909701808705537
1238911061971161089
1238911555409936385
1238912410183962624
1238913605099229186
1238915602527531008
1238932459712131073
1238936037373751298
1238944609058906114
1238945887000440832
1238947757760659456
1238958132077920256
1238962222845624322
1238966604941099010
1238915655023448065
1238876205190975490
1238918190861860866
1238930941764132864
1238935771928805379
1238941032504594432
1238943274523594759
1238943838330290176
1238946660887285762
1238946073302962176
1238953708161032194
1238972776259694593
1238972962897899521
1238976239374946304
1238978408152997889
1238981190213828608
1238982193088729088
1238918122222034944
1239068409381486592
1238904659512823811
1238909922622025729
1238933652647694338
1239051287871832065
1238889755812773895
1239055367092539394
1239067353838686209
1239082374186532865
1238905206282301440
1239008249313198082
1239809652298219521
1238883011032162305
1238908404091047945
1238947068351328263
1238918403735379970
1238884720366235649
1239161227831652353
1238921238493515787
1239159534666555392
1239092477598064640
1239103746782777344
1239138244048179200
1240176053861134338
1238886136900210689
1238915433316651008
1238887559775891457
1238931865039507456
1238941850989481985
1238946492531998723
1239101563869814784
1239156079403073536
1239163240866820096
1239066266217971712
1239195700304412673
1239199908730732546
1239200862217678849
1239202474554208260
1239200770257498114
1239203371925622785
1239214200255401988
1239215885207982080
1239197527100067841
1239203069344264192
##1224584105729327104##
1224584105729327104
1224589134410452992
