##1228527747208749056##
1228527747208749056
1228532335223746560
##1228736914771058690##
1228736914771058690
1228742772288638978
1228755135846809600
1228738628400164868
1228755244730986496
##1223344879465529344##
1223344879465529344
1223345340096688129
1227882991357173761
##1226854874857472001##
1226854874857472001
1226874097466007553
1226876092025315329
##1226921929581506563##
1226921929581506563
1226924058941497345
1227162978241433601
1226937945363484672
1227162956850397184
##1226950477897719808##
1226950477897719808
1227411559418335232
1226969755443134465
1227009045833359360
##1227198040127217666##
1227198040127217666
1227198802362327040
1227199711511302146
1227199006696189952
##1227238786091761666##
1226652193501175810
1225815408013402113
1225499614444478464
1225072388913627136
1224370357257285632
1223732278444142596
1223250499480231936
1223046995524440065
1222902226588332033
1222569587428020237
1222265341784535042
1221823640951496704
1221487412909682688
1221189575785222145
1221151126231355394
1221156768094543872
1221164423131402240
1221169617109909505
1221171447361626113
1221175251498938368
1221176272220557313
1221180753792421890
1221182839275900940
1221194341261238275
1221430210228375554
1221433078310154246
1221435063260282880
1221435943791611904
1221439997234032642
1221441348550758402
1221452099126464512
1221486331693621250
1221491084561408000
1221496660506959873
1221499763398533129
1221808102225403904
1221809039614599169
1221815179706544133
1221816495875010560
1221817383121309697
1221823021624762369
1222132703618904064
1222137011961761792
1222141115626938369
1222142434852904960
1222143353707429888
1222145425102295040
1222147202786758658
1222153181439963136
1222156250986766337
1222533149349072897
1222534339671613447
1222542601695506434
1222542979803553793
1222553557871800322
1222554971511697408
1222557496155549701
1222559089579917313
1222564734802833408
1222571143414145024
1222636913850572800
1222668942939951104
1222671588627271681
1222888155432357891
1222895020132335617
1222896094247440386
1222896986971488258
1222897970170847236
1222904954777554946
1222960486465052673
1223044363644739585
1223045052433342464
1223045154300420096
1223045490700378113
1223045633667366913
1223046027080540161
1223046540496986112
1223048081589047299
1223048820033978368
1223050743218872321
1223051506376679425
1223051758932500480
1223051958258470914
1223052133047644160
1223052339910672384
1223248255351508993
1223254724394332161
1223629619561160704
1223632105063747585
1223634023672578049
1223637843010113536
1223638271172993030
1223727839792463872
1223729877184020480
1223730370522288135
1223736742886486022
1223739818154373122
1224010188841193473
1224011770823692288
1224029851574853633
1224350956202156033
1224363147601072128
1224365010186592259
1224378268834566144
1224731831599321089
1224732573592641538
1224736560622579713
1224746003321978880
1224751011954417667
1224754546062319625
1225067319992504321
1225070833355325440
1225087543655485440
1225089627285082114
1225091507323133952
1225094799885246464
1225100088562896896
1225103494350360577
1225161109025566726
1225492501139742720
1225498609078153217
1225504456055365633
1225506005569679361
1225544533737340929
1225803820485300224
1225806408903512069
1225808599362002944
1225810068505055234
1225811369569722369
1225812532427919360
1225815700922605568
1225816111956054017
1225817035503996929
1225818237981601793
1225819745083109377
1226141329098465280
1226142380694392832
1226146793395834880
1226647353391751168
1226655573388746753
1226892099028705280
1226895676614889472
1226928199013146625
1226931866042806273
1226994220420009985
1226996906494251008
1227002176041553927
1227004654699057152
1227238786091761666
1227239916884484096
1227243407095058432
1227656423737380865
1227657595231625222
1227659299796725764
1227788870026219520
1228085878301634560
1228090224590434304
1228092228414951438
1228094021618323456
1228265161250742272
1228713913556008961
1228714793449775105
1228717366747566082
1228719014655950848
1229101505984241668
1229101778618265600
1229818472508612608
1229826436581789696
1229828372202696705
1230193849965957122
1230194632346292224
1231405014595362816
1231794892399091713
1231796562398937094
1231800086616825856
1231800950760845313
1231802254103076866
1231804312076115968
1231806008269430784
1231832094348845056
1234330433170612224
1234334118277718016
1234533365891698688
1231406755286048770
1231525770725642246
1230195781279342592
1230250684940943362
1229024622978400256
1229100573414297601
1228716612062253056
1228283548504907776
1228331158376722435
1227797646997409801
1227803025303011328
1228051851653910528
1228067827032170498
1227239892742103046
1225749646724780032
1227046447947927552
1235883854910668800
1223635053672005632
1223065112543682560
1223247181223809024
1225038248113836032
1224986975092072452
1222157182969569281
1222163318175084544
1223070291439640577
1221998988402003970
1225155833471938566
1221948668309315585
1228245614611378176
1221445748560211969
1223742642992877568
1223837580510334976
1222534294368813056
1223289165456068611
1223289452828745730
1223289303398150144
1225112839750373376
1221907712658804737
1222029151630172161
1222085297774759936
1233425746259038208
1227815121562398727
1224378852484567042
1225191847288504326
1227046695042723843
1225499833378770946
##1227283544390529024##
1227283544390529024
1227302027413348357
1227315000076906497
1227287885537259520
1227288146892742658
1227325108236230659
1227480037093453824
1227441902640869379
1227479040103198722
1227314902953582594
1227480232682283008
1227402998160273409
1227479217425801216
1227374486493835265
1227479346039967745
1227603817442705408
1227315072969695232
1227284532707176449
1227285109881155585
1227285570407354369
1227289654464073729
1227334716921196545
1227336634703712257
1227384039742595074
1227284612486963206
1227298426578259969
1227312138827505664
1227315448192098304
##1222802038209290240##
1222802038209290240
1222802919516463105
1222805883442409472
1222931213566074880
##1222802919516463105##
1222802038209290240
1222802919516463105
1222805883442409472
1222931213566074880
##1235599692576284674##
1235552711875035138
1235586063113961474
1235553386432360453
1235553910519193607
1235599692576284674
##1227440094929465350##
1227440094929465350
1227446392622325762
