##1240776234579234822##
1240772710621462528
1240773012292599819
1240773136645337089
1240773396151046152
1240773693158109186
1240773981298401281
1240774619063373835
1240786292163690502
1240795722682859522
1240813730411225091
1240877631513526272
1240914100441366529
1240943108491116551
1241141306514116608
1240776234579234822
1240772917157400578
##1240782111688339462##
1240700708967464962
1240700972063543297
1240707519414067201
1240700829016813573
1240700864127356929
1240700917147566083
1240701130499227648
1240701242835255300
1240701243778985984
1240701708272955392
1240701962665881604
1240702786959863810
1240705325847793665
1240705968444342272
1240710940213026817
1240721883613495297
1240752823962349573
1240757718975016960
1240767051599425536
1240782081371897857
1240782111688339462
1240784295729520640
1240807654336991236
1240887666025136128
1241025378233262081
1240941936581595136
1240700921480237056
1240857120800718848
1240940229919485952
1241585324884725765
1256287142961197059
1240748344802250754
##1240684514898132992##
1240684514898132992
1240696130679091201
##1240773293659095047##
1240772378302578689
1240773293659095047
1240773555857604608
1241280398681931776
1242560237221142532
1242561584507105281
1242562370876178432
1241280945736597504
1241281008265281538
1241283256240259073
1241303652834455552
1241289846808891393
1241303633200807937
1240774076584595456
1240774509638139904
1240774677477363713
1240775536269500416
1240775812590288899
1240773975732559872
1240774520216174593
1240776883538661377
1240777892352733192
1240778399464992783
1240789053425025027
1240789566862262275
1240797692630106113
1241282931609481217
1240782501108428805
1240839449321172992
1240785288923881473
1240800207799009284
1240773194799288320
1240774602764288002
1240773821063454720
1240774618887135234
1240774873544306690
1240800263826542592
1240786545021509632
1240800246705336323
1240791861171806208
1240799902269091840
1240837471442735110
1240848265798733825
1240823867506962432
##1240656512588091392##
1240656512588091392
1240675622642503682
##1240663397915557888##
1240663397915557888
1241148885499817985
##1240698405166256129##
1240698405166256129
1240709965934931969
1240722173402263554
1240701900762144768
##1240702975414169600##
1240702975414169600
1240704040255668225
1243489847446306816
##1240714524606545922##
1240714524606545922
1240715034671620098
1240716316488667139
##1240759135668441090##
1240759135668441090
1240759645288853505
1240802043507466242
1240759717477126147
##1240776386576605184##
1240776386576605184
1240784769128038400
1240785034329690113
1240785265586851840
1240786415815983105
1240786664630476800
1240787936855162886
1240788600997982208
1240788817130467328
1240789156214775809
1240790097362063363
1240790546454581248
1240790832355082241
1240791138304438274
1240782084123344897
1240783890534600708
1240784200141352963
1240784674026381314
1240785447640543232
1240786579662258179
1240787464496824320
1240788049191145472
1240788269220200448
1240784320366817281
1240811374793625601
1240849083654381572
##1240777901903052800##
1240777901903052800
1240796714828795905
##1240779454437306371##
1240779454437306371
1240782363749122050
1240782571606290433
##1241141215950770178##
1241141215950770178
1241337012961099777
##1240665098106146817##
1240665098106146817
1240687257712918538
1240690399355604998
##1240738145127354370##
1240738145127354370
1240739078649327635
##1240744487074385921##
1240744487074385921
1240746652299862016
##1240782255280336898##
1240782255280336898
1240783478553264129
1240792112121118720
##1242096031145361408##
1242096031145361408
1242096224221761537
