##1234478784407052288##
1234478784407052288
1234559063440183296
1234560349531254784
1234534664376811523
1234580150060224513
1234555439234371587
##1234543584948428803##
1234543584948428803
1234552356026671106
##1234559566203019273##
1234559564516818944
1234559566203019273
##1234573265164783616##
1234536207247380480
1234537638637588483
1234537596182781954
1234589647310917633
1234538268479365120
1234540028497453058
1234555359777390598
1234555929238089734
1234558812218175488
1234560285668671488
1234562468099379201
1234583794625269762
1234584876399124480
1234618064790073344
1234649098411794439
1234677935040188417
1234717439667118080
1234719901253763072
1234743691572645889
1234769721939169280
1234913599920967685
1234589691074273280
1234590879400308738
1234552205027553280
1234558289477873665
1234557783170801666
1234587706417647617
1234540088324956161
1234542238010613762
1234560367973498880
1234566124857155593
1234591787928428545
1234601910155513856
1234708052978343943
1234573265164783616
##1234573457561673730##
1234553134879514625
1234554167861161995
1234574176205332481
1234561647655735298
1234593707334291458
1234695633279291393
1234752358866989056
1234562976373465101
1234696159144415233
1234867605325983750
1234599366163357697
1234794525618528257
1234784444382351361
1234794634871701504
1234797413203881984
1234872528096710661
1234559065059184640
1234559001603584000
1234876225379872768
1234558743427375104
1234559461081145344
1234563706891251712
1234560545719824384
1234555202180714497
1234557749075283968
1234594680685375491
1234604050253045766
1234596594365980677
1234601537307127808
1234581526085603328
1234593609443414016
1234580405413650439
1234615176583925760
1234570615232831490
1234578342269116416
1234579356644782085
1234592970013335558
1234596544969682944
1234696319912026112
1234876270867091457
1234596886633381888
1234710539546382336
1234586700728426502
1234555831087255552
1234596597058691073
1234597499366727681
1234597826870599680
1234598200130129921
1234601252174073856
1234601810092011527
1234602363647819776
1234589854064955400
1234590314255601664
1234556483100082176
1234586046786146304
1234554011942113280
1234555447937552384
1234556443799572481
1234560475599441922
1234597450717024256
1234639207999721473
1234590292734566403
1234590488478572546
1234553378677633024
1234577209341435905
1234554178242043904
1234554890309046274
1234555792117948417
1234564199466008576
1234565677933002757
1234566544614666240
1234574420016082944
1234575578801541121
1234586194043949057
1234588208433856516
1234553594826850311
1234593446159101955
1234562135201587200
1234574370875592705
1234745442568720384
1234583281410224128
1234591741073817601
1234554996471062528
1234585463249416192
1234585622226055169
1234618743206141954
1234586275665018880
1234558911476305920
1234575919085432833
1234598056642871297
1234731845700509697
1234731909198024704
1234588507454267392
1234594601878593537
1234594921966919691
1234595596750770178
1234595811905933313
1234595968601010176
1234601290203881474
1234601903088185356
1234603061450022912
1234603102579363842
1234604133765799939
1234604518018551808
1234617227984412673
1234646190110789632
1234664504060854272
1234682858087731211
1234690802145800197
1234587489182068736
1234594144716251137
1234709501107896320
1234719682105659392
1234725049648795649
1234754258349838337
1234754906420105216
1234773595798351872
1234774714058448896
1234686567379169280
1234849779286519814
1234856738924396551
1234555220010717187
1234581191677939715
1234614391917760518
1234558331316047872
1234587451286544389
1234600684785414144
1234589896192536576
1234554839583141888
1234555381185208325
1234592212001968128
1234592357296869376
1234556132905177088
1234554728098549760
1234558269273890816
1234554163369041924
1234554413794066433
1234556557360275458
1234563480981770242
1234591319932260352
1234554071903764483
1234554771727671302
1234554892204855301
1234555085088313345
1234555349513986048
1234567275279265795
1234585173091590146
1234555024514129920
1234556009269600257
1234556414334525441
1234556628625764353
1234557047879995392
1234557187072122883
1234564141375000576
1234566348103200768
1234566505678983177
1234566534976110592
1234567935953448962
1234573311218192389
1234573457561673730
1234576198359044096
1234577844417810432
1234579841896341510
1234582498513969154
1234582926618132481
1234584546202521606
1234584767649189891
1234585438414876672
1234587077943189504
1234587839402299393
1234588154335834113
1234588442916532228
1234592231044063232
1234593109897613315
1234593901991940098
1234595624168894464
1234596036317982721
1234596135588843522
1234596366548160512
1234597633831952384
1234598368615288832
1234598867934556162
1234600314529046528
1234600621887676416
1234600720361558024
1234601795730759681
1234602829026877447
1234603471237677062
1234606373138239493
1234663451840020485
1234695072261853184
1234714163479486464
1234770499726692353
1234840430610698242
1234559486309928966
1234577577462968324
1234558812503396354
1234555761839280128
1234557295490629632
1234558261732499466
1234564781958467593
1234571387567734784
1234573226384207883
1234583517541097477
1234598969973579776
1234602258530283520
##1234573523508748291##
1234555819242422275
1234575187456253952
1234581703915712512
1234565277263761410
1234591262034059269
1234600353217359876
1234609365040193537
1234568133920337920
1234578778401181698
1234584276265504768
1234586883667251206
1234592271238123521
1234594567690899457
1234573523508748291
##1234490120541212672##
1234482723340922881
1234490120541212672
1234490655797391365
1234543228474576896
1234594322441437185
1234831282678444035
1234538596322988032
1234556257740230656
1234554015691747330
1235247775270555649
1234552511496892419
1234575474849964039
1234942245645803521
1246239436490395649
1234565176663400448
1234566449668161536
1234579545321283584
1234533476491309056
1234561371209191424
1234560416048656384
1234568938106822657
1234597104489844736
1234619592112250883
##1234521492643307526##
1234511544874078209
1234521418295107584
1234521492643307526
1234511823342383104
##1231547560466227201##
1230500071122206723
1231467331051651072
1231137024133992448
1231466574051102720
1231204240061878272
1231862471771803649
1231918927539769345
1231554548378013699
1231555360151879680
1231827375043809280
1231831884872605696
1231555389252161538
1231556049531879427
1231556583269773312
1231479008048689152
1231556301756325894
1231616777332850689
1230500253666811906
1230504382241869824
1230507345840570371
1230512340111630339
1230621444108963840
1230768338529181703
1231137064558714880
1231669768601600000
1231823600635785216
1231914316196012035
1232291300810031105
1232291353146642434
1230500550128685056
1231479872612114434
1231575562189234176
1231547560466227201
1231553514490363910
1231610964103049218
1232261091297812481
##1231664515105816576##
1231642049042141184
1231643289855631363
1231661760177999878
1231664515105816576
1231680651419701253
1231689686390910979
1231647293943767040
1231643575403909120
##1231966610736472064##
1231966610736472064
1232255258073686016
1231976771282776065
1231990360404090885
##1232052441446834177##
1232023354984615936
1232052441446834177
##1232328899222233089##
1232049986877173760
1232050904599334915
1232051137588547584
1232051694592253954
1232071683256803328
1232082239883763712
1232082296079028225
1232087697411526656
1232118073060052992
1232050507184771073
1232328899222233089
1232329143154548736
1232117695060967424
##1234544204019314689##
1234544204019314689
1234544830136668160
1234545012664344578
1234545268546293760
1237884531161444357
##1234493885226897409##
1234493885226897409
1234494914534297600
1234494878656143361
1234536051584139264
##1234485229068226562##
1234469200477007872
1234485229068226562
##1234730049284141056##
1234730049284141056
1234733991082831873
1234745208098770944
##1231269100464332814##
1231269100464332814
1231928835039485952
1231733575629844480
1231523042960039936
1231545912847163393
1232572439336538113
##1231662568508469250##
1231662568508469250
1231663099641520132
##1231681271299964928##
1231680386062782470
1231736545297813504
1231681271299964928
##1239318693546545154##
1239318693546545154
1239319123001311243
1239319303310249985
1239319692508004353
1239320586586927104
1239320194406920193
1239320359360516096
