##1226906925893406720##
1226901523868901379
1226902124094775297
1226902528811507712
1226909679764344834
1226912245499781120
1226901979219316736
1226901599781441536
1226903414895972352
1226906925893406720
1226901817998614529
1226901940719751168
1226902024899497990
1226954686638546944
1226902436893294597
1226946106401185804
1226902136317005824
1226902252339834881
1226902345285603328
1226902401598316544
1226903104043601923
1226903816961961989
1226903950269571073
1226904021740531716
1226904573861924864
1226904684062965765
1226905029581451264
1226906326871224320
1226906937662615552
1226907961227972609
1226908497155182593
1226908717213458432
1226908818254311425
1226910430712430592
1226915562716045313
1226920217055547392
1226930718258888710
1226936917461229575
1226937926422016000
1227003587865272325
1226903233739751424
1226905709679456258
1226902209612390400
1226905653958053891
1226909556393041920
1226909769732153344
1227070406126919681
1226902247549931523
1226902695367278594
1226902441423142912
1226969317578854400
1226903640369172480
1226911163503513601
1226954876795617281
1226901700121899014
1226901872595886080
1226901879319388165
1226901918544474112
1226902124031856641
1226903291793223687
1226937107639414784
1226940493285687296
1226952954478903296
1226985829081456641
1226987728610451459
1227129868263010305
1226903797357740032
1226902684101488641
1226905042499899398
1226928714358894594
##1222635836640059393##
1222635836640059393
1222636032430149633
##1222637988657737728##
1222637988657737728
1222654780805468160
1222889161478135809
1222646073098981377
##1222642761003937792##
1222642761003937792
1223941587551637504
1222645991662329856
##1222662184058134528##
1222662184058134528
1222675705185611777
1222762965734215681
1222668857980211202
1222804285429174273
1222664120295665670
1222672451286552577
1222738707691778048
1222965316789198848
1222971775056785408
1223033875833724930
1223138811619827712
1222672712771997699
1222670141768577024
1222703478637809666
1222703637673189377
##1222662509129322497##
1222662509129322497
1222789101516140545
1222662995576328192
1222683199618371586
1222843300668944385
1222778424361656325
1222843221270769664
1222860016832655360
1222875605030653952
1222876480746786816
1223039081753518081
1225133870787506176
1225137159864311811
1222854057448132608
1223297572284125187
1222759004067323904
1222876349745987584
1222868865132257281
1223033570995974148
1225136387936137222
1222708610893000704
1222753167089262592
1222799309399379970
1222744197595353089
1222748524569419776
##1222993763254931459##
1222993763254931459
1222994234233565185
##1227565288864047115##
1227565288864047115
1227567329753673729
##1232807735911211008##
1232660533989519364
1232698975175704576
1232699941711228929
1232701390008602629
1232883593225080833
1232909772199997445
1232669862574665731
1232883822485790720
1232677210571575297
1232784597601128451
1233016191117090818
1232730603910463492
1233984928930463744
1232661695404920834
1233023451398656003
1232667412232884224
1232661178951839745
1232664456842371072
1232693707285180418
1232774332360855552
1232664912213762048
1232686236004995072
1232935113782157312
1232938515220094977
1232666765227888640
1232953605348564992
1232662779993165826
1232695664754085888
1232782745690046464
1232884246517186560
1232697475468873728
1232704390374576136
1232661236766138368
1232663186647736321
1232671577046736896
1232672106787332097
1232776126830981123
1232680767953698816
1232675530312425472
1232710002336501760
1232712199724052482
1232669306422546432
1232672348785999873
1232674991482851330
1232684155055616001
1232687134378725377
1232713282483556352
1232713749129302019
1232718670889209859
1232694107459457024
1232694802812227591
1232737386561462273
1232738122967986176
1232738737890713605
1232739273176223744
1232742066112933889
1232742820261376001
1232742992164708352
1232660880061497345
1232669928899121157
1232668799230529536
1232743768228605952
1232664600857935873
1232680524507906048
1232677066656681987
1232746225625108481
1232663944805933056
1232662404703694848
1232699103622189057
1232661493046534151
1232662502183448578
1232679516327333888
1232681434755796992
1232693380213346308
1233053407847571456
1232660797396078592
1232661010051477506
1232661830587355136
1232662041133043717
1232663876677914625
1232666820458549248
1232670244449198080
1232670754875027463
1232672136319377408
1232675584272216065
1232681656919740416
1232701766350843906
1232714415289634817
1232721675709534209
1232723988763287555
1232726706735271936
1232739566953664512
1232772414381207553
1232661132818685955
1232661362750492672
1232661609023234048
1232661648869068800
1232661668020326400
1232661990314782721
1232663471159992321
1232665354461220865
1232668501342552066
1232670787825520640
1232671726196187137
1232674821764452353
1232679315139186689
1232682806532329472
1232684944725598208
1232685159499038721
1232686558245015554
1232687471311380480
1232689062433230849
1232691076273778688
1232693925036593155
1232695254391885826
1232696369925828610
1232700351788261381
1232709636811304961
1232712803485704192
1232718766796103682
1232723978227089408
1232741205466849280
1232745397325529090
1232746548028682240
1232747510348886018
1235603142592671745
1232713277500743687
1232714029422055425
1232715415366897668
1232767680974925824
1232769154740051979
1232775768603799561
1232779995887607808
1232726636128296960
1232667452439506944
1232712460504838145
1232668102103650305
1232669934762807296
1232762012733726726
1232771519287353344
1232778861953331201
1232789692778762246
1232801947796807681
1232854414949482497
1232881272608960519
1232951621967106048
1233264636750958594
1233491253054124035
1234851717096800258
1233296249312423937
1233309076462936064
1233326926451937281
1233442140883243009
1233465636833112064
1233467903346978817
1233481499221151744
1232751413857484802
1232752780894404613
1232660763631898624
1232660782871085057
1232660839896879104
1232660859668910086
1232660895332999168
1232661452496023555
1232661478215475201
1233183520543137794
1233243233683197952
1233283910852894721
1233290222500286466
1233772204632002560
1233882484208742400
1232742505524932614
1232749008872931330
1233165481571504130
1233178906330574848
1232661510813601793
1232661566400745476
1232661583236599808
1232662001651982341
1232662025521811456
1232662058107363331
1232662110305423362
1232662183668043786
1232662184074842114
1232662277943386112
1232662283316232192
1232662468897406984
1232662505660538880
1232662507405398016
1232662866513166337
1232662891393929219
1232662965415006211
1232662970284617730
1232663262220705792
1232663299059322880
1232663356370276354
1232663563375910914
1232663582556508161
1232663951164559362
1232664145499217920
1232664183671525377
1232664507010494464
1232664629182111745
1232664673402675201
1232664777840832514
1232664874498523137
1232665079973367809
1232665161758101504
1232665568312012802
1232666062472318976
1232666118847967234
1233152474179162112
1233126234764271616
1233138954028953600
1233146052074704896
1233152307178676236
1233233872718004225
1233348797029396482
1233366877587591168
1233412565524504583
1233447460355428354
1232666256576274433
1232666807292612608
1232667449935441921
1232667909119447046
1232667972285628417
1232668973956816905
1232669042546266114
1232669542024990723
1232669574249828354
1232669685457526784
1232670430894469120
1232670598146535424
1232670635094093824
1232671071922532353
1232671209042710528
1232807735911211008
##1244397384416755721##
1244397384416755721
1244415640615731200
1244428688378269698
1244433115717799936
1244435103822077952
1244436046483521537
1244437043872256000
1244438682951655425
1244441087722295296
1244443910732218371
1244568381182939136
1244398306995961856
1244399026386190345
1244399562506338304
1244400210434031621
1244401127250169857
1244404118409666560
1244400627154903046
1244401554184114178
1244415378928939009
1244416291244519427
1244419391653130246
1244419784969801730
1244415950180532225
1244400815965683714
1244402716249657344
1244405227006169090
1244405786371112960
1244407802015162368
1244414735614951425
1244419620691460097
1244427691148955649
1244591200369344513
1244415290328440833
1244417113193951232
1244427900293713921
1244428265110016006
1244428932256083968
1244434901815816192
1244568497876873216
1244398325002047490
1244398624844455936
1244546012221505541
1244570751770021890
1244604327181922304
1244605931310153728
1244637899049578504
1244568581846810624
1244397568798400512
1244398600978907136
1244482881403203584
1244568444969848832
1244506964572418048
1244568529078308864
1244427722199306241
1244440755600601089
1244443882521350144
1244442890396368903
1244443602874503168
1244443818432356358
1244428698163560448
1244435224961875969
1244436980638920704
1245064459275644930
1245073990395232256
1245074656358473728
1245075550391189505
1245101690786852867
1245075231217192960
1244442914815688712
1244568421351727105
##1227652778182529024##
1227652778182529024
1227654985674035200
1227655526286319618
1227653941699149824
##1223672259392495616##
1223582346856861698
1223583075868778496
1223584983278899202
1223582574582300674
1223583172681703424
1223583191933636608
1223583372943003650
1223594728794529793
1223596381849387015
1223672259392495616
1223694476821987328
1223966543714967554
1223582993886990336
1223583028229935105
1223583454987784192
1223585241589260288
1223586388966301696
1223587400313638912
1223594967731523584
1223630574251888640
1223778142231416832
##1234195486317449216##
1234195486317449216
1234201219037630465
##1233111310377852929##
1233111310377852929
1233125454544015361
1233146268706365441
1233115790435651584
1233119159392899073
1233119883442999298
