##1241140059174318080##
1241140059174318080
1241145828728848391
##1241860881719451654##
1241860881719451654
1242165232279203840
1242174192575021061
1241863050279432193
##1240702328312713217##
1240702328312713217
1240703647803002881
1240704562303864835
1240705074722201600
1240705336266244097
1240705837611372544
1240702802671747072
1240704669963321344
1240703356751843331
1240704622764765185
1240716909416456193
1240718960657604608
1240724000218722304
##1245931990332739587##
1245931990332739587
1245944564424327168
1245942728292282370
##1246430804428890114##
1246430804428890114
1246508441230770176
##1246461417496117252##
1246461417496117252
1246462635673075715
1246465703634513920
1246467032998203397
1246531939189784577
1246533149762490369
1246556153523421186
1246470282199683077
1246562086861275136
1246570218329116672
1246912431353364480
1246914136975564800
1246839493325402112
1246899039595114497
1246586326717280257
1246589027924533248
1246839692445827073
1246899249213845507
1246941653266546690
1247279462699487232
1246600087532441601
1246562588864983040
1246561989834551301
1246475922838114305
1246554075451330561
1246465039650955266
1246561430117154816
1246695711141494787
1246900054968934400
1246900878164086784
1246902344593391623
1247024751069069319
1247280303850295296
1247024649537564674
1247278707896659968
1247279123258585088
1247279176262078465
1246509831286075394
1246571222126731265
1246571611702034435
1246571910374264844
1246572339774533632
1246572484696121344
1246575245017972736
1246575443697958913
1246576326057787398
1246654155650973696
1246900813890490368
1246491545668378626
1246553326734446593
1246915490943041537
1246932755637768192
1246536795912916996
##1246465703634513920##
1246461417496117252
1246462635673075715
1246465703634513920
1246467032998203397
1246531939189784577
1246533149762490369
1246556153523421186
1246470282199683077
1246562086861275136
1246570218329116672
1246912431353364480
1246914136975564800
1246839493325402112
1246899039595114497
1246586326717280257
1246589027924533248
1246839692445827073
1246899249213845507
1246941653266546690
1247279462699487232
1246600087532441601
1246562588864983040
1246561989834551301
1246475922838114305
1246554075451330561
1246465039650955266
1246561430117154816
1246695711141494787
1246900054968934400
1246900878164086784
1246902344593391623
1247024751069069319
1247280303850295296
1247024649537564674
1247278707896659968
1247279123258585088
1247279176262078465
1246509831286075394
1246571222126731265
1246571611702034435
1246571910374264844
1246572339774533632
1246572484696121344
1246575245017972736
1246575443697958913
1246576326057787398
1246654155650973696
1246900813890490368
1246491545668378626
1246553326734446593
1246915490943041537
1246932755637768192
1246536795912916996
##1246472911994736641##
1246066589964746753
1246472911994736641
##1237623583502983168##
1237623583502983168
1237633466256195585
1237628971048734721
1237754094124761088
1238007972984492032
1237753200633155584
1237624435869462528
##1246580685286060034##
1246580685286060034
1247559815267856391
1246826675280793601
1246588294000979973
1246602243761209346
1246800744126328833
1246583700445421579
1246633724130852864
1246896936147451910
1247116384624091136
1254869423401418752
1263828743912644608
1246582640238624769
1246611433758081030
1246582027173933056
1246703846514188288
1246697055839498240
1248606175014207494
1246582565365923841
1246820384466522112
1246826803693584385
1249603354608701442
1262400468019490821
1262400823432286213
1246582586715049984
1246759942536810496
##1247622619517652996##
1247622619517652996
1247647956012072961
1247648294278397954
1247625336306663430
1247633592123080711
##1237415099289276417##
1237406868064088064
1237407685101924352
1237443632900308992
1237421599315329024
1237443760327360514
1237408608742256640
1237443567041286144
1237407457049284612
1237407638918516736
1237412011820154882
1237412287595581440
1237409307290894336
1237409346415460352
1237411077228507136
1237412065746325505
1237412077200908288
1237414789296447488
1237415099289276417
1237417165424295939
1237460746386243590
1237638866540072960
1237766642056208384
1237455738072633345
1237531873066115073
