##1225388704321110018##
1225388704321110018
1225390048562106375
1225391121955803139
1225697195657052162
##1225157090420969473##
1225121690713280512
1225135872397455360
1225136714718511104
1225130945155674113
1225131179046731776
1225128279155380226
1225128669368258562
1225128799693656064
1225128948700536838
1225157090420969473
1225136979521740802
1225302663958429696
1225137856886296583
1225300077306052608
1225419793123225600
1225137811206168577
1225137987597541389
1225205446866280448
##1242954929020362752##
1242951563880083456
1242954929020362752
1242959185630965761
1242961484730286088
##1223673204553764864##
1223673204553764864
1223678720592007169
1223680147225792512
1223681314840371201
1223681964630323201
##1223681477243809792##
1223681477243809792
1223683296271441926
1223685086765289479
##1223947189690478593##
1223947189690478593
1223948672330870787
1223950185342042112
1231130365525417984
##1224052467383644163##
1224052467383644163
1224052729326325760
1224053955963097094
1224059618965557256
##1224054291528404994##
1224054291528404994
1224056108676939781
1224057118812143616
##1224057993681145856##
1224057993681145856
1224058581332504578
1224058779521687552
1224059066848284678
1224059193033883648
1224059553588940800
1224059718529900555
1224060092624113664
1224059563655254016
1224059951397703680
1224060190640803840
1224060300661592065
1224299251410317317
1224302284038909952
1224317117543133185
##1224090652444712961##
1224090652444712961
1224361290220670977
1224361383443292160
##1224566916699824128##
1224566916699824128
1224568740483911686
1224567685532602368
1224567733796339712
##1225694855650656256##
1225694855650656256
1225776753295183873
1225760539193806849
1225776936867319808
1225777000528465921
1226415093241524225
1226446532418973696
1226454625345294336
##1225802609996382209##
1225802609996382209
1225816328952598530
1225817199614537730
1225803279604604936
1225804377409105922
##1228658790171627521##
1228658790171627521
1228690278791417857
1228734327439142912
1228666420009078784
1228877499322466304
##1228680371430199296##
1228680371430199296
1228691000757014528
1228804403945230336
1228873765465083906
1228926377459666945
##1230845239428108289##
1230835080614088706
1230836987218812930
1230837272347586560
1230837734190788612
1230838046012125184
1230888423596134401
1230835558743707651
1230835685155917825
1230835846061924353
1230835877988925442
1230966145026609155
1230874591746240512
1230874695479721988
1230837247827677187
1230837391985987584
1230837823617556484
1230838411797389312
1230967545747951616
1230838814546984960
1230836818326773764
1230866849233063939
1230869580203077633
1230869700982321152
1230836690933207040
1230850856771301377
1230891903949975553
1230965561955364864
1230844188075446273
1230836537690071040
1230836715742322688
1230874163579101189
1230867119585271809
1230894476425560065
1230837149903314944
1230838918779674626
1230855825054478338
1230856339724918784
1230835606642733056
1230835967357046786
1230836233066164224
1230837118450176000
1230837175496925185
1230837606876925952
1230838963788820480
1230840019021115392
1230841591360901122
1230846039705387010
1230847088327634944
1230848701121343488
1230854751174176780
1230860870437212160
1230864292972572672
1230869716270534658
1230875718948704256
1230879420740751360
1230889114750398465
1230905106561994754
1230913190235688965
1230888743080321025
1230891903840870401
1230891852754227201
1230892198989893633
1230857239130497025
1230857547097268226
1230874341841285120
1230874444752674816
1230878066693623809
1230878123836805120
1230963967280996352
1230965422641569792
1230972343448670208
1230974778137292801
1230974900845907970
1230975052444770305
1230836107417411585
1230836528865333248
1230837254416932867
1230837395639218178
1230837662245949440
1230837721591164928
1230839047662297089
1230843842527670272
1230845239428108289
1230846072689504257
1230846386171719680
1230852101233922050
1230852131034468352
1230856866516930565
1230858387375755264
1230860358837002240
1230861394406518784
1230863397945794561
1230864752928284674
1230865438088859648
1230869512632852480
1230870244853506050
1230870462151958535
1230875031103823872
1230875183264804864
1230880423921803267
1230880848674795520
1230883364447584256
1230884827425099783
1230894142101868544
1230894172015677446
1230896857020346369
1230896940520480768
1230899139996737539
1230899902764535810
1230900197221425152
1230901613696634882
1230902139058348041
1230902605687250946
1230907257984028672
1230907435076014081
1230922482569416704
1230922582473560071
1230926401466961922
1230927973454405632
1230937199211880448
1230938722654474241
1230941748861509638
1230944459426275328
1230944611109146629
1230945217567690753
1230975263275655172
1230985994259910657
1231060146362757120
1231060227321221120
1231123387281481731
1231155089370304512
1231156169634279424
1231190048944611329
1231230296995090434
1231487504790020096
1230837211588898817
1230875091493380097
1230903546050236416
1230837120333492225
1230966583830470656
1230842116974227456
1230855116015783943
1230854238571565056
1230892671163609088
1230840705502916609
1230841387601551361
1230846934446854145
1230848830125608960
1230870456544219137
1230873723789598720
1230879730368491523
1230880451201568769
1230881435311054848
1230881723484921856
1230888324501512193
1230890983631527937
1230891098610032641
1230913438538457090
1230913471895789576
1230913493903323136
1230913533333950465
1230913573053964289
1230916315113672704
1230924328864223234
1230925965481717761
1230927841736495104
1230939547783090176
1230944635855523841
1230959652894072833
1230959657834905604
1230966371179204608
1231082267134570498
1231211367413243907
1231211431711903745
1230899913392902144
1230972469881835522
##1230937473972424710##
1230937473972424710
1230938475240751104
1230939616309542913
1230940387449221121
1230943780632748033
1230940638558007296
1230940720212717569
1230937765879173122
1230939728297504768
1230940860965179401
1230943831933235201
1230939321223581706
1230940550586609665
1230944210448257031
1230944301926014978
1230939760803418113
1230938314380914689
1230939675990380547
1230938489002303491
1230939317209567237
1230958944782340096
1231004126701670400
##1230949088855822338##
1230949088855822338
1230954353781018626
1230957442613350402
1230957974081982471
1230962341656879108
1230962932714024961
1230949638481612802
1230951821356695553
1230950054527217664
1230950744385368064
1230970246393143296
1230973627031531520
1230975464589733890
1231095946097938432
1231080682832695301
1231093015328051205
1231166342243504128
##1231146574065127424##
1231146574065127424
1231147928628211713
1231148776460554240
1231149320013066240
1231149801053544448
1231150338515853312
1231148132307808256
1231149580911357952
1231151036661981186
1231164672751099905
1231168861053050880
1231196056647602176
1231197265768931329
1231147295959322624
##1231165077174267906##
1231165066906607617
1231165069595115520
1231165071100915712
1231165072606666752
1231165074129248256
1231165075634913281
1231165077174267906
##1231200399622918145##
1231200399622918145
1231200899185496064
1231201105411035141
1231235205849063424
##1231324476589117440##
1231324476589117440
1231326351359184902
1231326675633393666
##1232759309815156742##
1232757992032014337
1232758520669523968
1232760269702619147
1232761865018671104
1232762545670434819
1232834028186849280
1232769173375328257
1232775350754693121
1232821395597484032
1232909673994518529
1233029971230253056
1232758793731178497
1232761036547248129
1232762084053659648
1232759160191770631
1232759626657124354
1232884946441773056
1232970554484850689
1232974051490115584
1232786242150031363
1232897019284422656
1232905598674575360
1233007569125416961
1232871723600633863
1233029428302811136
1232760365420875779
1232759330321113090
1232759806429143041
1232759828914802691
1232761080998506500
1232765679977345024
1232765722322927618
1232765956096700425
1232771391235248128
1232771574236925955
1232777087506944001
1232784093546455040
1232794197788372992
1232843642081021953
1232864803389136896
1232867587861700609
1232869949443649541
1232885208648736768
1232886748201541632
1232892322544783361
1232894933545160704
1232916007133552641
1232918399031955457
1232927863134924801
1232930694617235458
1232951229464162305
1232951718725459968
1232954322125717504
1232968512785846274
1232971042861277185
1232971791473238021
1232974276732637185
1232977226083315715
1232990606500253696
1232992814755176448
1232993710784339968
1233001871603830791
1233002913901006850
1233016533212897283
1233040727166324739
1233422358058348550
1232962975629115394
1232965281745641472
1233030279746510854
1232759287778357248
1233030887434006528
1232869943902863360
1232874677099540480
1232887211869249537
1232888135811510272
1233070057099538432
1232759309815156742
1232760011568435201
1232972116242391041
1232762089829216259
1232758368781176839
1232758922508984323
1232765982462050307
1232915794893377536
1232761317779484674
1232761747049779208
1232768701071532032
1232773987350040576
1232780699171721218
1232797072832770048
1232815996383191045
1232825473698320384
1232871463339937792
1232878884707803137
1232913934774128640
1232940328564469761
1232944709271793664
1232949060786688000
1232992495879020544
1233028217939922947
1233050493347389441
1233056347551232001
1233062326271651840
1232766331889606658
1232822453572751360
1232838881583804417
1232930016679387136
##1232784513304006660##
1232784513304006660
1232787555071950849
1232787312754515970
##1232785133859725312##
1232785133859725312
1232880347949490180
1232787523732230145
1232882059598860289
1250396204187484162
1250398053930012672
1232786645235179522
1232786788592345091
1232787109121085446
1232882215895347200
1233026913637146625
1233035127304970242
1233475451814862850
##1233352163566538752##
1233348772618526720
1233349536170618885
1233352163566538752
1233357313853083650
1233491057415016448
##1233490820914982914##
1233490820914982914
1233492556622761987
##1239690875464228865##
1239690875464228865
1239691440307015683
1239699797478723584
##1241470325386285056##
1241470325386285056
1241475393653223427
1241475563518414849
1241475925411352581
1241552688124395521
##1241822974002561026##
1241822974002561026
1241828859038830593
1241826468302372864
1241826837673771015
1241892598371024897
##1242876302937464833##
1242876302937464833
1242877443125514240
1242878893209591812
##1222783775999975425##
1222783775999975425
1222784908684353536
##1234573548972322816##
1234573548972322816
1234586488660254725
1234676655131516929
##1235684682873872387##
1235684682873872387
1235686121390002176
1242749352201895937
##1235987308727488512##
1235987308727488512
1235994430231973889
1235987748651249664
1235996246835412992
##1237711309862506496##
1237684764414554112
1237684943507111938
1237685113414189060
1237783039381569538
1237803409614540802
1237844931147747334
1237689915250552833
1237691706457407488
1237698069296304129
1237685202660593664
1237703269813714944
1237711309862506496
##1237713465143447552##
1237713465143447552
1237718059273551873
1237743719564140545
1237766261108617218
1237784389691625473
1237785028102443010
1237786233616637956
1237823053746319361
##1237802775578378242##
1237802775578378242
1237809998077583365
##1237807040321466369##
1237807040321466369
1237828345603260416
1237831823645966336
1237808135852654592
1237807470736703491
1238006403413000192
1237956741008162816
##1237960267729907712##
1237960267729907712
1237966255056879616
##1238079240551235586##
1238079240551235586
1238132319770247169
1238091610937798658
1238092440520794112
1238142733581254661
1238145615474933760
1238350073312038912
##1238233799592497153##
1238232174270218240
1238233799592497153
##1246285111584325633##
1246285111584325633
1246590900568051713
##1246456391050711041##
1246456391050711041
1246507188056662017
1246539743757770753
