##1240042792883228679##
1240042792883228679
1240047139444658177
1240047778564378624
##1240042797626994688##
1240042797626994688
1240046593568649217
1240047135002963968
1240229719045541892
1240229835634548736
1240230195082211328
1240043047569829888
1240056450510204928
##1240042800189751296##
1240042800189751296
1240047573748133890
1240054892179447808
##1240042804044271622##
1240042804044271622
1240073936844525568
##1251950305123749888##
1251950305123749888
1251950446320791554
1251950733634789376
1251952524518711296
1251952793843195904
##1237076151597764609##
1237076075039129603
1237076151597764609
1237076287786803207
1237111673040908288
1237111752036364288
1237111826321756161
1237111916998406154
##1237076690922283014##
1237076548332728327
1237076690922283014
1237076751357968386
1237084429161500673
1237084480323682304
1237084546417516544
1237084639170383872
##1237076756806479872##
1237076754096889856
1237076756806479872
1237076765090160640
1237076965678632960
1237077844934696966
1237077848873144326
1237077853184954368
1237081429764440064
##1237077137753927681##
1237077033190150144
1237077137753927681
1237077191558459392
1237087702627074048
1237087835221614594
##1237077651308908546##
1237076622366441473
1237077472014893059
1237077651308908546
1237086365164146688
1237091266552266752
1237098507510730755
1237308136811302912
##1237078557949669377##
1237078555474964481
1237078557949669377
1237078560097132544
1237085131728457729
1237085161440845825
1237085174946545664
1237085179526762500
##1237080261206118401##
1237080135372869632
1237080261206118401
1237080328805769216
##1237101815042359298##
1237101795421433857
1237101808679608320
1237101810684485638
1237101812563542017
1237101815042359298
1237101817001119760
1237101819530264576
1237101821400961024
1237101823900647429
1237101825884590081
##1237136859538415616##
1237077120842637313
1237076171084480512
1237076269340254208
1237076586639360001
1237076735918780416
1237076838150737920
1237076933978046464
1237077430583640065
1237077912408522753
1237077984655421448
1237078068503752708
1237078133557334016
1237136490494414848
1237136587902894080
1237136673512751104
1237136783017684992
1237136859538415616
1237136929445105664
1237136998076420099
1237137171007627264
1237137230717739008
1237137289693868032
1237137499484565506
##1221801634659020800##
1221801634659020800
1221808128192401408
1221874064551284736
1221874159216668673
1221891289001680896
1221827314151018496
1221891768058306561
1221802349666144256
1221919359427317762
1221840165724925953
1222017563040919554
1222089296531935233
##1223206900575211521##
1223206900575211521
1223207175205638144
##1223578155497271296##
1223578155497271296
1223578915853217792
1223632805734821890
1223663652756127746
1223635737586864130
##1223689823065661446##
1223689694241837056
1223689823065661446
1223690679899037696
1223691440414449665
1223693135731183616
1223694109455585281
1223963618430992384
##1224024166963261440##
1224024166963261440
1224027594150109186
##1224282632059359232##
1224282632059359232
1224291795892236294
1224286318781517825
##1224447636763115524##
1224447636763115524
1224447645340454913
1224447653213134848
1224447724738633730
##1226072432630521862##
1226072432630521862
1226072438833909762
1226108705478934528
##1226985607953616900##
1226882538901299200
1226884309937795073
1226887804115914752
1226930672847204354
1227224291197976578
1226896976605777920
1226882973540274177
1226883041928327174
1226930778686099457
1226937551434416128
1226908024419254272
1226985607953616900
1226883149512265728
1226992731307888640
1226883152376946688
1226922640536940544
1226924492406099968
1226924842437480448
1226927181609283587
1226892494392176640
1226902979929944064
1226972388933369862
1226975641649762306
1226975997725159425
1226977593120960513
1226965228925194243
1227079748037357568
1226882897027698688
1226884472861347840
1226887903407677441
1226892340872253440
1226898703195176960
1226903423389401091
1226910627639283712
1226980208978341891
1226981581199495170
1227045002620133376
1226883190767353856
1226893415847268352
1227139582854094848
1226911086483574784
1226887635697840128
1226882958440697856
1226883193724424192
1226883256609624066
1226883349622525952
1226883408862810112
1226883596973170689
1226883761201086469
1226891357735792643
1226884468721496064
1226884514665943040
1226884488606646272
1226884948252119040
1226885167140175874
1226885393737494531
1226885770096631809
1226886444330909697
1226886776633032704
1226887058318381056
1226887118917718016
1226888405734350850
1226888871004254211
1226889084427218945
1226890610184945664
1226891960306348033
1226892136932499456
1226892371083907074
1226892511752458241
1226893286805135363
1226893970451685376
1226894072276750336
1226895069120278529
1226898961128136704
1226899139981709314
1226885017315479553
1226885820336005121
1226886288273498113
1226887107601485827
1226896528670953473
1226900609774821376
1226901446676877312
1226901996466266112
1226904186463440901
1226906333351436289
1226910287992958977
1226913259959267329
1226913839989559298
1226913863821660160
1226915186562469888
1226915760527888385
1226923441196085248
1226927002084675590
1226932812374331393
1226933310334676994
1226941015996674049
1226922428804292608
1226888035939254272
1226925488125489153
1226984486715510784
1227133161961857026
1227133857629077504
1226931618138542085
1226942760973938689
1226943198217560065
1226943228559134720
1226944463328641024
1226948228224077824
1226949111879999488
1226951047157108737
1226951954594779141
1226969591827587077
1226970913394102274
1226972450979766275
1226973576638713858
1226977591359307776
1226984009198075905
1226994893429583872
1226995052423065602
1227006397923155968
1227006892469346305
1227007173986746369
1227007700833361920
1227007895289712641
1227009933989863424
1227018692225110017
1227020250199269376
1227025655688257536
1227026768252604417
1227030378126417921
1227040612307865605
1227052960594591744
1227053066047803392
1227058600197181440
1227075958525562881
1227132880457019392
1227079903247552513
1227082856968728576
1227085155854176256
1227093282888523776
1227096581993910272
1227109045636562945
1227109520578678785
1227117012574490624
1227118284627116032
1227127234147778565
1227112460676669440
1227126173752266752
1227197322704101378
1227217715317891072
1226883110446432256
1226884331249061889
1226984664168042497
1226902732906336256
1226898416111902720
1227166326189436930
1226918524662272001
1226918911079329795
1228784903472533507
1226885741084659712
1226985999315521537
1226960151908880388
1226993482784477185
1227000545891758080
1227016081811918848
1227020566244265984
1227066726506024960
1227106723053350915
1227112756828131328
1227140331080208384
1227141889628962818
1227144081173876739
1227147978403647488
1227149164284436481
1227154558067118081
1227156271440199680
1227181666218672128
1227186573109755905
1227203140275048448
1227216032277913601
1227218272753459202
1227335955989835780
1227406867955159043
1227915478317830145
1227918690366246914
1227918856255102976
1227974970501976065
1229056824420204544
1226883562743517184
1226893718508142592
1226905994485215232
1226882836629684226
1226986589286473732
1226882991072448513
1226884299477135360
1226885727448969216
##1226986201636315136##
1226882538901299200
1226884309937795073
1226887804115914752
1226930672847204354
1227224291197976578
1226896976605777920
1226882973540274177
1226883041928327174
1226930778686099457
1226937551434416128
1226908024419254272
1226985607953616900
1226883149512265728
1226992731307888640
1226883152376946688
1226922640536940544
1226924492406099968
1226924842437480448
1226927181609283587
1226892494392176640
1226902979929944064
1226972388933369862
1226975641649762306
1226975997725159425
1226977593120960513
1226882897027698688
1226884472861347840
1226887903407677441
1226892340872253440
1226898703195176960
1226903423389401091
1226910627639283712
1226980208978341891
1226981581199495170
1227045002620133376
1226883190767353856
1227139582854094848
1226911086483574784
1226887635697840128
1226882958440697856
1226883193724424192
1226883256609624066
1226883349622525952
1226883408862810112
1226883596973170689
1226883761201086469
1226891357735792643
1226884468721496064
1226884514665943040
1226965228925194243
1227079748037357568
1226893415847268352
1226884488606646272
1226884948252119040
1226885167140175874
1226885393737494531
1226885770096631809
1226886444330909697
1226886776633032704
1226887058318381056
1226887118917718016
1226888405734350850
1226888871004254211
1226889084427218945
1226890610184945664
1226891960306348033
1226892136932499456
1226892371083907074
1226892511752458241
1226893286805135363
1226893970451685376
1226894072276750336
1226895069120278529
1226898961128136704
1226899139981709314
1226900609774821376
1226901996466266112
1226904186463440901
1226906333351436289
1226910287992958977
1226913259959267329
1226913839989559298
1226913863821660160
1226915186562469888
1226915760527888385
1226923441196085248
1226927002084675590
1226932812374331393
1226933310334676994
1226941015996674049
1226942760973938689
1226943198217560065
1226943228559134720
1226944463328641024
1226885017315479553
1226885820336005121
1226886288273498113
1226887107601485827
1226896528670953473
1226901446676877312
1226922428804292608
1226888035939254272
1226925488125489153
1226984486715510784
1227133161961857026
1227133857629077504
1226931618138542085
1226948228224077824
1226949111879999488
1226951047157108737
1226951954594779141
1226960151908880388
1226969591827587077
1226970913394102274
1226972450979766275
1226973576638713858
1226977591359307776
1226984009198075905
1226994893429583872
1226995052423065602
1227006397923155968
1227006892469346305
1227007173986746369
1227007700833361920
1227007895289712641
1227009933989863424
1227018692225110017
1227020250199269376
1227025655688257536
1227026768252604417
1227030378126417921
1227040612307865605
1227052960594591744
1227053066047803392
1227058600197181440
1227075958525562881
1227132880457019392
1227079903247552513
1227082856968728576
1227085155854176256
1227093282888523776
1227096581993910272
1227109045636562945
1227109520578678785
1227117012574490624
1227118284627116032
1227127234147778565
1227140331080208384
1227141889628962818
1227144081173876739
1227147978403647488
1227154558067118081
1227156271440199680
1227181666218672128
1226993482784477185
1227000545891758080
1227016081811918848
1227020566244265984
1227066726506024960
1227106723053350915
1227112756828131328
1227149164284436481
1227182097799970817
1227186573109755905
1227203140275048448
1227216032277913601
1227218272753459202
1227277445218201601
1227335955989835780
1227406867955159043
1227915478317830145
1227918690366246914
1227918856255102976
1227974970501976065
1229056824420204544
1227112460676669440
1227126173752266752
1227197322704101378
1227217715317891072
1226883562743517184
1226893718508142592
1226905994485215232
1226918524662272001
1226918911079329795
1228784903472533507
1226898416111902720
1227166326189436930
1226882836629684226
1226883110446432256
1226884331249061889
1226984664168042497
1227178452530483200
1226885741084659712
1226985999315521537
1226986589286473732
1226902732906336256
1226885841542402048
1226986201636315136
##1228748853509337094##
1228747638490779648
1228748853509337094
1228750481507397633
1228754695205855233
1228756107075735553
1228756179146461184
1228750925210230784
1228752073291943936
1228789806299217920
1228790023463620608
1229897395376459776
##1230594110110785538##
1230594091332886532
1230594093564284928
1230594095099392000
1230594096768671745
1230594099067183108
1230594101185273856
1230594102904983553
1230594106537189377
1230594108357476353
1230594110110785538
1230595723420413952
1230598051347169280
1230600588364328960
1230604574534328327
1230605374794981406
1230873677580861441
1230896449409384448
1230902036629200896
1230990932973096960
1233698550611136512
1237431647018065921
1237663258967932929
1237799880174768134
1237808014876344327
1237837664834981888
1238403745622491136
1238403993694605313
1238404099546271746
1238788656464306176
1238885219895304193
1238887193940295681
1239108081990225921
1239170395015712769
1239277522296147974
1239539208009678848
1239635484839751691
1240621688464736256
1240621973773979653
1240623325648498689
1240634232235536384
1240744106424520715
1240971349859975168
1241089090453463041
1241094934603665409
1241096233676148743
1241317418712121344
1241364602044190722
1241808827227475969
1241811049541709825
1241812802685239297
1241814568063696903
1241815178645209090
1241815844889468929
1241904098854780929
##1231093597828763648##
1231093582007853056
1231093585011003392
1231093586973921281
1231093588748099586
1231093591415644160
1231093593693138944
1231093595790336000
1231093597828763648
1231094457203908608
1231098245583196160
1231129624710729728
1231218861090967552
##1231221810852700160##
1231221810852700160
1231222399376351232
1231222911844933632
1231222620810551297
1231222843154796544
##1231360643627995138##
1231360643627995138
1231361227332386818
1231362450739662849
1231392748936343552
1231471125584076800
1231472716328382465
1231472789854588929
##1234231687896293378##
1234231648809607168
1234231656023764993
1234231660419436544
1234231665096056833
1234231670104084482
1234231674583552003
1234231678995959814
1234231683551023106
1234231687896293378
##1239377572514926594##
1238949483263791107
1239330817589030912
1239377572514926594
1240055362876846080
1244471483029688322
1246071722157264896
1247270461588856832
1248337673707814915
1248340135248375813
1248775262940073984
1248780250441547779
1248398460392321026
1248429761782677508
1247280091291410432
1240063204576972801
1240064897922281474
1240292041013280769
1244476752228806656
1244624527763652608
1240042465614274560
1240043891174387714
##1239689769694699526##
1237304186393505792
1239643562385584129
1237456952541806592
1237482355109040128
1238931955426578433
1239689769694699526
1239641714136096770
1257481648993636354
1237468307575447557
##1240051735147790337##
1240051735147790337
1240051741170769920
##1241001845105012736##
1240999206204182528
1241000600772501504
1241001845105012736
##1241049015132749827##
1241048478467440640
1241048600077090817
1241048758701481985
1241048896698224640
1241049015132749827
1241049159106428929
1241050296350105604
1241050478319792129
1241050478504370176
##1241055319121428480##
1241049134368534532
1241055319121428480
1241057615515435010
1241059310404321280
##1241133958647201792##
1241133958647201792
1241136374700523520
1241140605889241088
1241142377336668161
1241144032698474496
##1242153839693893635##
1242076108616597513
1242076104602648576
1242076110713688064
1242077104746921985
1242077498306854913
1242149069797167110
1242149071579680772
1242151237438582787
1242151694407999492
1242152025233784833
1242152538218135553
1242153839693893635
1242154595784298496
1242158804617347072
1242200609769603073
1242467412869431304
1242552336842620928
1242552942860939265
1242646537387343873
1242805017620426755
1242914332259778561
1242917145635368960
1243159261133320194
1243248870186004481
1243268075190996992
1243292920150732806
1243389907491405825
1243518777813274624
1243521064468086784
1243554373269159936
1243569162259173385
1243588597040775174
1243925944122761218
1243930465830133761
1243997169914228737
1244258356598112256
1244304976626712576
1244305683157266432
1244305757992091648
1244354456625516545
1244361563110244352
1244624155628261377
1244675903688409091
1244977797464031234
1245034143853039616
1245342280736747522
1245360298699247616
1245395100559081472
1245701070191497216
1245704141852356608
1245742616215511048
1245800960292683777
1245824131053977600
1245829633674706946
1245941200126910464
1246046843559165952
1246055271308427265
1246145025211273218
1246216840239616002
1246218289568788480
1246418209810649089
1246450017784803328
1246461600321675269
1246473426442780673
1246508392937594880
1246543478395461641
1246739096036392960
1246764747229401089
1246789081285222404
1246827268795781121
1246917065577050118
1246929116974243840
1246929999426453509
1247145094228119553
1247145581312716803
1247224436677390338
1247336951876931593
1247338208125485057
1247506283139301376
1247621707558510597
1247672984367706112
1247676728929071114
1247677652405796872
1247864785053593600
1247868678588239873
1247899138533896192
1247899925200785408
1247906933367083008
1247976809079148553
1247977132145487872
1247977223845548033
1247978024122945537
1247993802930913282
1248021278201729027
1248021829433929729
1248244169023184897
1248322891139158022
1248328021846757376
1248384758309998603
1248385318262194178
1248386470227742722
1248599592352002048
1248624497625673736
1248662794595155969
1248678953885167616
1248729818428067841
1248730585591316482
1248731618388426754
1248954394839789570
1248988231586193411
1248989437385748485
1249035721534554112
1249309241187459074
1249316399014649862
1249396523206619136
1249427898391560204
1249679716103204867
1249683396491689984
1249683752990752771
1249761915104083970
1249762118922092547
1250044330410115072
1250062092490735617
1250063984490881024
1250394430168862721
1250403515404554242
1250434953529012225
1250435538886127618
1250766289271996417
1250823039006265344
1250823555417354240
1251128742589739008
1251154789691322370
1251155313304068096
1251508525022564352
1251508802765144065
1251824791063015424
1251826112730222592
1251867464624934913
1252217214847070211
1252217748031225856
1252248021414432769
1252249987196518400
1252580417783373825
1252581116697075713
1252638229116923907
1252638831779733510
1252940035449663488
1252973242815598592
1252998500775854081
1252999650254172160
1253035381190205440
1253036328134082562
1253037184531271683
1253303066247532547
1253341671330201605
1253343745053020160
1253665177972736000
1253696576003899397
1253698175388573697
1253834860692676608
1254033138935836672
1254061197785206785
1254061839379345408
1254391392262139908
1254396567475404801
1254501026247389185
1254541754650542080
1254754374997495811
1254756284546592768
1254756617477816320
1254956666786848768
1255115141013745664
1255130762778562560
1255131717087555584
1255477467587977220
1255608768299180032
1255609598951776267
1255870299683336196
1255875231341842434
1255875860399341574
1256201572331204608
1256284437156937729
1256285034471882754
1256565291737366528
1256662349412474880
1256662962221256704
1256928746759741444
1256944607558021121
1256945054209507330
1257318054486147072
1257318715902713858
1257446650303430661
1257446883896823812
1257676104804024326
1257676161292926977
1257676867278123008
1257678335481655296
1258037661849223169
1258037874294951944
1256200540779720704
1256238182741544964
1253437137581518849
1252582096859803648
1252582996701478912
1248023056347533312
1248244447424331776
1247674192859979778
1247372437626458112
1247433964861751296
##1243506213557538817##
1243506211720437761
1243506213557538817
##1243869140189884416##
1243869140189884416
1243875384501960705
##1243961866889510912##
1243961857183866880
1243961858928734208
1243961860765831170
1243961862502285312
1243961865169825793
1243961866889510912
##1244292742299168771##
1241298645493964802
1244292724309835777
1244292733440794625
1244292742299168771
1244292753246359552
##1244903945178427394##
1244903945178427394
1245053294709530624
##1245023904814583808##
1245023893456334848
1245023904814583808
1245023916722212864
##1245486001763606547##
1245484405570895878
1245485146553421824
1245486001763606547
1245486675154829316
1245487457103216640
1245488115579527171
1245489129443536896
1245489535997431810
1245490073488982017
1245490659345215488
1245490934755835905
1245491337438400519
1245491924385042432
1245492576230281224
1245492987418816513
1245493551254982656
1245494060179238912
1245494929658429442
1245495566513188864
1245495999461838848
1245496349853913095
1245496694302822406
1245497146142601217
1245497463261278209
1245497928564834306
1245498016615686145
1245559410979745794
1245559364016111616
1245559299818037248
1245559271061929984
1245868055915184131
1245924663768813568
1245559201683947520
1245559482224123909
1245713178773856256
##1246829954496696321##
1246829954496696321
1246883049645760517
##1246885609890775040##
1246885609890775040
1246885612478750721
1246885616429740033
1246885620250705929
1246885623979540483
1246885626030497792
##1247839897404219394##
1247821092024135680
1247826622411083778
1247866701179428864
1247821475077328897
1247822864805494784
1247823007340466176
1247937197828947968
1247824610416111617
1247831633631346689
1247837488904908800
1247838116276310016
1247839714960441345
1247840387714240513
1247840349885730818
1247840700131090432
1247837867574951936
1247839897404219394
1247822685041758210
1247961541951008779
1247839740805644288
1247855023683514368
1247850823981416448
1247963039669911552
1247827707523710977
1247829688078282752
1247849943664144384
1247924855296741376
1247823435830571011
1247844676578803712
1247845083963166720
1247835244805394434
1247961817785217024
1247880973611491333
1247888537275396102
1247821460523102214
1247823604865212417
1247842311020646401
1247846621641129987
1247846782928924673
1247846893734027264
1247851125291855873
1247852252049571840
1247855468271341568
1247867813085282305
1247876495374073856
1247908287892328449
1247914571190407170
1247915883223224321
1248013199850405889
1248018636352024576
1248320502894034944
1247828238811959296
1247843051390799874
1247823204770631680
1247824303900557316
1247826944399421441
1247827670416666629
1247847084029546497
1247924699650314248
1247936011587317760
##1248721404381597696##
1248717325970419714
1248718336873168898
1248720090968797186
1248721404381597696
1248720409412825089
1249516786636197888
1249519636007223298
1249520338054021120
1248718806459047938
1248719725703712769
1248720518905290752
1248721137686765568
1248726224739975176
1248729816012029958
1248722031232901120
1248722262674427906
1248805984237236225
1249080562171641857
1248718125102772225
1248721240505843714
##1249077004995092481##
1249077004995092481
1249078192314425348
1249090746130595841
1249128750169669634
##1251856841166008320##
1251856841166008320
1251857272550105088
##1251948651062218752##
1251948651062218752
1251949067095150592
##1232114000755904514##
1232112452499918853
1232112670008102913
1232112829261647872
1232112932147924994
1232113295450046464
1232113397199777792
1232113485741469697
1232113713899036672
1232113821159952384
1232114000755904514
1232124675754528769
1232125335828865024
1232125901124624386
1232126688756224000
1232126221430947840
1232309354579320833
1232310446939443201
1232310754734247937
1232311631927021568
1232311948278214656
##1233042581115854848##
1233039759855030273
1233039903933575168
1233040011374792704
1233040169730748419
1233040474065252354
1233040567715684354
1233040661361942529
1233040748691566605
1233040834288852992
1233040927729573890
1233041009677918208
1233041087616487424
1233041159884353536
1233041239353831427
1233041352209858564
1233041439774400512
1233041518727966720
1233041604686028804
1233041696591663104
1233041759434874880
1233041876342755330
1233041950791655427
1233042034962903049
1233042106349969410
1233042175438606336
1233042251611299840
1233042313057796097
1233042369802645504
1233042432805175296
1233042495682076672
1233042581115854848
1233042670265696259
1233042730982498304
1233042763412856834
##1233042670265696259##
1233039759855030273
1233039903933575168
1233040011374792704
1233040169730748419
1233040474065252354
1233040567715684354
1233040661361942529
1233040748691566605
1233040834288852992
1233040927729573890
1233041009677918208
1233041087616487424
1233041159884353536
1233041239353831427
1233041352209858564
1233041439774400512
1233041518727966720
1233041604686028804
1233041696591663104
1233041759434874880
1233041876342755330
1233041950791655427
1233042034962903049
1233042106349969410
1233042175438606336
1233042251611299840
1233042313057796097
1233042369802645504
1233042432805175296
1233042495682076672
1233042581115854848
1233042670265696259
1233042730982498304
1233042763412856834
##1233109231273902084##
1233109231273902084
1233109282507325443
1233109531829338112
##1234365357189672960##
1234365357189672960
1234366719298330624
1234378252329811968
##1236015023467769862##
1236015023467769862
1236056616413233152
1236023220471545857
1236052459807744002
1236196846109892609
##1236643061201014785##
1236629993507209218
1236733091282137090
1236735377014226947
1236736351485202433
1236736990034493440
1236750839567572992
1236899938790813696
1236749205332467712
1236899796138459138
1236736983742939139
1236738314453090312
1236746656684572673
1236735760310710272
1236736189488652289
1236733663452299264
1236734434289778689
1236734827224850440
1236632823320084480
1236632002893352961
1236704844465025025
1236635980771319808
1236632341927387138
1236633609601077248
1236653308879790081
1236708271551021056
1236639664079024129
1236679149001064449
1236694141469327367
1236694540293201920
1236975946516901888
1236975782012030977
1236642903784644613
1236666207467638784
1236643493826768896
1236666280985473024
1236717653097680896
1236796012666241024
1236873782205263872
1236635169886556161
1236635276199542784
1236648718973243392
1236653730071605249
1236657176409788416
1236634691375181824
1236642872738426880
1236673527266320385
1236683050270023681
1236640395104321537
1236639781255368706
1236640019491753989
1236648332572995584
1236656082673635341
1236661865377402882
1236662045346537472
1236663501747298304
1236666039921975298
1236667050690478080
1236673857051910144
1236675556625780736
1236679560571301890
1236680411440451589
1236682473888780296
1236685209120243713
1236714482849775617
1236733655172685825
1236733848815370241
1236746043460661249
1236749824327921665
1236787791410978817
1236789579413434368
1236790541305745415
1236813334789459968
1236824755350765568
1236660265715974144
1236650241325256705
1236666048633622529
1236631387882520577
1236631626467213312
1236632239682859008
1236634718709387264
1236635068594036744
1236636158018367490
1236636484779872256
1236636505105408000
1236638934941208576
1236644907613372416
1236651444637519873
1236668547222421504
1236676581030068224
1236678913956499456
1236695564231860224
1236714045971009537
1236717948032757760
1236731696353021953
1236734152361349121
1236740839247949827
1236792763590549508
1236805441335812097
1236836013894402051
1236879884879826944
1236881434712969216
1236889764424560640
1236898688775131138
1236906069559062528
1236906749174714368
1236912260167188480
1236943100381138944
1236962141346856960
1236969217808875520
1237005762683174918
1237019680688275459
1237087003918970880
1237294480887341056
1237647419292164097
1241729488846835712
1236743472977252357
1236745704888061954
1236747299155521538
1236749619532648448
1236643061201014785
1236656904392388608
1236658989087297537
1236662119006965760
1236731475845951489
1236649591581421568
1236631157279776768
1236656856904404993
1236944632132579328
1236784029795528704
1236794024419303424
1236795033015275522
1236631494677979136
1236630605137403906
1236631446053433349
1236631625108271104
1236633428470177792
1236631897343655937
1236644977331113984
1236883778955608064
1236705277455499264
1236632607896547329
1236661352850247685
1236884210448764933
1236741233701257218
1237265617465548800
1236630762813825024
1236633654283116550
1236631262359625729
1236675255328006147
1236729585762537472
1236633074282057728
1236633452583280642
1236636733170757634
1236637638813257728
1236638030246621185
1236648982035795969
1236650025394098177
1236650147024601089
1236650197444222978
1236652101389910018
1236657083128430597
1236658955310510080
1236661384915673088
1236685695403556865
1236693131183165441
1236711507917967360
1236754124483506176
1236759453602471936
1236761531397951490
1236768266707767297
1236789034967535617
1236973000093839360
1237048852450086912
1236631079102054400
1236666743126470657
1236751013232742401
1236917443320336384
1236922563068071936
1236941275531808768
1236975643717492738
1236988484990181376
1237007165543591939
1236633412104052736
1236634188968800256
1236657693605183488
1236662243313541120
1236665379403051009
1236685039632633859
1236709625208229888
1236721722298118151
1236746790419992577
1236753921743388674
1236760749755768833
1236766512645648391
1236788292525469701
1236802202129379329
1236802689893380097
1236817353838678017
1236835730359570432
1236882674872090626
1236916450406907904
1237091576909832194
1237092302952300546
1236640884168499200
1236632011923763200
1236713853766873088
##1236777469434310658##
1236771680892182530
1236768040139833344
1236768735517650947
1236769036689649664
1236769260661334032
1236770168593940482
1236771079345053697
1236771222622474246
1236772297622597634
1236772596802359296
1236773183778254848
1236773714857013248
1236774299551358976
1236774666766860289
1236774872371658753
1236776109523558402
1236776715323674624
1236777469434310658
1236777873324888065
1236770235719585792
1236770587994992642
1236770435519430656
1236792010851463170
##1236781238595260417##
1236781238595260417
1236782554956599297
1236900388978282496
1236783264427380742
1236789162927362049
1236802155731976192
1236890715596247041
1236783599069933571
1237055573490905089
1236783159523659781
1236783827059646464
1236785434816057344
1236791521615269890
1236885538956808198
1237050872661770240
1236781687197048837
##1236998862574964737##
1236998862574964737
1236999131522097153
##1237065807441596416##
1237062246527893507
1237062531073662978
1237062988466737158
1237062990098313217
1237062991671103488
1237063644158087170
1237063646322331648
1237064963946090496
1237064966382989312
1237064968115236864
1237064969646157826
1237065807441596416
1237065809173905408
1237066084576100357
1237066086429995008
1237066774035791872
1237066775621177345
1237067234050224131
1237067653686145031
1237067100931448832
1237075562784526337
##1238081584256909313##
1238080715935436800
1238080877122519045
1238081031116382214
1238081129183313920
1238081240655368193
1238081329985654784
1238081414136020992
1238081499209007104
1238081584256909313
1238081667052552193
1238081943188709378
1238096474162028544
1238107468431011842
1238200107440488448
1238107284468891649
1238099106360410115
##1238099462825918466##
1238096832431042560
1238097360552701953
1238097538525298689
1238097705194438662
1238098005766660096
1238098203691692032
1238098436702044160
1238098662728904710
1238098935731847168
1238099212560187392
1238099462825918466
1238132445490360326
1238415811070623744
1238417852375470086
1238197416916135936
1238222232784195584
1238110173912354816
1238110347732512768
1238110989289168897
1241309404336738304
##1238205571205083136##
1235334814934462465
1237955307365707776
1238599781569777674
1235351360444469248
1235335945517436928
1235500009937948672
1238148599181119488
1235661517581762560
1237376994016399361
1235834542281261057
1235369188228808705
1235594718349856770
1236243265420132352
1236254004038053889
1236289948535394306
1236740976414162944
1237489644763316228
1237924810216308738
1238205571205083136
1237702158973194242
1237944821781868545
1238126206664482816
1235371245283299329
1236743483571961856
1237938088296448000
1238108604064051200
1238293849837129728
1238743997998346241
1237704090848825344
1237914136752906242
1238012217418821634
1238057227245826048
1238179502372552704
1238218841311924228
1238294091458371585
1238351156130254848
1238395510987403264
1238432211260628992
1238436038953127941
1238475084865495040
1238475129732071424
1238475201840545792
1238528914374430722
1238577759313711104
1238578899992395777
1238587945210253313
1238621996919001088
1237159599595282435
1237863153846927360
1237798979976519681
1235661041620697089
1235833763080196098
1237335824842326016
1237924196778422272
1235662201366736907
1236257573231345669
1237372374326140929
1237856246155206662
1237863577244987393
1237900499862597632
1238041270515359744
1238064899265302528
1238068727377285122
1238096946230894592
1238109514525704192
1238126423501611009
1238132530362146818
1238151258784952320
1238242814884040706
1238573024405749766
1237902838765944837
1237904164476370949
1235342104508993537
##1238399921398702080##
1238399908467675136
1238399910480936960
1238399912838148096
1238399914935279616
1238399916893966336
1238399918865342464
1238399921398702080
1238399923298729984
1238399925181915136
##1238441334995812357##
1238441334995812357
1238452696929243202
##1238784211575877632##
1238784211575877632
1238795095362723842
1238795983569510402
1238796560114294784
1238798974984884224
1238799838373871617
1238964850769920001
1238966591628423169
1238967041148751872
1238967820085538816
1238969579294134272
1238787039174238208
1238787609427574786
1238788074928328704
1238788535693586432
1238790375181094912
1238791659057487872
1238792456231149569
1238793716158074880
1238793716619501569
1238794892429733888
1238795007420760066
1238795857446809607
1238795962644082691
1241181976750628870
1241309103496052736
##1238841134765441025##
1238841134765441025
1238842248227364865
1238846830735130624
1238850841248923649
1238864385424179201
1238871755894202368
1238877832308277248
1238844003874934784
1238844328040173569
1238844266853683200
1238846716490760192
1238846821088350208
1250925358607671296
1238860203476615183
1238904599542669312
1238849085974679552
1238862909444362240
##1238944854903750656##
1238568951367389184
1238942274211495937
1238966468928311296
1238967228520947713
1238968406348627969
1238969016904974337
1238969905229238277
1238971098970099712
1238977045129986049
1238967052637032448
1238944854903750656
1238946346368974848
1238955854960959493
1238956506382503936
1238956565190901761
1238956706627018752
1238569424715743235
1238569840803225601
1238570641772744704
1238582567210795010
1238569975021031427
1238584865269977088
1238570713323311109
1238575307273142274
1238572802166460417
1238575422851481602
1238575809922772999
1238580748283777024
1238582335811043330
1238582926268383235
1238585544935866371
1238569843735003136
1238570821322526720
1238572180830593027
1238570201479704578
1238940874953932800
1238700112047747072
