##1242968817229271042##
1242968817229271042
1242973875127889923
1242974071048060928
1242969189645680641
1242969894980915204
1242974445146386433
1242974968020959232
1242977729785593857
1242976068690198528
1242974727221764096
1242977537891995649
1242975514563936256
##1242896630183014401##
1242896630183014401
1242904082983145489
1242900939859808256
1242903281254481922
1242898060130254850
1242922295963856897
1242938870058176512
1242955578189611013
##1245848485318066177##
1245848485318066177
1245848841557094400
1245850339825287168
1245853471321911297
1245856728194805763
1245864216407330817
1245923583647346698
1246266967826317317
1245850549750304768
1245858366523498498
1245894767390621698
1246156088979881984
##1246167698796466176##
1246167698796466176
1246167738386722817
1246184074835869696
