##1223032644549693445##
1220798169333800967
1220798256109834241
1220810050882633735
1221116945581342720
1220806149710262273
1220806653282529280
1220813520826183680
1223357321021153282
1220816539345211393
1220813794659786759
1220862136290725888
1221067727290490881
1221164900124372992
1221276514911649795
1222917410640089090
1222921396030001152
1220903951874297856
1221039626997190658
1221022866474487813
1221046680046403586
1221337809371508738
1220890591845855234
1220908764062277633
1220972481265176577
1221068746548293632
1221190652869926914
1220884928495267841
1221068188458373120
1220809230996865035
1220843409440747521
1221066883023147015
1220939009100218368
1220863994065571842
1220865221776105472
1220872125696921603
1220809232355860480
1220871442335662081
1221025456851472384
1221058084610756608
1220925035692613632
1221009950585036800
1221345876930637826
1220809221673013250
1220836423261212675
1220979139173330945
1220826398526492674
1221013052293775361
1220807716031037440
1221329236021125120
1220822757547610113
1220863561737691137
1221081982819586059
1221119668225814528
1221120632877912067
1221135930670616582
1221136211143774208
1221136484113297409
1221140589544120320
1220874137763074049
1220882719799939073
1221054429694251009
1220900777360789504
1220915662882734080
1221092105000574981
1221443747348652032
1221452874804232192
1220937059029913600
1220912359620993024
1220814174344962049
1220994964890451969
1220800457007935489
1220815199223021570
1221058277443883008
1220853174774398979
1220968000486039552
1221031874220449792
1221060848778653696
1220803515762823168
1221057245796098049
1221021580446371841
1221030166694125568
1220929906617585664
1220945789301796864
1220802775052886023
1220826067755290627
1221203269046935552
1221038072160231424
1221041372934868992
1220827702808260609
1220882352353792000
1220885597805563906
1220860191618535424
1220800834813997059
1220841167593639936
1220855269799972865
1220907819710525441
1220804518872522752
1220850212773777409
1222124724743884800
1220867185612087297
1220868449196498945
1220871979089170432
1221078578877603843
1220850687648681984
1221182972747042816
1220800968767541254
1220856958179323904
1220812924027068417
1220798642266787842
1220868598618640385
1220877286423044103
1220882031732776967
1220906572559396864
1220999874734362624
1221048793359101954
1220942092723204096
1220821386681356290
1220821678755807233
1220834675775680513
1220815942692806658
1220816572245270529
1220849219403223040
1220907334546984960
1220912375471042560
1221075998776741891
1220809101145518081
1220815814435143686
1220816052629704710
1220817240267939840
1220816349548679170
1220836880654139397
1220931991916490752
1220904806828716032
1220976680652722176
1221058767107895296
1221059441983983621
1221061040550678528
1220799718353264641
1220892268166557696
1221116573093593089
1220798864220999680
1220813011130179584
1221051041384263680
1221051240966213632
1223229062316994561
1220919314775146497
1221390735766966275
1221242127453212675
1221314994819739648
1221067258300112897
1220798472120651782
1220945484673626112
1221049843453431808
1221301666567327744
1220798596729200640
1220803129463255042
1220819623731433473
1220821104534720512
1221123442474455040
1220808499132801025
1220814986139836417
1220941394249994242
1220952710951903234
1221037981718470656
1221041833209450496
1221063024619991040
1221114670775521280
1222098496364392448
1220814046124965888
1221005148107038720
1221014250535124992
1221004897287655425
1220800745013944320
1220806565718056961
1220847236365672448
1220798451014885376
1220798971515457538
1220799891045339136
1220823881088491531
1220919573601574912
1220931904914034688
1221045693986549763
1221103396968636416
1220803455591292928
1220945860806217729
1221040886257192966
1220883176710713346
1221058119289180164
1220817060944601090
1220913899471540225
1220811858019483651
1220914793537843200
1220996663004880897
1221415545834295296
1221416033879236609
1221416186744836097
1220999772867309570
1221001168165527554
1220996966622072833
1220997341060259842
1221043225684783104
1221088476176834560
1221131861826637825
1221142778467450880
1221416965899792384
1223032444502319104
1223032644549693445
1220841096839925761
1220857387525033984
1220955577221832704
1220798798781394944
1220800092048896002
1220798879576227846
1220910680775114753
1220992135199174659
1220995039297523712
##1223549956889436160##
1223549956889436160
1223703879520522240
1223700503881666560
1223715684758192129
1223692650827653122
1223700288864911362
1223614929313443840
1223643982913327105
1223652249966194688
##1223348886888177664##
1223348886888177664
1223583091471593472
1223355270467899392
1223357460888637440
1223380259573325825
1223382248067682304
1223385450796212224
1223611667738693632
1223614497212026881
1223610890886569984
1223611513312817153
1223618986895523840
1223623370291515394
1223619534785077249
1223619084983656448
1224064703506395150
1223546623592206336
1223566141643264003
1223595162204540929
1223589277537394688
1223504183053164544
1223508327004545025
1223539773790478337
1223547762215727106
1223549291328831488
1223365487565967360
1223577969714696192
1223364836077318145
1223539592927813632
1223361511919443971
1223383827554455556
1223401958364590080
1223489537915195392
1223578500977823745
1223492436238000128
1226461315318853632
1226461616734076928
1226464095081304065
1223492500679266305
1223516014723452928
1223559054259298304
1223559334304546816
1223564940755251201
1223744055273717760
1223582808779763712
1223710014881308672
1241701230650458112
1223379176381652992
1223380940539539456
1223547216628998145
1223539352015462400
1223350527326670852
1223439353373954048
1223549257212448769
1223566466626310144
1223586911698280451
1223588265254584322
1223588341448433665
1223598420918710272
1223600402358263809
1223712362395467781
1223565072842264580
1223573229924683783
1223582582455128064
1223583503171932161
1223575664118456320
1223547687536144385
##1223622240517926913##
1223622240517926913
1223622460358168580
1223622597209968643
1223622734216867840
1223622954937876483
1223864637436891138
##1231050981116387328##
1231050981116387328
1231118419723943936
1231538025240416258
1231582359364960257
1231109876677476352
##1223658128513937409##
1223658128513937409
1223658515883085829
1223659114733219840
1223659628791304192
1223659926452670466
1223804335106248704
1225810887652659200
1224253961420623872
1236675000196894720
1236675195404013570
1236694417832062979
1236699414225391619
1236699526477557760
1236699688365166594
1223913254415732736
1224370185647378432
1224278818594152448
1224718182491082757
1224909694290010117
1224282799018037249
1224370311312834562
1224321318042116103
1224326323981537281
1228555764308094977
1228575291691470854
1228577527679127552
1228597436752547841
1228600598456668161
1228604729833541633
1228608639717560321
1228628684866772993
1236866290997956608
1236900456107921409
1224368618839924739
1224384744609153024
1224718115243773952
1224435141801472007
1224440471549693952
1223984751964454913
1223987291053613056
1224002345975066627
1224012695856459776
1224253822442311680
1224716604799377414
1223961697393741824
1223964416246517761
1224297428960063488
1223985720731361281
1224718380357365762
1224395393275957248
##1223252762198065152##
1223252762198065152
1223351273862369290
1223437263318790145
1223553383744843777
1223258286474059778
1223413904849678336
1223660905784803328
1223994230877630465
1223505145956356096
1224568230691442691
1223387382390632454
##1223512051965775873##
1223512051965775873
1223512981121785856
1223513907018510337
1223524102968836102
##1221887626724225025##
1221887626724225025
1221889792700485633
1221891892968927236
1221891967375880193
1221892076029214721
1222078080757436421
##1222088539766169602##
1222088539766169602
1222124427292233729
1241066168397574153
1222615470681051138
##1224030588845416448##
1224030588845416448
1224030808345849858
1224032036790267904
1224030989963292672
1224031094724415489
##1224398456279699457##
1224398456279699457
1224399166337622017
1224676616888029185
1224695559077998592
1224434230882529280
1225507337814847488
1224407588076474368
1224450223298080769
1224596003040452610
1224492424669683712
1224682081420226567
1224784155915030528
1224489269428936706
1225039372921294849
1225321999498665990
1225488168293687296
1224521561362894848
1224684618827411457
1225498868495851520
1224723252838305792
##1233699932688801794##
1233699932688801794
1233705005162618880
1233706456119218177
1233778831456116738
##1225692329366839298##
1225692329366839298
1225709336510550021
##1225709435714183170##
1225709435714183170
1225714287915806721
##1223508139561103361##
1223508139561103361
1223523718615511040
1223524515243864065
1223530798466375681
1223534221337268224
1223538548894326784
1223533847196962816
##1233328652844138496##
1233328652844138496
1233351989855215618
1233354314229391360
1233356483552780288
1233372137873977345
1233485500385832961
1235942591385997314
1233328967899283456
1235942556762075136
1235560522440790016
1235942631085142020
1233513729360265216
1233534326769377282
##1233363960063287298##
1233363960063287298
1233364116552798209
1233371916540444678
1233372142491836416
##1233520389952806912##
1233520389952806912
1233543743522967553
1233676052326731777
1233749834441592833
1233751089780023297
1233638783465197568
1233675755521036289
1233740175919996939
1233751045932752896
1233628673649106945
1233675705835311109
##1234058844776652800##
1234058844776652800
1234059092412575745
1236746895395041280
##1234175717589618688##
1234175717589618688
1234175725189636097
##1241867140157902849##
1241867140157902849
1241868202038214656
1241869537265491968
1241873196825051145
1241878920179462145
1241867608791691267
1241868659259293697
1241868827455041537
1241869316045320192
1241869457351458819
1241878985044365314
1241869572782907392
##1225183335393251332##
1224970129022300161
1224971823097569281
1224972921229189122
1224983337523126273
1225183335393251332
##1238060836297625601##
1238060832149458944
1238060834410160128
1238060836297625601
1238465144105115649
1238196378452611072
1238482073683398657
##1238175377505255424##
1238175377505255424
1238175380411998208
##1238235368798982145##
1238104688584769542
1238235368798982145
1238349870706184192
1238356912003039232
##1230040481670803457##
1230036512433111040
1230037381807509506
1230037959296065537
1230038711813001216
1230039248037912576
1230040083081912320
1230040481670803457
1230055325417562112
1230632907930263554
##1222059543926099969##
1222059543926099969
1222124360636489728
##1234015820558340096##
1234015820558340096
1234020343129550848
##1222070670458261504##
1222070670458261504
1222079787797229568
1222095199075213313
1222071154078371841
##1223227233021648898##
1223227233021648898
1223227562442117120
1223299069445115906
##1223219775410790401##
1223219775410790401
1223238713947410433
##1223216545024937985##
1223216545024937985
1223273030534737923
1223273353705934848
1223281106973286401
1223283782532435969
1223284381516734468
1223284686039941122
1223285132318117890
1223285366876266497
1223285583390351361
1223286081065574400
1223282578725199872
1223302541829689344
1223303440241254403
1223220433492881408
1223282083130462211
1223282282745692161
1223283636851609601
1223283734855790592
1223347795270172681
1223348348696059907
1223220548672675840
1223281397063962626
1223239750477406210
1223256669368586240
1223256964538470400
1223281210287448064
1223290605448634370
1223296877434720256
1223297823128674307
1223298146060656641
1223219397067726849
1223254078857400320
1223281265509572609
1223277497267126273
1223281009526964224
1223296910452305920
1223360016771698690
1223307175738728452
1223348042323152896
1223348549628448769
1223226716442759168
1223281349617995776
1223307038173941760
1223307243409551360
1223319138652782593
1223320401436139521
1223554986698792960
1223555352706326528
##1223337029431447552##
1223337029431447552
1223340732410486790
1223341493257109505
1223341928860831745
1223337535298068480
1223337811924877312
1223338020302135297
1223338236803764225
1223341096828358656
1223342825112207360
1223344381299757064
1223345089772249088
1223347077729738753
1223338446858702848
1223340476402716672
1223566494954663939
1223625180582436864
1223391861588615174
1223625228267544576
##1223329308162363392##
1223329308162363392
1223379831431270411
##1223521655227658240##
1223521655227658240
1223523626512715776
1223524619895955457
1223529616431812609
1225702262296563712
##1223714857104658433##
1223714857104658433
1223725034457509888
1223890306392784896
1223719564225191937
##1224010072478638081##
1224010072478638081
1224018942915764224
1224019668547133440
##1240775604863225857##
1240768192231899139
1240772711317716993
1240775604863225857
1240779790950506504
1240782590661066754
1240780408637227008
1240769406411640833
1240802206170972161
1240819989327892482
1240851016242933762
1240933460497350656
1240933890224766977
##1237360664617914369##
1237360664617914369
1237360727301783557
1237554011424706563
1239304809636921344
##1235642812043063297##
1235642812043063297
1235645247855693825
1235781330673324035
1235974356767068161
1235644897715261442
1235648166852247553
1235689244640886784
1235644753863032832
1235759725674999815
1235795292450144256
1235862509900333063
1235916717068599296
1235961595253178369
1236359375859695618
1236624401782759426
1236898123651461121
1235644864609411072
1235647342927163393
1235684473238360064
1235840832751591424
##1235331504168939521##
1235331504168939521
1239342594385235968
1235510006335918080
1235864284208328704
1235865200152076289
1238235857921945601
1236216291578478597
1236356799781093379
##1234656556475715585##
1234656556475715585
1234656563169722373
1234656567494049793
##1221834263403716609##
1221834263403716609
1221840104232230912
1221842414287171584
1221846641570873344
1221837056198021120
1221838909799161856
1221846892767784960
1221851533433884678
1221864681280876544
1221921850470674432
1221836012479033348
1221852858582216707
1221861563075829761
1222197192519311365
1221877052019826688
1221881689728782339
1221852856581545984
1221885832824532997
1222162358900006912
1222116825015758848
##1221842696144375809##
1221842696144375809
1221844749243600902
1221853612999135232
1221844087478931456
##1221980658823782402##
1221980658823782402
1222069850308214784
1224091880872448007
1223894296190955520
1224772249091178497
1223713358018465792
1222457478190899200
1222965582682894336
1224687099858821129
##1221932696395550720##
1221932696395550720
1221935576900866048
1221945361994076161
1221956228236091394
1221959636137529345
1221960231196024832
1221935871760510978
1222101400001359873
1222116469187710976
1222117933024993280
1221938991626362881
1222030803225497603
1222085385075019776
1222157187742674944
1221948962275516417
##1222017393448275969##
1222017393448275969
1222059133014302720
1222157308827983872
1222159446861807616
1222159651317350400
1222059122360758273
1222065480762085376
1222085683042562050
1222077227396812800
1222084511179190273
1222106666973270016
1222139350114238469
1222018343722459137
1222019750399827968
1222020832932835335
1222032794609750016
1222082815459823616
1222109692698222592
1222185042815979520
1222198614119911424
##1225736537322741760##
1225736537322741760
1225757680029110272
##1222994303120760832##
1222994303120760832
1222995828563959808
1222997476514443273
1222999710262276103
1223109975955791874
1223193399232270336
1223197822712938498
##1235240949854482432##
1235168393629757440
1235168398683885568
1235174018258530311
1235184181942026241
1235170359663570944
1235240022191808513
1235238869731336198
1235240949854482432
1235171090734952450
1235171369475858432
1235236148827566080
1235194760995975169
1235228871106146307
1235237167926054913
1235172104800219136
1235228475243585536
1235169536506302464
1235170284547735555
1235401755963215873
1236092519294939136
1235204323648450560
##1222072250813353984##
1222072250813353984
1222083332638433283
