##1239679005479108608##
1239679005479108608
1241777853819215875
1241778203838107656
1241778545753546753
##1235595259419267073##
1235595259419267073
1235749338858520576
##1235595809833566208##
1235595809833566208
1235596054218883072
1235596314781483009
1235596567245189122
##1235623502385786881##
1233041259347968006
1233673669706121217
1233740453486395392
1234159926513152002
1234468819625807873
1234838583493713920
1234846742350307328
1235228680361824256
1235228816823504896
1235228869545861120
1235621308479594496
1236394517151936512
1236394522042490880
1236394523967684608
1236417661996863488
1236419187104518145
1236419190413758464
1236419192372563970
1236760067434844160
1237002539117281280
1237867842629808128
1238076638258135043
1238846428165914625
1239097118951964672
1239166403078492160
1239283092512276481
1239647436311859204
1239647444117397513
1239647446088761344
1240257798090481664
1240262174964097026
1240618845179654144
1240668544267882497
1241754292006064128
1241806851446059009
1241806853228703745
1242104817977372674
1242133532392263683
1242816459501420547
1242872722566320131
1243214907501359104
1247577108932591616
1247577112359383044
1242490581001125889
1241445049826713601
1245689660283727873
1245822543350677504
1240736952028020737
1240752340728262663
1241367627655675904
1241392197703995396
1242855997603012609
1243942331834863616
1244210615071244300
1244531483836141568
1245613014880903169
1245824883457736704
1249410527224385536
1249411088619311104
1250027342979883008
1250765793186459650
1251083351286583296
1251084146128158722
1252943717398450176
1253350906302693377
1261118350094188544
1261390666652778496
1240289634778779649
1237064507073142789
1237300368163450880
1237305329928503297
1237801846439325696
1237802257325985792
1239476122284429312
1239524499818795008
1239587795032846336
1241738183404027904
1241796974753517568
1242422711521087488
1243583165480022019
1247599439272980486
1248589482317811714
1250025874264653825
1253308499720888321
1255099222636060672
1255099224259284994
1255744514444210177
1260220673127038976
1260728228207083521
1261548299791654912
1261548698091175941
1265567411950030858
1241760139927052288
1242176744527970315
1242850350358581255
1243831019620438017
1244244580301750273
1247206313425276929
1241962357783515136
1242759131439693825
1237868927226507265
1241550210184208384
1241808544250368002
1240972656045969411
1241004982989619207
1241762454356582401
1235623502385786881
1235624047905513479
1235626142591143937
1235660187958046720
1235876341158944768
1236018797284376576
1236041170108788738
1236211689642737665
1236212005868122112
1236392623444602880
1239552164810326016
##1235661213339652097##
1235661213339652097
1235694170049822723
##1236076513918926858##
1236075151285989376
1236075372803805185
1236075914259247105
1236076513918926858
1236076683733671936
1236077108289552384
1236077381334585345
1236077838576562184
1236078068403494912
1236078248938913792
1236075910417321990
1236075738232688640
1236075210887049218
1236197748753522688
