##1237813506222800896##
1237785685505052672
1237798688367489024
1237816665670332416
1237819013830512642
1237822036044644355
1237822850762977283
1237826123926507531
1237913714801684481
1238031573578133506
1238196878690471936
1238264283919720448
1238048445325357057
1238287338679099393
1237801346545455104
1237816216355581958
1237793017098108935
1237807075138420736
1237818040873619459
1237822765471850500
1237823002932326404
1237841313711583234
1237804561752035330
1237786989912604674
1237793464139440130
1237800534440136708
1237822654519881729
1237871367338340353
1238019908874764288
1239132363537494016
1237815447220899840
1237816010067017728
1237829766406946817
1237863597335707653
1237801110502506497
1237808449033048070
1237813146179506186
1237851248503615489
1238055672186626050
1237786825038745600
1237787385963962369
1237804448422023170
1237806637911396358
1237808653513736194
1237809548599136256
1237831188930351105
1237827401788338176
1237830847824347137
1237846113752772609
1237850518094893056
1237851223044153345
1237858775165358086
1237869772261359618
1237875870095687686
1237876795958898690
1237879065173876736
1237883947427618819
1237901947941851141
1237931526513442819
1237940311587991552
1237961397021147136
1237969725600260096
1237969785708740608
1237969794852368384
1237972041430716416
1237983223352897537
1237992503456006147
1237994219949772802
1238004308899254272
1238011200182595584
1238020895681241088
1238021083791581184
1238023433994321921
1238025939122077696
1238030321335099392
1238035017022017537
1238043000913178625
1238044748335796224
1238052927035637760
1238053382453149697
1238064468451643393
1238081040410968064
1238089236290711552
1238107745401876485
1238110136926973952
1238136615815516161
1238143367978143751
1238153963859578880
1238161283767287808
1238180906579492866
1238263495981961217
1238740485440667648
1237826056163336198
1237827447946698753
1237810503931527169
1237804495188475905
1237814982177361920
1237823763980443649
1237864572985290752
1237897771467698181
1237794165712273408
1237939228266442757
1238031215065796608
1238030915005288449
1238186882929963009
1237787993663995904
1237788063352393729
1237793258434113536
1237818559100846080
1238008758858637312
1237817336956157952
1237851997098790913
1237950599905280001
1238002452789633024
1237813505799131137
1237849843810230272
1237850822597169157
1237851486840713217
1237868760008138752
1237788864795815937
1237835543775514626
1237842665489567744
1238039271992426496
1238095679790211072
1237821700647116801
1237825515932790785
1237796347044147201
1237829992526024708
1237833942016892930
1237851482847735808
1237855967385022465
1237881646377918470
1237905362197643264
1237907410813169670
1237925145987121154
1237990761532215296
1238021770189459456
1238021819019468800
1238027807806099456
1238029776704724993
1238054386766667776
1238061308995608578
1238100832702173184
1238145652472705024
1238145751550746626
1238151093789634563
1238152775130849282
1238167088847638529
1238180796961378306
1238234349943885824
1238382955397070849
1237797500897067008
1237885989286113280
1237811543762485249
1241763592514437120
1237807586902183937
1237965006983114752
1238031546973552645
1238037306755317760
1238152222384553986
1237813506222800896
##1237813647272968194##
1237785685505052672
1237798688367489024
1237816665670332416
1237819013830512642
1237822036044644355
1237822850762977283
1237826123926507531
1237913714801684481
1238031573578133506
1238196878690471936
1238264283919720448
1238048445325357057
1238287338679099393
1237801346545455104
1237816216355581958
1237793017098108935
1237807075138420736
1237818040873619459
1237822765471850500
1237823002932326404
1237841313711583234
1237804561752035330
1237786989912604674
1237871367338340353
1238019908874764288
1239132363537494016
1237815447220899840
1237816010067017728
1237829766406946817
1237863597335707653
1237801110502506497
1237808449033048070
1237813146179506186
1237851248503615489
1238055672186626050
1237786825038745600
1237787385963962369
1237804448422023170
1237806637911396358
1237808653513736194
1237809548599136256
1237831188930351105
1237827401788338176
1237830847824347137
1237846113752772609
1237850518094893056
1237851223044153345
1237858775165358086
1237869772261359618
1237875870095687686
1237876795958898690
1237879065173876736
1237883947427618819
1237901947941851141
1237931526513442819
1237793464139440130
1237800534440136708
1237822654519881729
1237940311587991552
1237961397021147136
1237969725600260096
1237969785708740608
1237969794852368384
1237972041430716416
1237983223352897537
1237992503456006147
1237994219949772802
1238004308899254272
1238011200182595584
1238020895681241088
1238021083791581184
1238023433994321921
1238025939122077696
1238030321335099392
1238035017022017537
1238043000913178625
1238044748335796224
1238052927035637760
1238053382453149697
1238064468451643393
1238081040410968064
1238089236290711552
1238107745401876485
1238110136926973952
1238136615815516161
1238143367978143751
1238153963859578880
1238161283767287808
1238180906579492866
1238263495981961217
1238740485440667648
1237826056163336198
1237827447946698753
1237810503931527169
1237814982177361920
1237823763980443649
1237864572985290752
1237897771467698181
1237804495188475905
1237794165712273408
1237939228266442757
1238031215065796608
1238030915005288449
1238186882929963009
1237787993663995904
1237788063352393729
1237793258434113536
1237818559100846080
1238008758858637312
1237817336956157952
1237851997098790913
1237950599905280001
1238002452789633024
1237813505799131137
1237849843810230272
1237850822597169157
1237851486840713217
1237868760008138752
1237788864795815937
1237835543775514626
1237842665489567744
1238039271992426496
1238095679790211072
1237797500897067008
1237885989286113280
1237811543762485249
1241763592514437120
1237807586902183937
1237813647272968194
##1237813735223410691##
1237763801904283649
1237765985307889664
1237768728957399040
1237766600020955136
1237769060290625536
1237821545877291018
1237772254030827522
1237775393123373059
1237777103959056388
1237767681366990850
1237766476716748803
1237766664684474369
1237766913255780352
1237768850827026433
1237769109632421888
1237769420132540416
1237767131577700352
1237768712863780870
1237771513526353920
1237766522111696897
1237797698734039041
1237800049800773634
1237767874774695940
1237770331445694464
1237765371433750528
1237774253250019329
1237801273895854080
1237860569442430981
1237788518941777920
1237799385079128069
1237799814873702402
1237802887608229888
1237763932477104131
1237764167966359553
1237764418479546368
1237764594346622976
1237764809866858497
1237765001722712067
1237765346788085760
1237765360742477825
1237765682068160512
1237765754302464003
1237766158088130561
1237766600712953859
1237766674633445376
1237766809463521283
1237766931203186688
1237766946541703169
1237767065307615234
1237767089273921538
1237767091819892740
1237767244928684035
1237767403272056834
1237768158272016385
1237768202748407808
1237768215859802114
1237768247933616128
1237768486581141505
1237768574921519104
1237768624544366592
1237768717901201409
1237768810494603272
1237768979835498497
1237769148442324992
1237769231837663232
1237769353631842306
1237770271551107072
1237770654637793280
1237771127725920257
1237771808163627009
1237772058156728320
1237772787214942208
1237791469446090756
1237793655294963712
1237772932962832386
1237773032241926157
1237773265659199488
1237773431963373568
1237774486587531265
1237775291977814017
1237775545649201152
1237777177577426944
1237777361531219968
1237779490861957120
1237780806120222723
1237784214877200385
1237784059595624456
1237786672789585921
1237788278172024835
1237775894153957382
1237775944556797952
1237776050064629761
1237789439960719370
1237793009032454147
1237802925981945856
1237824976826359808
1237859030032244739
1237766529812500481
1237772105640534016
1237776152682541058
1237790688575664129
1237763992103333888
1237766655821873155
1237768732023361538
1237769222291443713
1237770920258875392
1237772878478807040
1237774912854556672
1237775500455620612
1237777137316311041
1237786268374904832
1237798261743812611
1237800559597535233
1237766891055308800
1237807528949485568
1237879459526504451
1238067539743252482
1237771980134387715
1237789870044700672
1237813735223410691
##1237714719361859585##
1237714719361859585
1237716717771595776
##1234106062221041669##
1234106062221041669
1234121100637982723
1234126662423470080
1234198731207127040
1234199113002049542
1234205139327737856
1234207008091496448
1234244503697055744
1234247141071228934
1234248922891157505
1234106546843459585
1234121554289680389
1234158558805188612
##1234130038167044096##
1234130038167044096
1234130191821262851
1234133270780088320
1234133449025490944
1234133031197323264
##1234175359198879748##
1234175359198879748
1234179764237238274
1234180667841372160
1234210708000321536
1234460686723559425
1234188098189303814
1234467703466995714
1234176631444574214
1234178720145059840
##1234201219104636930##
1234191184886628356
1234191187797520384
1234199656642600960
1234201219104636930
1234206515051016196
1234234798719156224
1234505067203616771
1234551447255207942
1234911175344824325
1234915679867932672
1235969982653218817
1236709847128772614
1237045112770871297
1238909437672411137
1239954917034319872
1243611719731228672
1243623979228823552
1243613185703383041
1243613747882622977
1243614845787934723
1243649358538702848
1243667407308230657
1243622482579533826
1243655940693544961
1243878864557936641
1238932874470084608
1238912158139899906
1239956713782075394
1236711281173954562
1236723483268255744
1235973834555166720
1236024450824507393
1234913340767514625
1234243486825795586
1234243428243910661
1234218447799824388
1234218865032298500
1234527358062931976
1234530359351664640
1234537233337782274
1234528210748133379
1234206233445445633
##1234438106914443265##
1234438106914443265
1234439165720301568
1234439537943891969
1234439759163949057
##1234667251854266370##
1234233359720730625
1234348504010690565
1234236303996153856
1234237192576339970
1234590818251440129
1234667251854266370
1234259292628377600
1234375562770165762
1234448002410074113
1234479457618059264
1234235601618075654
1234358812653608961
##1236688542136504327##
1236685231895306241
1236686394799644674
1236686396909408258
1236687137304707073
1236687138923700224
1236687853809270784
1236688540190289920
1236688542136504327
1236688737305858048
1236688738933190664
1236689038335258628
1236689335929487362
1236689501185101825
##1238414516247040001##
1238183214977617926
1238241112873205762
1238376212810141696
1238405833605746690
1238408732712853504
1238273128494702594
1238281725463203841
1238318404701958144
1238340050657718273
1238356513644859393
1238257317826658304
1238308188937650176
1238185284954722304
1238222270214164482
1238457907760463873
1238253798553989121
1238258756116451329
1238269867628859393
1238398459838967808
1238291840400531456
1238197819686748161
1238250246116904968
1238411845708451840
1238248860591558656
1238221424713781248
1238398019093106689
1238286853536722945
1238185421055700993
1238187253953966080
1238228186061778948
1238270667985993728
1238351905174237184
1238376296230670336
1238385253296869377
1238557530122596353
1238559811966570497
1238572188397121536
1238575877681745920
1238377222576181249
1238271074946686977
1238295575122108418
1238349026405363712
1238190388931973120
1238224312752103425
1238247413888024576
1238209825684717568
1238586304029437952
1238587895155503106
1238239778727960578
1238269306162593793
1238272049392553984
1238287774765199361
1238303709752426503
1238360565011156992
1238395227431415808
1238292371932164103
1238359893255557120
1238212492846927874
1238220511244627969
1249673281097138176
1238357285388406784
1238257512501182466
1238376630533357570
1238401358698614784
1238451947914637314
1238204664539217920
1238249132575334402
1238253137821159424
1238258208508129286
1238265180628430848
1238251695496409090
1238192569433145351
1238382393565773824
1238448657751576579
1238490220175273984
1238312151003119616
1238319774041550848
1238351474104643584
1238375816163135488
1238382687796236288
1238386148415868928
1238392667437961217
1238393989734313984
1238404020408107014
1238405173850116096
1238405504222855169
1238419264559812608
1238442201656459265
1238447627282395138
1238502037345763329
1238510378436493314
1238210546861838336
1238334020443922432
1238377666539065345
1238192411618299904
1238341302166700033
1239709340287860742
1238197598072250368
1238270908265103366
1238408890984865799
1238436269304221702
1238311968987119617
1238211001595629568
1238260061463592960
1238407293466824705
1238296084260274177
1238586370198732802
1238253105239732224
1238273728250871808
1238355310202535936
1238540601655799816
1238368127437672448
1238477836635291648
1238541074546724864
1238230058826977283
1238241339126538242
1238193571037134850
1238192903824052230
1238188542339186690
1238193437888917504
1238187586071539715
1238287699355881478
1238318082847838208
1238402498098081792
1238187328117637120
1238190469965897730
1238238969785188354
1238243467102429187
1238258520455340038
1238276468943261698
1238290410625253376
1238302515483086848
1238309622508851202
1238329123736616960
1238360756669816832
1238362556001107970
1238375523467907072
1238381779138068480
1238382612592369665
1238389069790527488
1238400782401179650
1238407831461801995
1238413207846490113
1238423909843828738
1238472517016260609
1238548722478391296
1239150366069075968
1244710175996629005
1238188623457116163
1238268754129272834
1238227665288650754
1238393487185379328
1238184418344407042
1238265248274096130
1238253230729166855
1238183855196160000
1238219195856367616
1238188200100855809
1238370666199552000
1238386039393341442
1238541742099648516
1238184364330102790
1238193775945670669
1238538950941212674
1238545369346252803
1238577348355723266
1238184914530508812
1238199105089921024
1238267583725539328
1238307850386096128
1238310635940823042
1238354245830795265
1238354267905437698
1238354303565344768
1238354350763884545
1238385676313399296
1238386299171753984
1238486298517819395
1238414516247040001
##1234085697331613696##
1232800627413180416
1232852665434025984
1232868301728092160
1232925532033048577
1232994745322000384
1232859158409621504
1232866966517448704
1232867656329547776
1232858505725534211
1232881377277812736
1232883034011111424
1232906665932009472
1232886398300164096
1232899921143005184
1232964833135427584
1232891536037285888
1233744301554880513
1235243988313083904
1232990215310106624
1233007981354242050
1232875375220400128
1232876517014884352
1232877783929573380
1232840308729229312
1232909266366992386
1233005995120644096
1232841534044884993
1233079003998756871
1232844971968999424
1232866600338051072
1232878049642848257
1232973910976716800
1232985077119934466
1232870916666855424
1232935611230834688
1232889789411622913
1232892754008707073
1232934883170889729
1232936241840238593
1232874596732370944
1232852463130157056
1232876445044793344
1232885721154904064
1232921246142205952
1233030918174015488
1232811222552236034
1232883747705573376
1232818466995998726
1232845070136676352
1232866083712970754
1232897743699443717
1232937880286351360
1232940622274842624
1233002718781988864
1232823703672623107
1232887048593383424
1232916434365435905
1233000389517156352
1232819782690451457
1232875897943994375
1232861153828786177
1232878168610082816
1232868954118467585
1232871766508363776
1232881205936361473
1232894535593857024
1232896023233810433
1232899976369405953
1232909203347574784
1232916082198863874
1232925642435579905
1232935342300389376
1232937525406248960
1232954849362399232
1232955925863989250
1232973032936873984
1232989038904213504
1232998798156337153
1233011174125588480
1233027065613635585
1233038123996717057
1233050499282284550
1233347050047246336
1233775798080942080
1234085697331613696
1232912820829904896
1232912968213508098
1233000221543669763
1232833918426066948
1232863905606701056
1232916337913139200
1232872400531939340
1232863421357608960
1232864453944844289
1232866424084934657
1232867857945550848
1232878581598031872
1232883487331491843
1232874882700136448
1232851139747602434
1232923229251162113
1233002934692143109
1232894674920202241
1232977076157845507
1232810063091380224
1232814219898359809
1232907977063124993
1232832929463558144
1232893447251615744
1232925373622620160
1232805094971904014
1232843639178612737
1232846501719805953
1232869634690469888
1232821575826726912
1232822851289407488
1232832165999710208
1232833576833556481
1232836646736945154
1232841651258826753
1232842579085086721
1232855841377832967
1232864410923872256
1232867198584139776
1232871565127229440
1232871669779369985
1232874225330982912
1232875432640380932
1232877107384135680
1232885481567870976
1232886750177042432
1232894599187881985
1232895938546589696
1232908001524228096
1232921557254725633
1232921644366168064
1232928740302295040
1232932166134308868
1232932650714877952
1232936226296074240
1232938938618138625
1232940472424902656
1232947621683224576
1232973623247491072
1232990381274542080
1233002347162456066
1232860786713821184
1232859876654796800
1232869797911826433
1232875941711548417
1232874462703431680
1233018849194315776
1233044013382541313
1233061741753487363
1233066867713069059
1233087991326945281
1233106899039608833
1233141800161902592
1233340039674974209
1235354827644964865
1232807627182288896
1232924424241864705
1233016981277806592
1235212022570192896
1232858761263534081
##1240773325946789888##
1240719933291495427
1240756859381915649
1240772757819973632
1240777940092190729
1242451190962503681
1240780262339944448
1242451294607958021
1240779005017677825
1240895900966424577
1240776431266906113
1240776928413601795
1240783118325501955
1240811584236257280
1240779785023959041
1240781760981602304
1240896634420105216
1240771207127085058
1240945669994659841
1240762690353729537
1240773611704725504
1240942742123020289
1240788167449550849
1240850590122549259
1240917459718332416
1240758945830100999
1240940158125584386
1240758594892685312
1240762472618954753
1240777046118318080
1240759803590455299
1240761925463662595
1240795852291149824
1240761787957600260
1240787949186437130
1240851445332795393
1240959965860331521
1240763393222508546
1240857721970319360
1240765528551145484
1241046494649765895
1240784676471660547
1240865827966107648
1240770379393781760
1240770917090852864
1240772628085911554
1240762570409213952
1240910076828954625
1240769200240672770
1240769326958948352
1240767510334574592
1240794408456458242
1240763547157741568
1240762407896711170
1240767950577176577
1240961924516515844
1240784414872928261
1240760367204249601
1240821799560110080
1240804205985771521
1240853352457613312
1240762857916174338
1240842628440129542
1240720335391031309
1240722553255219201
1240865211730493440
1240720291741011970
1240919413316083712
1240720301668864007
1240753630539591681
1240746396879400963
1240755603749974016
1240771009512443905
1240860999588208640
1240897462757396487
1240723825899249665
1240726949007327232
1240747287434924033
1240806268949925888
1240742467521085445
1240883441996095488
1240767967983480844
1240720144839688193
1240720708793237505
1240720821557039104
1240722039301967873
1240728371769769985
1240763722307690502
1240779615720869889
1240783999489970177
1241045417141374977
1240721149891354630
1240721429294985217
1240722136563679234
1240723782144270337
1240725606876073984
1240726398152704003
1240729772851855363
1240731340565331968
1240735845465894924
1240737963765649415
1240744555340869635
1240749286259937281
1240749901279113217
1240757424853745676
1240767738588659714
1240764942707503105
1240765240024821761
1240766207139217408
1240770126565294083
1240770364084543489
1240779904574197762
1240802769524723713
1240805452214132741
1240812238451113991
1240821713526566913
1240826790874157057
1240830617325113344
1240833968175566848
1240840648384626688
1240848486779805696
1240853037759049729
1240859192694628352
1240859422290821123
1240877359290552320
1240891792750452736
1240906062728957953
1240910363165671425
1240911033067241472
1240912004883365888
1240912325663694849
1240912732175716352
1240921366385360897
1240922564714803202
1240931078745047045
1240955166343528448
1240962918457520128
1240967435169280000
1240969919342292992
1240989617261817856
1240990546161733632
1240997468713758720
1241010864427347974
1241012737414705154
1241025567023075330
1241043375446425603
1241051182510018568
1241052288166301696
1241152099498561537
1241188339069444096
1241282224777035776
1241312345210507264
1241313835983740928
1241758784084680704
1243312654082617345
1240721793138274306
1240928353709850625
1240768010387939340
1240775455487201280
1240726145747869700
1240723667308421125
1240757151418777602
1240728242153234433
1240744763055321118
1240720563980599297
1240739024266047491
1240759579983609856
1240868393085001729
1240761658236178432
1240758907582263303
1240881756863107072
1240935262080950273
1240720874346594304
1240740347975733249
1240760488805490692
1240760996295315464
1240762228242108418
1240764612641001473
1240764863821086727
1240773687227420673
1240773787047661576
1240775137823281152
1240775324775874565
1240778587873124353
1240781187876106242
1240795519770923008
1240806055208194053
1240854639517536257
1240859822901338112
1240862660494864384
1240863868961861632
1240876034737790976
1240884004519280647
1240910011179642880
1240918467408285701
1240931185884311555
1240951347870121989
1241029902951944198
1241063001198858243
1241079341326442496
1241257793908355072
1242157990972710912
1240720418971045888
1240720903291523075
1240721088952389633
1240726948499898368
1240721896297107459
1240759462702481408
1240769320373964807
1240796606775074823
1240773325946789888
##1251291586744500227##
1251282866023137281
1251311003012419584
1251284236537139200
1251286384691773440
1251291827782791177
1251284575189454848
1251306870033309696
1251354049632501761
1251430231350685697
1251295565578735618
1251306516642136067
1251410318842048513
1251414641323970560
1251526676925673472
1251302171582377985
1251306777225973761
1251309735346950146
1251341842303639556
1251344724088311809
1251355691291422720
1251373850371203074
1251389253843550210
1251396988496723968
1251403361297092608
1251414407692853256
1251417172028645376
1251439292867633152
1251452214884945922
1251454380991266817
1251460089271267328
1251460815334649857
1251485697753649152
1251494893165449216
1251500377041702912
1251575134357520391
1251618937885929473
1251715647781982209
1251732696243613704
1251752327477964800
1251808722126614528
1253668327962132480
1251316472510644224
1251437807710674944
1251359546397818880
1251283232227823626
1251328386561200133
1251286486181466112
1251289853574000640
1251283645593276416
1251286641504854019
1251286961706471425
1251287877289459712
1251434873769902085
1251309629486829568
1251310917008097283
1251657758811713536
1253449876391657473
1251301987653730304
1251308772909342721
1252998720939012096
1251330501123739648
1251291586744500227
##1232397366789054466##
1232395693924462592
1232396716307046403
1232396993038819328
1232398944300412928
1232399852417560580
1232395840976756736
1232397366789054466
1232411568576638980
1232426360309768197
##1236421480126337024##
1236394488102338560
1236412461240238081
1236678294218604545
1236811573844475905
1236811759358488577
1236811927915040769
1236397659147075585
1236410335684374529
1236414176735768580
1236428816505098240
1236519924287315969
1236530942342246401
1236536239890804736
1236561283731861504
1236811865965187073
1236458261110501376
1236403812178558983
1236396136711294979
1236396627004461057
1236405530236784642
1236554106530975745
1236425536878108672
1236440036830306304
1236811291140009987
1236409143155662848
1236519027457081346
1236609997657780226
1236721322958491650
1236810867083264001
1236515025436774402
1236449362886168577
1236458775021785089
1236414238857494534
1236449534881955841
1236458522277302272
1236724328898625536
1236421480126337024
##1237785717302059008##
1237785717302059008
1237786939933278208
1237787023144112128
1237960035252285440
1238703933339709440
##1237798138594934785##
1237798138594934785
1238069111248375809
1238056778388078593
1238065703535681538
1237823196356894720
1237804308126629888
1237880789720682499
1238545129314701312
1240488761152155648
1237806309392756736
1237802990192472067
##1238121550701879296##
1238111104636792834
1238121550701879296
##1233698599999037440##
1233688379558158336
1233698599999037440
