##1235165302880702464##
1235165302880702464
1235176596941795329
1235180870870454272
1235173480750026752
1235170411580739584
1235173000628121601
1235232607186702336
1235176608056725505
1235242601328062464
1235170529151250433
1235174451760771072
1235208752967684098
1235168759226216448
1235169273942769666
##1235311825337667590##
1235263741635235844
1235267734755303424
1235277204097060869
1235398399412838402
1235295069978185730
1235595976527749123
1235278237233754115
1235267990591082497
1235269448317227012
1235285339071295488
1235287423611023360
1235337287317282816
1235392107176751106
1235263972175155203
1235302882133540866
1235575011534086144
1235337590947164160
1235269012885581826
1235275971198152704
1235317814887673858
1235546167926091776
1235311825337667590
##1234571867903733760##
1234571867903733760
1234572270535921665
1234575170578284546
1234624702552977409
1234849948610551810
##1235149866252283905##
1235149866252283905
1235150509188796416
##1235231401873756160##
1235231401873756160
1235305784738750465
1235654319787118592
1235345938559967233
##1238170473478983686##
1238168877462425605
1238181017560760322
1238215053448482817
1238382009464041477
1238169369965969408
1238170806754127878
1238175843186143232
1238179812268703745
1238283347564138499
1238170054967144448
1238169761105817600
1238169012527300608
1238169455387164672
1238170097132490755
1238170145836675073
1238170236223881216
1238170473478983686
1238172388883382272
1238173796185575425
1238174022522863616
1238174275032547330
1238169258741374978
1238169286381678592
1238170710230667265
1238169655547695105
1238169810363695105
1238170045827727365
1238186225028210689
1238227204607291392
1238414299783139328
1238169429625765890
1238175619013214208
1238179555808096261
1238181218446958594
##1250535619962589184##
1250534459327291392
1250587752988585988
1251235244478529537
1251236317268246532
1251238096122925057
1250894331755540484
1250535619962589184
1250543476468584454
1250707171819601921
1251234951829356546
1250537729731035137
1250543085454573570
1250535761981685762
1250536463319674893
1250576304002543621
1250537896785973249
1250931415476305922
1251077132605939714
1251589470257848320
1251591916380176384
1250536014495600640
1250536066156769280
1250535144919883779
1250541912265760769
1250608028195475457
1250686294264549376
1250535480137056257
1250613217593831424
1250631190794641408
1250639208055783426
1250817404604764164
1250541863267971073
1250543034921562114
1250543159484039168
1250565230662467587
1250576290660352001
1250601296169762817
1250646241022824451
1250715784608874497
1250831180594806789
1251036755303727104
1250535454312628225
1250538714406834177
1250565540164354051
1250546082188271619
1250536627539193856
1250725844974219264
1250541901666832384
1251565459482312711
1250535710299430912
1250834467004002304
1250893574419480576
1250930139355021312
1250939145486245888
1251014420563705857
1251846787205398528
1261604145141895169
1250535035603767305
1250537314822107137
1250538295018369025
1250551207933902854
1250600307018674178
1250612230657314816
1250654864193060865
1250658434502066177
1261605538430955520
1250535191300505601
1250574977251848192
1250608640714833921
1250538519321350144
1250558302607548416
##1235309361267970057##
1235309039023620096
1235310885784166400
1235327434939142144
1235407449840128001
1235312911939141632
1235327975836524546
1235311838444826624
1235328501349261312
1235369516504412164
1235349436848418816
1235312403811885065
1235452468257067008
1235422092503527426
1235309402711875584
1235325606478442496
1235327823449120773
1235406886620590080
1235315862187450369
1235337767967698944
1235321190878765059
1235309497335373824
1235313406682566657
1235332759066988547
1235337893532643331
1235325240533803010
1235367118998310912
1235310002925117441
1235491822220333058
1235318009708896259
1235325625965174792
1235309361267970057
##1235317982575894532##
1235317982575894532
1235319686453170178
##1236033056399601670##
1236033056399601670
1236033666662445060
1236039188983709699
##1236271514502209542##
1236243463580143618
1236271152768712706
1236271514502209542
1236636796110409730
1236637103452291075
1236637278228881408
1236637468809736193
1236637597344112642
1236637758980046851
1236637937921667072
1236638037225979907
1236638297448943617
1237345891968745472
##1237229031134842881##
1236983952260435968
1237057105779134464
1237060462723940352
1237077419120627712
1237252929121370112
1237309831725428736
1237332815336878080
1237415128829759489
1237112947912163333
1237048582848630785
1237055085026455552
1237216887337037824
1236987220805984256
1236987934106103808
1236988429663186950
1237013727771230208
1237003050184773635
1237130696105353217
1237055404129083392
1237122437751410688
1237057398935900164
1237088773093167104
1237860162645491712
1236989276790890497
1237079496366399494
1236991456621072386
1236996542915055617
1236989958679924737
1237063914149609478
1237103013472489472
1237077652206497793
1237139250845532162
1237314689790627840
1236994852346376192
1237252920464281601
1237273094089252865
1237297361141084160
1237431942980800512
1237004005101969413
1237088646567735297
1236985534024564743
1236993007964114944
1236993433866326016
1236990736756805633
1236992496732966913
1236994548355731458
1236991230807953408
1236999842301464577
1236994015616274432
1236995523699191808
1236996390900957186
1237004737658130432
1237005538321465344
1237150639223963648
1237314871055855616
1237315005609119745
1236995003911745536
1237108064001626114
1237345161623060482
1237351334510243842
1237352864160374786
1237353829752025088
1237354281763852288
1237354885139628034
1237355433448427520
1237008194532257794
1236985783803940864
1236989747236651008
1236986466946998272
1237029712599420933
1236986606935998469
1236990798010486784
1237131154840576000
1236992346325233664
1237057501142691841
1237049223197134849
1237000332510728193
1237014741341569025
1237077951440736256
1237006192691548160
1237087738131877890
1236986386789564416
1236990167845666816
1237108282931757056
1237552795495976965
1236990702346797056
1236998683213926401
1237003152852992000
1237009608700563456
1237010135148564480
1237062974877114368
1237099374766850049
1237129507997470728
1237137204062883840
1236988004440383493
1236991227452686336
1236987719567499264
1236988406833590273
1236991654562861056
1237000242677121025
1237002009879941121
1237005626393403392
1237015182976512000
1236985314067046401
1236986803279847426
1236989774944251910
1236991538800087042
1236992565628592128
1236995244618637317
1236995507727273985
1236996940707123201
1236998247572541442
1236999076597596161
1237246445641781249
1237291650210299904
1236984532634648577
1236985303820271618
1236986658853130241
1236987060524908549
1236988759918469120
1236989367350177792
1236990228650512385
1236990693371006977
1236991846791987200
1236991989452869633
1236992015709155328
1236993428652728322
1236994946374172673
1236997154155216896
1236998321669050368
1236999433218396161
1236999488696451072
1236992298988326912
1236994296093593600
1237001881341300746
1237003660594499585
1237005206325428224
1237007131812999168
1237007463364333568
1237009601201082369
1237010762931023875
1237027146683555840
1237040468120215553
1237053274332835841
1237060700121554944
1237093140185714694
1237340600694968320
1237404976747622400
1237017610501357573
1237017866546880513
1237020598175502337
1237021104138575879
1237024900981952512
1237026653563428864
1237032344114073601
1237034518193811457
1237036013186420737
1237038420834344963
1237046618937049089
1237063789717135361
1237067427327938560
1237074168639713280
1237078376956993536
1237079278883389440
1237080413207740422
1237088508306698240
1237089348975316995
1237091110377254912
1237092878788300801
1237096830900604928
1237098397296930817
1237102279599304706
1237102833234849792
1236990748429561859
1236991539093614592
1236994283594448902
1236994370508857344
1236995811705307137
1236998266534985728
1237010508781367296
1237011712588611584
1237018399944970240
1237110445091282950
1237117945307897856
1237121808882597889
1237133718856359938
1237135355901620224
1237135357285748737
1237145450706120704
1237163416369991680
1237195029384437760
1237207212910665729
1237219812566327296
1237220027281145857
1237242405272903680
1237277363127422977
1237278327972511746
1237279219333451776
1237284623715090439
1237289105295314944
1237340897286721536
1237362260881932293
1237365474909880320
1237365984073265154
1237422068678963200
1237430837433503747
1237458070395129857
1237529701880455168
1237045901664964609
1237063039226175491
1237150935819915265
1237056730695114755
1237080639800819712
1237203122763763712
1237058733223686144
1237185294560083975
1237272035421716480
1237050948415098881
1237053987645542400
1237085087994347524
1237055237665558529
1237034250739859463
1237040387887222784
1237220068867690496
1237058218964254722
1237087409029988354
1237077934936129542
1237057892135702528
1237065529036345348
1237081769142300679
1237098467035615233
1237101355325632514
1236987904607444994
1237045292878508035
1237046651853955073
1237084212425089032
1237160959799672835
1236990904239620098
1237017609817767938
1237622541415481345
1239193451218055169
1236998497833975808
1237229031134842881
