##1232768209415262210##
1232768209415262210
1232768441452580864
1232768558519771137
1232768967384719360
1232768987794112512
1232769046153748481
1232770017885872129
1232770492815286272
1232770954767556609
1232784408249356296
1232791838542749697
1232768645706788865
1232768311282282497
1232768437753196544
1232768642745618433
1232768902314196993
1232769506637996032
1232769746279550987
1232770602647330817
1232801304994553861
##1232770594074169345##
1232770594074169345
1232771552665653249
1232772469322285056
##1232767568433250304##
1232767568433250304
1232772548653436928
1232770819132153862
1232944751017590789
##1232771875039797253##
1232767639501639680
1232778028117372931
1232768270693998592
1232768606561275905
1232767809651953664
1232768283822170114
1232768835784183808
1232769067179745281
1232769305068101635
1232769740306821121
1232769872163229696
1232771295672250369
1232772675107422208
1232772970826825729
1232767867516485636
1232768335869358083
1232768377736900612
1232768660009340930
1232768385345368064
1232775225072332801
1232768759473065986
1232768865014337537
1232769019272450052
1232769150214451202
1232769365407412225
1232769379814780929
1232769412119199744
1232770535261687812
1232771445069156356
1232771597402071045
1232771875039797253
1232775383021477889
1232776071503925248
1232874526813380608
1232769139556655104
1232769577035145219
1232768513493913600
1232770278020829184
1232772267748347909
1232773020000903173
1232773294576803846
1232767857106280451
1232767863993389058
1232767886659289088
1232768154360844289
1232768216218456064
1232768828892995584
1232768959792939014
1232769150294118400
1232769213619671041
1232769885899513856
1232771753543426048
1232772165080100864
1232768934887264268
1232769899128336384
##1237138216643440640##
1237138216643440640
1237153416805330945
##1238047150723956736##
1238047150723956736
1238047239236395010
1238047999462461440
1238052584717520897
##1232767736712851456##
1232767736712851456
1232770739994058758
