##1252236345222676480##
1252236345222676480
1252243094852026369
1252274602421649408
1252291895189004288
1252294129285021709
1252295169413693440
1252554175742914560
1252308048665772037
1252521287961976833
1252255412914663429
1252292092686143488
1252246461334634498
1252249586703446028
1252269696818298884
1252278193001828354
1252488430648524802
1252237586007035906
1252241546545684480
1252437722662232064
1252487301588017152
1252247048046460931
1252270100784218114
1252255089655533569
1252270030361956353
1252270459036540928
1252242251360731143
1252270076448985088
1252272143846555648
1252242996483031040
1252271058931064832
1252272815514017793
1252248916453720064
1252270535322501122
1252282448114855937
1252253250344103936
1252270223509663747
1252294811429801987
1252396206291968000
1252488245428080641
1252490234438332417
1252256642374262784
1252270284859727877
1252273661140221955
1252277023403397122
1252284222334808065
1252307365338251264
1252325359191830528
1252488636127420416
1252489529316999170
1252325208880484352
1252403686610841600
1252487879483428864
1252325697772752898
1252465258721153027
1252477451583791105
1252238268583854080
1252244159404089345
1252255900313751552
1252281027436990465
1252285670648840193
1252313744962715648
1252281602723532805
1252258235362443265
1252268930732822529
1252276612328034304
1252973878982279169
1252993206775623680
1253007922952638466
1252263046342418433
1252282098246979584
1252240443145936897
1252426894860943360
1252531444121042946
1252240828510109697
1252256515572076545
1252330790840668164
1252759929968041985
1254691043234033666
1252282602192539650
1252283861595234304
1252254443690737667
1252245603314274304
1252246864847659008
1252260802083553280
1252238524583219200
1252265734631231488
1252242188152508421
1252239440900239360
1252244147756568576
1252252866309427202
1252442335419543554
1252242174814584834
1252245613762224131
1252246197345099777
1252246754612912129
1252247329563987975
1252248536214839296
1252249622237655041
1252243621132357632
1252255182081134592
1252256342561173504
1252256741846384641
1252257092339204096
1252256539865485313
1252257455377125377
1252245687242276865
1252245763364720642
1252252616249180162
1252254050084630528
1252254673337233410
1252255071016026115
1252275569150042113
1252296455685013508
1252425293815402496
1252258589579902978
1252259467179233283
1252244083759894528
1252245962661208064
1252249467174162432
1252321687439278081
1252329821469900814
1252784439756808195
1252240147804028931
1252407015709700097
1252237563672199173
1252237869328011264
1252251409581563910
1252256761807069184
1252271230473973764
1252283818003902473
1252285118938578945
1252287790001381379
1252257304185012227
1252252167592972288
1252256933186359306
1252256217021526019
1252238394446340098
1252437243500785672
1252332640822272014
1252415945634504708
1252416904230141952
1252238776258170881
1252260051437457408
1252270778269261825
1252243577368969218
1252246380099170306
1252246538686009346
1252257918105391107
1252608559688318977
1252621684865146880
1252629897304068097
1252634299565846528
1252532106623881216
1252259534120370179
1252294281236303872
1252243714640052231
1252264836584669191
1252273075816730627
1252275985996812295
1252278952829345794
1252236971570688002
1252237007436341248
1252265352601493506
1252282103946936320
1252482489664274432
1252269436104585224
1252330893382950913
1252249128517750785
1252405962087923717
1252459113851822081
1252535397386764288
1252240684993708032
1252260134727942148
1252266610108379136
1252250740166361093
1252313154635411459
1252321511362506753
1252255881384919041
1252258001911775235
1252465848381345793
1252476032516526081
1252238316323459073
1252240920864489472
1252241476966375424
1252243583261958145
1252251239104028674
1252253168509095936
1252255456912969729
1252255522323148801
1252255909935529986
1252262403812790275
1252268172754944000
1252276018062282752
1252307538655219712
1252437092631588865
1252237243726663680
1252237339038023681
1252237656198701064
1252237726277083136
1252239842135674880
1252237996192968704
1252238286518538242
1252238468828323842
1252238549207916545
1252238587023613954
1252238594833412096
1252238890951294976
1252238919095193602
1252239649675886592
1252239822745468929
1252240120096284672
1252240148990955521
1252240353253404672
1252240514692382727
1252240580102500353
1252240706187517953
1252240924299661313
1252241084664643585
1252242121836433408
1252242456197959680
1252242523415773184
1252243022382841857
1252243229212278791
1252243619056099328
1252243982735806469
1252244678847664129
1252245948098646017
1252245983255302145
1252246555299545088
1252248549846384640
1252249319400525830
1252249491325018112
1252249643372740612
1252250757413429250
1252251178408316928
1252251519292002305
1252252902414061569
1252253407106211840
1252253705765822465
1252254037694652417
1252254038969720833
1252254044812267522
1252254068019531776
1252254852975136769
1252255275555446790
1252256130606206982
1252256430146674689
1252256701581008896
1252257297545531393
1252257352461533185
1252257470489276421
1252258131394134017
1252260257130299394
1252260676065689600
1252261001719943172
1252261106493554688
1252261510103040006
1252261628596420608
1252262696852033536
1252263127082811405
1252265254601490433
1252265421509668867
1252325414405656576
1252330380155334656
1252332719314534401
1252343779211636736
1252360816810053633
1252405561028538369
1252417612463484933
1252422119268335617
1252434048435159043
1252436521572986882
1252309923284897792
1252313010300948482
1252442079613116416
1252445183049969664
1252453488686182400
1252491249992548352
1252498314584604673
1252548300345139200
1252267987245113346
1252268691217096713
1252269356979032066
1252272699415695364
1252278122323591172
1252278137229983744
1252278589892038657
1252279525230219264
1252694124794392581
1252723639092379649
1252843273879609344
1252897765048430593
1253197107357528064
1253583709267247104
1254174321641209857
1254534052276768769
1254689468809744384
1252251940479741952
1252258148867588097
1252280592173076488
1252280828408795137
1252282062134009858
1252282707020861440
1252283983821496321
1252286569551138819
1252292217676468227
1252293921335644160
1252294143143022592
1252296040490979328
1252298167686742022
1252300453511000072
1252305672714235915
1252305733280030721
1252242574825439232
1252273139645644800
1252241940080451584
1252748462883561477
1252243041018052609
1252268692949385216
1252286690594557952
1252299878761410561
1252275875674034184
1252325419656896512
1252243562932117504
1252325140479819776
1252244689086021635
1252254364766437376
1252253975694512129
1252279821146693634
1252325022666022913
1252237636523212805
1252242732925325312
1252251617648422922
##1252239082568265734##
1252239082568265734
1252239824876179456
##1252252734327336965##
1252252734327336965
1252264013347663872
1252253194585018375
