##1241364692519583746##
1241364692519583746
1241364709233831938
##1243607953183301636##
1243607953183301636
1243608541660884995
1243608675870289920
1243609525334216710
1243612092197986306
1243613084532555779
1243608110545207303
##1245832918011871232##
1245832907186475010
1245832910416105474
1245832912093818880
1245832914014740482
1245832916334268417
1245832918011871232
##1245844193890762752##
1245844193890762752
1245846149149470722
1245851823707238402
1245846052235665410
1246048388304470018
##1247855231490297863##
1247855199995207682
1247855207490424833
1247855210195816449
1247855212385230848
1247855214687916033
1247855216839602176
1247855219033112576
1247855221302333440
1247855231490297863
1247855240696795143
1247855243502727169
1247855252537253894
1248024405332111362
1248024595682054144
##1250365766949617667##
1250365766949617667
1251467824561901568
##1255539138490744835##
1255539138490744835
1255539243360944131
##1255637091024846855##
1255637091024846855
1255637444579463168
1255637915868319745
1255638468870516743
1255638678862512129
1256640753553625090
1256757199558377478
1256762450181005313
