##1224492409087758338##
1224492409087758338
1224492790035439617
1224526128372690944
##1224251889778335744##
1224251889778335744
1224277362243710976
1224277624677072897
1224278474455687168
1224278812172673035
1224280699412385792
1224282053547626499
1224290108951736322
1224294725458460672
1224317607156822017
1224268695742091265
1224276162089799681
1224277279318183937
1224272482561077248
1224286265278943232
1224286800031756288
1224319777558212609
1224353165019140097
1224273234918543360
1224279882693324800
1224280226328469505
1224292819088658432
1224273720769990656
1224297702374223873
1225205977517084679
1225234257083281409
1225244386797215744
1225301880676462592
1224255359210131457
1224268913778753540
1224297340682547200
1224297827200897026
1224298596675280897
1224268780966227968
1224330851435065347
1224333566886268928
1224295347423457280
1224295535617761281
1224252237158985729
1224269196042932224
1224317311135383552
1224265692888870914
1224268367252553728
1224317451829239808
1224298187382497282
1224298479205396482
1225610551365111809
1224271399411257344
1224271784628969472
1224271926027120640
1224261931894222848
1224274977798664193
1224269738827833345
1224269924052492288
1224316766337323011
1224334183616729094
1227097844366168066
1227113155513503744
1224268907105660934
1224269279094329345
1224270860846059520
1224271296407724032
1224335456814477313
1224289672983187456
1224645210359115776
1224339624241377281
1224327911081152512
1224435827838615553
1226040743535484928
1224874117914091520
1224895046916419586
1224332817028517888
1224598293684137985
##1224307923079385088##
1224307923079385088
1224350483655032833
1224569298401755136
##1226091155265400832##
1226091155265400832
1226093885258162177
##1226185563440590848##
1226185563440590848
1226258429523742721
1226258614379216896
##1223578068159225862##
1223578068159225862
1223578070583513088
##1223578070583513088##
1223578068159225862
1223578070583513088
##1226529065709993984##
1226529065709993984
1226529211105628161
1227487663676108801
##1231358255802322945##
1231358255802322945
1231358679364046848
##1228452255675932672##
1228451587040980994
1228451681291001856
1228452255675932672
1228452430666510339
1228452693146030083
##1239211579381596162##
1239211579381596162
1239211582489493505
