##1246450659718836226##
1246420962565861378
1246421158473412608
1246421872763437056
1246423453709762561
1246435855583109120
1246442954761351176
1246446467138584576
1246452612955803649
1246504678227095554
1246816239089057793
1246834361346994176
1246421702055256064
1246422671224705028
1246423997711093767
1246445167600640001
1246439547002662913
1246457128698753025
1246479000643547146
1246424313307283458
1246439212888592384
1246454933836234758
1246524168730009602
1246673385742098433
1246675068433940482
1246575803988611074
1246706545267793920
1246421293458694149
1246421008640245760
1246474044385431552
1246439122740314113
1246442335367565313
1246422003663474688
1246493550533099521
1246425592725155840
1246426736465772546
1246426281018822659
1246443924715122690
1247077776949207041
1246427662425489409
1246428032786669570
1246462742246146048
1246464497189040128
1246478637743865859
1246534073520132096
1246705965719846923
1246730263234859009
1246590310408433664
1246677572152369157
1246421443887468545
1246554129545166849
1246432890755391493
1246484625473646592
1246426903088713730
1246480005888200706
1246482763303264257
1246447686028591107
1246448119262445569
1246446585124356097
1246445696817004544
1246632534164885504
1246435066538004481
1246735864446795776
1246715748355104768
1246716080019644416
1246432779300229125
1246433115792441344
1246434049121533955
1246432347505012736
1246443654459383808
1246450153965473792
1246478624154423303
1246501049118142465
1246502757189763073
1247530622643367939
1247548526864863233
1246511815795838979
1246519788723154946
1246478845173280769
1246440645524406273
1246441956881977348
1246422030964207621
1246430916219736064
1246538700839956482
1246540459914276864
1246422259465625600
1246422392706039809
1246470109067202561
1246488298647883776
1246539064372756482
1246421179289796614
1246491500642516999
1246493139495522304
1246493611442782210
1246493802212331522
1246513564954877953
1246569076312465410
1246569503900798978
1246570077752823814
1246570557140852736
1246571536477229057
1246458562915811334
1246565408594964482
1246421903868395521
1246435260180684800
1246826529243508738
1246865887283613698
1246422840179593217
1246434220748267523
1246450184051097602
1246461884880039938
1246475149349728262
1246477710039420932
1246421306981126144
1246487087399886848
1246563748887834624
1246534169502584833
1246534440316276742
1246777335753424897
1246777644538093569
1246888620167966720
1247340272415117312
1247443884843679744
1247798826963832834
1249881930310574081
1250100277694418947
1246544053694496768
1246700268684808192
1246701911484567552
1246792693344276482
1246719148421455872
1246754588553773057
1246626213902385154
1246687081121841152
1246422028095229955
1246488319275524097
1246493181430116353
1246496646155960322
1246431027263868931
1246445332659081216
1246424933569310720
1246447810356162560
1246708565546590212
1246662032205676544
1246666577359122433
1246666768485167105
1246679032290295813
1246681405209432065
1246681441339166721
1246681623577473024
1246682835936784384
1246696161093828608
1246702229316341761
1246683866204721154
1246708209253056512
1246719194743406597
1246753106983084038
1246762243490041856
1246763996428079106
1246773870838808581
1246421256527904768
1246422246014554114
1246422305275871233
1246422425576882178
1246423187832930304
1246426824504217600
1246452899368128518
1246516722343055362
1246523040697024518
1246597568269824001
1246632219336196097
1246421221559992320
1246421222876905477
1246421454197010433
1246421541082009600
1246421633910411264
1246421690114027520
1246421814173196288
1246422112115572736
1246422238355771392
1246422475111575554
1246422716703440896
1246422807552106498
1246422977304055809
1246423414904160256
1246423959639396352
1246424285377449984
1246424697362878464
1246424898555252737
1246425052289159168
1246425796274774017
1246426959787241478
1246426974773481473
1246427165610184705
1246428845940584449
1246428925569490946
1246429714555768832
1246429750127726592
1246430383379550208
1246430708534579203
1246431329664880642
1246433881173241857
1246436092578070529
1246436175499460608
1246437028293738496
1246438196201885700
1246784410827083776
1246784538233253888
1246843244928995329
1246988313577299968
1246450659718836226
