##1238228998800449536##
1238228998800449536
1238229629003018241
##1238232885712302080##
1238232885712302080
1238260482705891330
##1238234526385606664##
1238234526385606664
1238239032888438784
1238239095836553218
##1238236484639035393##
1238236484639035393
1238236922339897345
1238250531451215873
##1238226794458894343##
1238226794458894343
1238232801645912070
1238379744850296833
1238382065092980736
1238403532426039302
1238428938067759104
1238435960301522945
1238387775432515584
1238375441670471680
1238226922469023744
1238227042744836097
1238236776894017536
1238227629259587586
1238227873737080833
1238228225060491265
1238228297613553670
1238228492405420033
1238239602554609664
1238241997900701702
1238244185477722112
1238245315616149506
1238278222015537152
1238374118967386114
1238248333300445184
1238249243967717377
1238256438012710916
1238380414009556995
1238232666195070979
1238241562171191299
1238242802611507200
1238227536221528065
##1238227891906908165##
1238227891906908165
1238233632642400256
1238238480779665409
##1238223419449188352##
1238223419449188352
1238224682052194304
1238224795675828226
1238225874782126080
1238227754765729793
1238228090884689920
1238423320200175616
1238423405067714567
1238223919259308036
1238224284360814592
1238224899740762116
1238231159206817793
1238231551932076035
1238231646685532161
1238230851252609025
1238231218635841539
1238231417584259072
1238223576584634369
1238224381651845120
1238224778206552066
1238223802431127553
1238224746694750210
1238224841867657217
1238224175422230528
1238296473374203905
1238242776329990149
1238243595448131585
1238244601821106179
1238245815325523973
1238296643402895367
##1238224826373996544##
1238223297520775170
1238223464705785859
1238225045400571904
1238223587099791360
1238223620603891712
1238224826373996544
1238225015151243264
1238223914242904069
1238224047990878209
1238228419676176385
1238223640644194305
1238227164492947458
##1238235773649944593##
1238235773649944593
1238433812884881408
1238235906315898884
1238251599644053509
1238236020728004608
##1238236191264256003##
1238229858821574656
1238236191264256003
##1238223812476403712##
1238223812476403712
1238224371283628033
1238226001362071552
1238227765532536832
1238228212158795778
1238228439758503936
1238229086796988417
1238229988748464131
1238229602201481217
1238230336955453440
##1238225561916510214##
1238225561916510214
1238226486886313985
1238226067598594051
1238226458927083523
1238227575425716228
1238227985561460736
1238228091731877891
##1238226396692074502##
1238226396692074502
1238234343841112066
1238342138913607680
##1238237651700002816##
1238234931958026240
1238235679194316800
1238237651700002816
1238259091098734594
1238259294941917185
1238260252874887168
1238235721070149632
1238236137380032512
1238236000805158913
1238236427697217538
1238237264938962946
1238239857773813768
1238240485501734913
##1241428440806498306##
1241428440806498306
1241759290735628290
##1238227245715664896##
1238227245715664896
1238234726315458567
##1238227519163203585##
1238227519163203585
1238229363658829824
1238280915094290437
1238228021473140736
##1238227657072029710##
1238227657072029710
1238228537678663687
1238228776854659073
1238228872191184899
1238229422152482816
1238228060253622272
1238228146081718272
1238228257704751105
1238228626866397190
1238229240488681472
1238235232622518272
##1238227750957219840##
1238227750957219840
1238395351532527619
##1238228133674921984##
1238228133674921984
1238238757863727104
##1238228287492628480##
1238228287492628480
1238228545299677185
1238229368528351239
1238251625212530688
1238360180875825152
##1238229175527518209##
1238229175527518209
1238238987590000640
1238242694486425605
##1238229347217137664##
1238229347217137664
1238234526855413760
##1238231494419779590##
1238231494419779590
1238243807998758924
##1238231842018545665##
1238231842018545665
1238239118532005890
1238242828255473664
1240777600110338049
##1238231859533885440##
1238231859533885440
1238232707857035264
##1238232446434529280##
1238232440503701507
1238232444383498241
1238232446434529280
##1238234726315458567##
1238227245715664896
1238234726315458567
##1238234825879928833##
1238234825879928833
1238256051235028994
1238257056622301186
1238308735073820672
1238240769988796418
1238332661539704832
##1238235384133410818##
1238235384133410818
1238238483229151243
1238242688434085896
##1238235510327443456##
1238235510327443456
1238235757850120192
##1238236850390786050##
1238236850390786050
1238238545250148352
##1238237508196077573##
1238229835903905794
1238237508196077573
##1238240849638707205##
1238240849638707205
1238245948645572609
##1238240856622215173##
1238126865807785985
1238117497007509504
1238135457889820673
1238140380098498561
1238156831752585216
1238173563187847168
1238220723782651906
1238228273634488320
1238231177879859205
1238232682657652746
1238235204172603392
1238240856622215173
1238286684216872962
1238394238049685504
1238329945488850944
##1238329307019296768##
1238329307019296768
1238445868136759296
##1238419542172262401##
1238419542172262401
1238420777827000321
##1238430944119468032##
1238430944119468032
1238431074855915520
1238431202249449479
1238431340988637184
1238431422622453760
