##1245757342261673991##
1245757342261673991
1246459807420297218
##1246080971285434370##
1246080971285434370
1246081274642645007
##1246580315855949827##
1246580315855949827
1246580995911974913
1246673444214837248
1246705637003853824
##1246942763729530883##
1246942763729530883
1246943591903244289
1246943955725451265
1246944571357093888
##1248446883791544320##
1248443521150959621
1248444953375772674
1248446883791544320
1248603968625934337
##1248969403028340736##
1240958487099834368
1240200281893339141
1245779817989095424
1245780556878696450
1246380266974859266
1248230619060088834
1248232498745741314
1248641252079423493
1248641964830076929
1248963115477327872
1248967573917577219
1248969403028340736
1248972838930972673
1249209835192815616
1249211904805015558
1249259667269836802
1249613263282802688
1249925441282027521
1250286939300716545
1250288161822932992
1250290254172454914
1250342114812018689
1250348610606133254
1250711272984887296
1251132181495283713
1251285779319599104
1251552595975581699
1251974539359277057
1251975056835653639
1251976020682510338
1251977149021552643
1252227219944099841
1252230307060695041
1252357156516409348
1252583891707330561
1252586910872227840
1253309901927055363
1253621530162012160
1254710287502118912
1254712346175516674
1259103342434885632
1253312855342014465
1250298340664725512
##1249679088102539264##
1248320261851619331
1247096011522179078
1246155212257144832
1244650692389765121
1243176471222464513
1242104279575511046
1241415153733849093
1240684275864727552
1240682166146797568
1240683058648338434
1240691004836950016
1240711122174349312
1240730452576567298
1240942735869214722
1241002542265503745
1241070605132353537
1241274979548872705
1241338236959633408
1241376917221265410
1241464138905399300
1241483456103829504
1241622276430336001
1241681016164700161
1241739248736374785
1241750215331323909
1241778559452164096
1241800411473940482
1242023751438532608
1242751245770776576
1242779052190113794
1242808640928714752
1242815896265076743
1242822821065240576
1243123921370652672
1243136746377838592
1243147075531005954
1243161033428123648
1243232937409220608
1243486698249609222
1243544098398703622
1243821239229087745
1243974004727328768
1243996122827370497
1244254771172782080
1244328202069303297
1244351249962672132
1244666130452615170
1244699757311901696
1244725436745224196
1245772128068218881
1245776193401565184
1245791100461350912
1246000031565598720
1246037210127904768
1246065300556128256
1246355777893404672
1246448185192656899
1246515766742130688
1246547869399646210
1246735033802555393
1246854613376077825
1246854814610399232
1246866426335498241
1246907281003945985
1247178393315049472
1247235800749744131
1247418648945442818
1247449357680508928
1247610828725116930
1247938121741852679
1247960822422396931
1247988376516677632
1248280772529852416
1248378791136657413
1248613199978450950
1248650514121863170
1248716947447074819
1248935852178366464
1249020336034766853
1249365624259842048
1249387748751966214
1249405722938560518
1249679088102539264
1249700157882580992
1249709658459320322
1249725925702406145
1249990985272229888
1250065071079854083
1250130312539058177
1250385060932485120
1250431399552643078
1250507235505197063
1250544228402413569
1250749667375226880
1250769500162740225
1250826504289898498
1250856726330593280
1250888121148944385
1251100082407161857
1251120066005020673
1251151712775094272
1251227109718138882
1251263550317907969
1251830450680725504
1251900217760366592
1251925994719584259
1251966445564633092
1252265848091430912
1252298666775384066
1252313203243188231
1252601315697532928
1252639646942707712
1252691455052845056
1252702644075986946
1252909031099957248
1252992328727498758
1253027499145146368
1253331039738454016
1254382256707289088
1254406344385404928
1254430524589867008
1254501812691927041
1254740299814965248
1255583655071793155
1255805441512280069
1257634172602142722
1254581229892120578
1246811891449683969
1245775145106538497
1244256361564835840
1244257013380587525
1244257280125779968
1244258168567410689
1242831876500467713
1242832559022714882
1242860791419764744
1243641247782375428
1242867067285635073
1242444885560635399
1242480518156783619
1244239939920855040
1244252259317428225
1245432679941709827
1249702255198195720
1249702435188117504
1244650894534348806
1244653782438420486
##1252699606301003776##
1252699606301003776
1252792289384112129
1252897745179992064
1252700051186614272
1252700458864521217
1252700827359338497
1252714095251464194
1252785577524633600
1252786469053313027
1252884300426555392
##1255518551307403265##
1255518551307403265
1255520900193099778
1255523629036638208
1255523859849248774
##1246086887099506688##
1246086887099506688
1246109461632241664
##1246884490368204801##
1246884490368204801
1246888949827670017
##1248967573917577219##
1240200281893339141
1240958487099834368
1245779817989095424
1245780556878696450
1246380266974859266
1248230619060088834
1248232498745741314
1248641252079423493
1248641964830076929
1248963115477327872
1248967573917577219
1248969403028340736
1248972838930972673
1249209835192815616
1249211904805015558
1249259667269836802
1249613263282802688
1249925441282027521
1250286939300716545
1250288161822932992
1250290254172454914
1250342114812018689
1250348610606133254
1250711272984887296
1251132181495283713
1251285779319599104
1251552595975581699
1251974539359277057
1251975056835653639
1251976020682510338
1251977149021552643
1252227219944099841
1252230307060695041
1252357156516409348
1252583891707330561
1252586910872227840
1253309901927055363
1253621530162012160
1254710287502118912
1254712346175516674
1259103342434885632
1253312855342014465
1250298340664725512
##1249014112715227136##
1249014112715227136
1249014467259703299
1249031776405794816
1249058851426615303
