##1253460532377669633##
1253455906630762506
1253459108440739840
1253459952779382795
1253460267708682242
1253460983881838593
1253464887747117056
1253465249694593025
1253465229796802560
1253516562516099072
1253466061346930688
1253483105911963648
1253771759100268544
1253784464867627016
1253819978085797888
1253485297897222151
1253717591450890242
1253505775886098433
1253464218105524226
1253456138017943553
1253456378447921152
1253457930537635840
1253460360646086661
1253466323138613250
1253457453716570114
1253457835570200578
1253462387291762688
1253485760809926656
1253744287650586626
1253505020508676098
1253456364610994177
1253465134854483974
1253467720324206597
1253521138547937282
1253572862813908992
1253640298988810244
1253457706150776842
1253460489495023631
1253460730256527363
1253540713842835458
1253462912401911808
1253477594034561024
1253456175691071497
1253484320582443011
1253456704727023619
1253460532377669633
1253462755186745344
1253466435894026240
1253467737340416002
1253470896565747712
1253460790360846344
1253486208258318337
1253459085862875138
1253459750118883335
1253459964624015362
1253460082593075202
1253460226084425731
1253460825177817089
1253461954733228034
1253462346191831040
1253478398359490560
1253481979363954689
1253460679375368194
1253461349608361984
1253457279451627523
1253457360720404481
1253464980353056771
1253456508605562881
1253457568074289153
1253456340061761536
1253457523744690177
1253456208360542208
1253456419677966338
1253456965344415749
1253457080499003395
1253457795061551117
1253538352789360642
1253538806327803904
1253456637928640513
1253645516610646018
1253473790232866818
1253474313598046210
1253474857368596480
1253479519991848960
1253458638288703491
1253459348124205057
1253485316683546625
1253491607682322432
1253495086433865730
1253501149568806920
1253486084627083264
1253456060960182274
1253456088869081090
1253456222017241088
1253456224303144961
1253456234885328897
1253456244255477760
1253456269861703681
1253456300073246725
1253456301197275136
1253566487677321216
1253456471653826561
1253456604969807873
1253456606295142400
1253457107728416770
1253508473872175104
1253457314134319105
1253457348502454275
1253457583698042882
1253457964196868096
1253458184322285568
1253458703203872769
1253459055684829186
1253460536685199360
1253460767376060417
1253461471142559744
1253462229300785152
1253462922900262913
1253463118472192001
1253466548649570305
1253467112817020931
1253469265442856962
1253473200153014277
1253478945091194885
1253469828750467072
1253471115156094976
1253472420025044993
1253473941689110529
1253474625813655554
1253476096437374979
1253476716430983169
1253479470830432257
1253479828285685762
1253480303089324034
1253456514637017089
1253456990384402432
1253457783887978496
1253461876878577666
1253456296373899265
1253456942099566592
1253459135678603273
1253460120383692800
1253482933966553090
1253456133450280960
1253458792781676544
1253491132803223553
1253531797230628871
1253534733029593090
1253574222141706246
1253580114601955329
1253591251305353216
1253610036531736576
1253650037793525761
1253650167892410369
1253480866350870529
1253483784432910336
1253484025743843328
1253486082693480449
1253487114983006208
1253490161494695936
1253491455160717314
1253492289512648704
1253493113190055943
1253495757631520769
1253496533795905542
1253500680792207360
1253501025295753217
1253503503017938949
1253504522816753665
1253515292543791106
1253516484837597186
1253530848881713152
1253675368944472065
1253457162023645184
1253458282913685504
1253458593778741253
1253456217911033857
1253462223760089092
1253465844237111296
1253466746981363712
1253456389114081280
1253486158459342848
1253457460582666242
1253483953253765124
1253456100038500355
1253508468914429953
1253472086896541702
1253490793676976128
1253494361188372482
1253456813590302721
1253461579779190784
1253456322978291713
1253456180673994753
1253456365093359618
1253492828656861184
1253456772632903682
1253456882183868420
1253461564713324546
1253456022523514885
1253456524678217734
1253456721957224449
1253456845357924353
1253457027805917188
1253457227408703490
1253457264033378307
1253458271731662848
1253459124186165249
1253459147175137281
1253459964640866305
1253461256348016642
1253461708460273665
1253463718836535296
1253467234393034757
1253472681082736643
1253480705402834945
1253483234421280770
1253483681999699970
1253484031351697410
1253492531184185347
1253492604710326272
1253496753262862336
1253498179007414279
1253505227195645952
1253506277818478592
1253590220114743296
1253646745923391488
1253725463106781186
1253456150319824896
1253483496443650053
##1253460825177817089##
1253455906630762506
1253459108440739840
1253459952779382795
1253460267708682242
1253460983881838593
1253464887747117056
1253465249694593025
1253465229796802560
1253516562516099072
1253466061346930688
1253483105911963648
1253771759100268544
1253784464867627016
1253819978085797888
1253485297897222151
1253717591450890242
1253505775886098433
1253464218105524226
1253456138017943553
1253456378447921152
1253457930537635840
1253460360646086661
1253466323138613250
1253457453716570114
1253457835570200578
1253462387291762688
1253485760809926656
1253744287650586626
1253505020508676098
1253456364610994177
1253465134854483974
1253467720324206597
1253521138547937282
1253572862813908992
1253640298988810244
1253457706150776842
1253460489495023631
1253460730256527363
1253540713842835458
1253462912401911808
1253477594034561024
1253456175691071497
1253484320582443011
1253456704727023619
1253460532377669633
1253462755186745344
1253466435894026240
1253467737340416002
1253470896565747712
1253460790360846344
1253486208258318337
1253459085862875138
1253459750118883335
1253459964624015362
1253460082593075202
1253460226084425731
1253460825177817089
1253461954733228034
1253462346191831040
1253478398359490560
1253481979363954689
1253460679375368194
1253461349608361984
1253457279451627523
1253457360720404481
1253464980353056771
1253456508605562881
1253457568074289153
1253456340061761536
1253457523744690177
1253456208360542208
1253456419677966338
1253456965344415749
1253457080499003395
1253457795061551117
1253538352789360642
1253538806327803904
1253456637928640513
1253645516610646018
1253473790232866818
1253474313598046210
1253474857368596480
1253479519991848960
1253458638288703491
1253459348124205057
1253485316683546625
1253491607682322432
1253495086433865730
1253501149568806920
1253486084627083264
1253456060960182274
1253456088869081090
1253456222017241088
1253456224303144961
1253456234885328897
1253456244255477760
1253456269861703681
1253456300073246725
1253456301197275136
1253566487677321216
1253456471653826561
1253456604969807873
1253456606295142400
1253457107728416770
1253508473872175104
1253457314134319105
1253457348502454275
1253457583698042882
1253457964196868096
1253458184322285568
1253458703203872769
1253459055684829186
1253460536685199360
1253460767376060417
1253461471142559744
1253462229300785152
1253462922900262913
1253463118472192001
1253466548649570305
1253467112817020931
1253469265442856962
1253473200153014277
1253478945091194885
1253469828750467072
1253471115156094976
1253472420025044993
1253473941689110529
1253474625813655554
1253476096437374979
1253476716430983169
1253479470830432257
1253479828285685762
1253480303089324034
1253480866350870529
1253483784432910336
1253484025743843328
1253486082693480449
1253487114983006208
1253490161494695936
1253491455160717314
1253492289512648704
1253493113190055943
1253495757631520769
1253496533795905542
1253500680792207360
1253501025295753217
1253503503017938949
1253504522816753665
1253515292543791106
1253516484837597186
1253530848881713152
1253531797230628871
1253534733029593090
1253574222141706246
1253580114601955329
1253591251305353216
1253610036531736576
1253650037793525761
1253650167892410369
1253675368944472065
1253457162023645184
1253458282913685504
1253458593778741253
1253456217911033857
1253456514637017089
1253456990384402432
1253462223760089092
1253465844237111296
1253466746981363712
1253491132803223553
1253456389114081280
1253486158459342848
1253457460582666242
1253483953253765124
1253456100038500355
1253508468914429953
1253456296373899265
1253472086896541702
1253490793676976128
1253494361188372482
1253457783887978496
1253461876878577666
1253492828656861184
1253456942099566592
1253459135678603273
1253460120383692800
1253482933966553090
1253456813590302721
1253456133450280960
1253458792781676544
1253456322978291713
1253456180673994753
1253456365093359618
1253456772632903682
1253456882183868420
1253461564713324546
1253461579779190784
1253456022523514885
1253456524678217734
1253456721957224449
1253456845357924353
1253457027805917188
1253457227408703490
1253457264033378307
1253458271731662848
1253459124186165249
1253459147175137281
1253459964640866305
1253461256348016642
1253461708460273665
1253463718836535296
1253467234393034757
1253472681082736643
1253480705402834945
1253483234421280770
1253483681999699970
1253484031351697410
1253492531184185347
1253492604710326272
1253496753262862336
1253498179007414279
1253505227195645952
1253506277818478592
1253590220114743296
1253646745923391488
1253725463106781186
1253456150319824896
1253483496443650053
##1254424586390835201##
1254424586390835201
1254424997554262016
1254426389840891905
1254430018576547840
1254430593686831109
1263739460816179207
1254424906009399297
1254425541110829056
1254426376238706695
1254508469195100161
1254433017994579968
##1253654798697738241##
1253654798697738241
1253666023284396033
1253661675108122625
1253792589658144769
1253664810463629313
1253654908206710785
1253655365775958017
1253672242782900229
1253662502883405825
1253688397698342914
1253876517295316992
1253655452086403074
1253655635813687297
1253655822212771841
1253657156416606208
1253656094003679232
1253656631684091904
1253655450735849472
1253776703761022977
1253655076859764736
1253655683767115779
1253659777948942336
1253655182329761797
1253656349289984001
1253657105581686795
1253655596227796996
1253655781519560711
1253656003251515394
1253656821115600896
1253658235703382016
1253658465563742208
1253658878912446464
1253667079405920256
1253679470696976385
1253657125294952448
1253660702658748417
1253665486182760449
1253718092716392449
1253663717381869571
1253668079822921734
1253738636857823235
1253654915496452098
1253654950271483908
1253655059222745089
1253655070471847937
1253655240043364354
1253655254861787138
1253655310499184640
1253655383878635520
1253655447791382529
1253655491722596352
1253655617090260992
1253655685818191874
1253655776255782913
1253656003075325952
1253656004543332354
1253656373256171521
1253656382571778048
1253656610129534980
1253656767185195010
1253656780598661121
1253656803918954496
1253656968071467009
1253657004381548546
1253657061700894721
1253657185474789378
1253657264885465090
1253657339254710272
1253655410067857408
1253655152923488256
1253661516848644098
1253662254299516928
1253660526300876800
1253776868681154563
1253787708687896578
1253657722706427909
1253658047974723585
1253658100743188480
1253658188899123201
1253658675811680256
1253658685798330377
1253658906607452160
1253658935053242370
1253659040653197313
1253659055194812417
1253817765393285125
1253831673646628866
1254500618091278336
1253656110726287360
1253661024462557184
1253668260425449472
1253659137004666881
1253662176402948099
1253712350429011978
1253738363124879362
1253656646057955330
1254284882781638657
1253655426782150656
1253662215783231488
1253657920627249152
1253793527701569536
1253716720805728264
1253659098765295617
1253659320669081600
1253659826468593665
1253660109001166849
1253660736213180416
1253661188342284289
1253661424884363264
1253661607353294848
1253661945263161344
1253661950137044992
1253662754109558784
1253662812330655744
1253662821411422215
1253663260957646848
1253663536108179463
1253663732095430657
1253663769072459776
1253663991714455554
1253664474835320835
1253665231882067970
1253665786234679296
1253665920121278469
1253666044511649793
1253666229132328961
1253666493977505793
1253666941002276869
1253673849155174400
1253674191330705410
1253674568985829376
1253683222417899525
1253686979113504768
1253696139272040453
1253696179034107909
1253700531865948160
1253707497304723456
1253711311424413700
1253714452437970952
1253716579646345218
1253726139689959424
1253732594258186240
1253735214892843008
1253736026591428608
1253741958423437312
1253747583715020804
1253747622210424833
1253658195685408768
1253672608492589056
1253675829873250307
1253669591089319939
1253672092819750913
1253671421554896896
1253659050522353665
1253689980909760514
1253670060771721217
1253671782814560256
1253837304734584832
1253841775028047874
1253655639987048452
1253655839577190401
1253671506195951616
1253655683230285824
1253655898150576130
1253656589971660800
1253657674933207040
1253658354737651712
1253659548214272001
1253659728409964549
1253659891459334144
1253660845961293826
1253662105074634752
1253663591112163328
1253665140110774272
1253666843128143875
1253673394303905797
1253675466474455041
1253692804917854216
1253712183076192256
1253724628322791424
1253725928687054850
1253743031909601283
1253982596226142209
1253656956532854784
1253747883746234371
1254422354555482112
1253655427767812096
1253656612583202816
1253658550624231425
1253659093035888641
1253659320425820160
1253655159684595713
1253823342345441280
1253658390015983616
1253763370496471041
##1239653737171468290##
1239653737171468290
1239659085139709953
1239654118853050374
1239664264622886912
1239654871562928130
1240002235230232584
1239951235832315911
1239951779296575489
1239657081436884995
1239807692857901061
1239813875027058688
1239833898831446016
1239844660815761411
1239894627005730818
1239950165756313600
1239655257900224519
1239697822980677637
1239823877120851973
1239840742304071680
1240226590451282048
##1239662351646932992##
1239646659195416576
1239660442626252809
1239664187313356801
1239669266720468992
1239649021255454727
1239689091924492289
1239756703182307328
1239781159002877952
1239963410969677827
1239662351646932992
1239977054860242944
1239657140173910017
1239648173943148552
1239649548273934336
1239661136036970506
1239661267498958858
1239661357223608321
1239662123061587968
1239669271422291968
1239802615803805698
1239828707793084416
1239843038849126400
1239939237438468097
1239962496749854720
1240030045575487488
1240275748084224000
1240489434761420800
1240364911378694145
1239666282875805698
1239723638213029889
1239818164717916161
1239828424988004353
1240587469399166976
1239651566845599753
1239649404908384269
##1240041154072260608##
1240041154072260608
1240041156144173057
##1241832409722769408##
1241832409722769408
1242103515469750279
##1246164956862701573##
1246164956862701573
1246186266531696643
1246166541147791360
1246168683858329600
1246169396877418499
1246187222346448897
1259504384708349954
1246165934877945858
1246166251191353349
1246166496537194496
1246166802587099136
1246165398564765696
1246165641440235522
##1248724722352873473##
1248724722352873473
1248748060349534214
1248755827940438021
1248855796705787905
1248893415288430592
1248894285191294977
1248922964206260225
1248928480605212672
1248932652440326144
1248999234306740231
##1250157307889098760##
1250157307889098760
1250161926224711680
1250284900751568903
1250288066247290880
1259504252692631552
1250161350233526278
1250180889511735296
1250181209457598466
1250181491814010880
1250181730201468933
##1254485938035666948##
1254485938035666948
1254486891124133889
##1234923305783656453##
1234923093061197830
1234923305783656453
1235155041247531008
##1237133607187013632##
1237130344404520962
1237131993516670976
1237133607187013632
##1237848628732907525##
1237816442441158658
1237827150880878597
1237830116887203843
1237836868978388993
1237841812988952578
1237842341605412871
1237848628732907525
1237842468608987140
1237848694801620992
1237829151341588480
##1238502052273291265##
1238502052273291265
1238504406880071683
1238506348935086081
1238504784304443399
1238506287878623234
1238516637285974018
