##1253786289272479744##
1253786289272479744
1253928990202646528
1254089605219069952
1253787382689783812
1253798071328288768
##1253609452135231490##
1253609452135231490
1253609630741278720
1253610220082913286
1253634597818183682
1253674882329649158
1253709824900071424
1253721107825397760
1253726094462791680
1253675094926295041
1253658521717157888
1253674558789496832
1253825080628477954
1253751034998132743
##1253609481780559872##
1253605571913228289
1253606444252966912
1253687951764213760
1253609481780559872
1253624425175560193
1253605909026213891
1253607244375228417
1253648626628407296
1253648782270529537
1253653368704249856
1253626535711473670
1253645773897678848
1253612578904985600
1253606688327962624
1254044381419581440
1253607998783717381
1253638029471817729
1253621531902689280
1253646884998168580
1253605863769636866
1253648847886331904
1253607290147680257
1253673537929449478
1255211736984104971
1253606615229571072
1253607531789848576
1253608108187926528
1253608922725920769
1253607526110769153
1253691634623135744
1253606157383602176
1253606297796313088
1253606399646498817
1253606669441011712
1253607099738791936
1253607963429830656
1253613551748513792
1253622200269262848
1253631660974899200
1253607143955144705
1253607252646408194
1253607263362789378
1253607896383971329
1253607904348909569
1253608604403367936
1253608666365931520
1253608865549225984
1253609135402364929
1253609483835707392
1253611628916064256
1253611808126111744
1253611812546842624
1253612813165170694
1253615223459778560
1253616422288310272
1253617896300990464
1253618152623296515
1253619749017268224
1253619927266873344
1253621224275615745
1253621402336362496
1253621681106628608
1253621982291275776
1253623451950120961
1253626376432824320
1253627175351259137
1253627699022696448
1253628669161025536
1253628827126960128
1253629146946850816
1253630106217648131
1253630764815650817
1253631812749766657
1253633637486125056
1253633842407145474
1253634767003824128
1253636436575821824
1253636663244357632
1253640404970373123
1253780396032110592
1253809878797344769
1253826458071564290
1253831885433831425
1253858182344183808
1254000690172698626
1254096770902233090
1254464526554222592
1253650134744944640
1253650560189894657
1253650865648476160
1253660287422652417
1253660342519050242
1253661573748609024
1253661732498800641
1253661758645993473
1253663234780954626
1253664525263474688
1253665017532039171
1253668119068975104
1253669958699147266
1253671687796789248
1253682330478292999
1253690178721497091
1253693394460819456
1253699952171245569
1253705622803054593
1253706576164278273
1253719779485069312
1253734801842024452
1253738395790200832
1253739740358225920
1253741923053027331
1253750895591985155
1253766267074416640
1254104498915749895
1253627970843000838
1253901088626929665
1254071288324374528
1253639177809408000
1253720421314318336
1253629623176441856
1253606376800161794
1253608778374791168
1253606617159020545
1253608815997734912
1253610122212978689
1253610174834761728
1253613206674825218
1253613248831725568
1253655464379912193
1253657858979307520
1253660273082273793
1253666481381965825
1253670473373753344
1253672198453235712
1253674002322776066
1253674747642228741
1253614115689508865
1253623643143311360
1253635311021817857
1253639679993397248
1253639695927578626
1253652060358103050
1253679970683097089
1253693249681833984
1253694379883192320
1253698551718252546
1253699837821956096
1253700528355381255
1253707723444813825
1253720951612682240
1253735253396643841
1253762255067455494
1253764142319755266
1253769115837349891
1253772952677617665
1253796982587564032
1253877411692851206
1254010194050367488
1254069751472586753
##1253822876135968768##
1253822876135968768
1253824361292804097
1253824625550688257
1253824896586715137
1253825227701829633
1253825391397126146
1253825994223497222
1253826290882359296
1253878999836700673
##1253597649997107201##
1253597649997107201
1253610054781108228
1253598791531466752
1253598789551742976
##1253694048436654081##
1253694048436654081
1253694055525027840
1253694057466990596
1253694059551621121
1253706395486216196
1253712281868910595
1253716965597892615
##1253751314628009985##
1253751314628009985
1253981652012933120
1253755631254802441
##1253819245143752704##
1253819245143752704
1254133862671749126
##1253820241597075456##
1253820241597075456
1253852492414189572
1253854761063002114
1253825688756531202
1253822933618905093
1253887970559643653
1253838476610613248
##1253844636499685379##
1253820241597075456
1253852492414189572
1253854761063002114
1253825688756531202
1253822933618905093
1253887970559643653
1253838476610613248
##1253967690181550082##
1253967690181550082
1253968466970886145
1253968918923874304
1253980277745074176
##1254031230443667463##
1254031230443667463
1254038498878898179
1254128524031647745
##1254057576670650368##
1254057576670650368
1254175818135359489
1254178767985086466
1254178993856806912
1254181873871454208
1254208092524478467
1254177720457625600
1254085809004838912
1254059076780261378
1254058586151555072
1254150870066921474
1254354977205739526
1254120930433007624
1254058720188825601
1254072701842534400
##1254061402064588803##
1254061402064588803
1254064616054894602
##1254851047841021957##
1254851047841021957
1254853949863063553
1254865824008908803
1254854980680298502
1254878424176431110
1254932942037692427
1254942330437668865
1255451287904280583
1254868968948609025
1254857103212048384
1254872131227340808
1254858830057332736
1254921441029558272
##1253608887527206912##
1253608887527206912
1253614594746179584
1253611086391230464
1253615374219657217
##1253757742382227462##
1253757742382227462
1253760628243738627
##1253762658874032129##
1253762658874032129
1253764412437139456
1253763864270901253
##1253778429012512774##
1253778429012512774
1253779089648992257
1253779854752919554
##1253799851059556353##
1253799851059556353
1253807578095783936
##1253818447143763971##
1253809288704856065
1253809693371371522
1253809815345934338
1253818447143763971
1253844754644766723
1253809426047340544
1253810032375988228
1253816550458568708
1253849237403680769
1253815794036858885
1253826369403916290
##1253856040938082305##
1253856040938082305
1253864206379544577
##1254044919070691328##
1254044919070691328
1254108486910312448
##1254052984474021889##
1254047324797534209
1254052984474021889
1254048038143832064
1254061609493938178
1254367858718629888
1254973661485895680
