##1238199326817619978##
1238198661131243520
1238200629224488963
1238201792212668417
1238202256039821314
1238202687193260034
1238204689801515013
1238206840795627522
1238207619115991057
1238239099548569602
1238203108846698498
1238205097060052993
1238212423988973570
1238251265722851329
1238209857817378819
1238229287947378689
1238203251339771913
1238203049279131648
1238202483899539456
1238205012804861952
1238209548143468544
1238210202564014090
1238200800016556034
1238201478365483009
1238201244763766785
1238236991222841350
1238201431427026945
1238717122651586560
1238200949723848709
1238201539535220736
1238201630157389827
1238202934741123081
1238203343425634304
1238200758996172806
1238200869314875393
1238200997857710081
1238201020666318850
1238201219644035072
1238201229509083138
1238201387156230145
1238201717394739201
1238201934143795200
1238203257387958272
1238211442228281346
1238211489657499656
1238219056878096385
1238220014509068296
1238240194899390474
1238260884671213569
1238376695972999168
1238399430874849280
1238525765899243524
1238201522640601094
1238201598129684506
1238207435464196109
1238207648459296768
1238240457823408129
1238280454358405120
1238402365532835841
1238200712145842183
1238200855691739144
1238201694485430276
1238201955622797313
1238234358214991873
1238199227076968450
1238205193994604545
1238206869753286657
1238221973307691008
1238205634501361681
1238206910895177731
1238284978884169730
1238212224126259202
1238220365723308035
1238240819452182529
1238332018066415618
1238365480630484993
1238399431990484992
1238566369538555904
1238207401033113603
1238205976123187202
1238208824219222016
1238209210342653967
1238209307382108160
1238220118884220928
1238262039103123458
1238398979974586368
1238458587690795010
1238199982521540609
1238199654073974797
1238200184271749133
1238201918750670859
1238202439792279564
1238202391578763266
1238200363926392832
1238200855519772679
1238205258452611073
1238205811421261824
1238202350067765248
1238202763865178112
1238205011957514241
1238205542860034048
1238206754359558144
1238209666301267970
1238227422190931968
1238322236030947329
1238207781930483733
1238208444286541825
1238209905619808261
1238210318620332042
1238718392703598592
1238738746746470400
1238781866364276737
1238783593352216577
1238198986005250048
1238202244421562368
1238217577182253064
1238222534929256449
1238241332482772993
1238200167112814597
1238222506093355010
1238223084315791361
1238267838693019649
1238454110187401217
1238554347392417793
1238200459661320194
1238229107479019527
1238237664354197504
1238360900999970817
1238198847832305665
1238198900521086982
1238198994725191682
1238199314335305728
1238199768624611328
1238201470857678849
1238202322494226432
1238199017823260672
1238199067588640779
1238199767311810561
1238200488488841216
1238203182930681858
1238204364411584518
1238207760195600389
1238210879855792128
1238212379068051457
1238215914195165187
1238198727002767369
1238198792828190720
1238198795336368128
1238198820149870594
1238198835974942724
1238198836763471880
1238198847769325568
1238199409277632512
1238451857669918720
1238452669053894656
1238461532914307077
1238468578413883394
1238482447215366144
1238506108110680064
1238508727159980032
1238198848645992448
1238198854643826700
1238198863732842498
1238198866085924866
1238198868631830531
1238198877087563777
1238198886763606016
1238198891457232907
1238198918829289472
1238198957739737089
1238446545013522432
1238525634630082561
1238533004630384642
1238548779323752450
1239263504923873281
1241120135794044929
1238215271799828489
1238422477140832256
1238437280592822274
1238198974496018432
1238198982553284609
1238199000907624461
1238199014434189313
1238199054930194433
1238199068947632130
1238199117710532608
1238199162426048527
1238199254725861377
1238199290847207425
1238199296861880320
1238199307699916800
1238199365874966529
1238199403808251905
1238199475312758784
1238199534028800006
1238199546079035395
1238199603301883906
1238199712743862272
1238199726115340288
1238199738710835211
1238199912971583490
1238199988280311809
1238399900892758017
1238200022124150803
1238200073927999490
1238200241377198082
1238200244044812295
1238200589437284354
1238201420391895046
1238199009275195394
1238506113492017153
1238406804595499008
1238453559030677504
1238700263424352256
1238198946276814849
1238199133338570752
1238422339999666179
1238200813048250372
1238200884527616004
1238200949015003152
1238201013619867648
1238201188648136706
1238201688357511168
1238201792120455170
1238202157733679112
1238202212813324303
1238202558868525056
1238202783238631425
1238202923403919366
1238203226249363456
1238203485751033883
1238203970125991939
1238205371145207814
1238206120059158528
1238207308238336000
1238208068267229200
1238208388653342721
1238209093501927437
1238209834144747521
1238209965686509569
1238210209878810626
1238210560602374144
1238212059160096768
1238212394855301120
1238215211800317953
1238217801069928448
1238218765864710144
1238223979476930562
1238226570701148160
1238227628533919745
1238228494003339265
1238232103864676353
1238232124446117890
1238237226984710144
1238237968114110465
1238241036243255298
1238243878555222016
1238245591752286211
1238249506841468929
1238260386618576900
1238264019615731713
1238293608299667457
1238309043870920704
1238329572518703106
1238334639120343040
1238337015193767936
1238340228206788608
1238358167253286913
1238372443175243777
1238390569153544195
1238401490374492160
1238405173304791041
1238410229508984832
1238368930126848005
1238375042125348864
1238385326332223489
1238359221944684547
1238364835357868032
1238202300625293319
1238199985331724288
1238199326817619978
1238306609601949696
1238199250141564929
1238199302486478850
1238199366302797824
1238200976764526592
1238340564363415552
1238321778998509569
1238390589483364352
1238401685556539392
1238447466166566914
1238448707634442240
1238458640480317440
1238509884875976706
1238285783662039040
1238286371783151616
1238200704180895747
1238204855359062032
1238446886371065856
1238314328278700033
##1222072250813353984##
1222072250813353984
1222083332638433283
##1223534380125171714##
1223534380125171714
1223831705318035458
##1223658964526731265##
1223658964526731265
1223658967445975042
1223658969337618435
1223658971254460416
1223658977248055296
1223658979764703232
1223658982096691205
1223658987503214594
1223658994532855808
1223658997246582785
1223658999196811264
1223659310342922240
1223659312050049030
1223659313954197505
1223659315787190273
1227693631345221634
1227694056337178625
1227696587117387776
1227701021784313857
##1223926215683248129##
1223925161121984513
1223926215683248129
##1224294489424113664##
1224294489424113664
1224335950433718272
##1224649890439081985##
1224649890439081985
1224659392244699137
1224659875197788161
1224660469870481409
1224687590487613442
1224687751183962113
##1224748045226729480##
1224748045226729480
1224807830240350215
1224815541308837889
##1229140305355722760##
1229140305355722760
1229186077971353600
1229268606481051648
##1232079713931317248##
1232002458098044928
1232003130616930304
1232005985989951491
1232006069108576256
1232052953030197250
1232057549425381377
1232074068846923778
1232074601137680390
1232075201988505603
1232076362606956545
1232077416329306112
1232078407137189894
1232079067857465349
1232079713931317248
1232080534647513088
1232081133057302528
1232081769404542976
1232082268317011969
1232082965607452673
1232083446522097665
1232084255444029440
1232068358755012610
1232068612896251904
##1236951384815284225##
1236951384815284225
1236953041015840768
1236959881153974272
##1237430958783168515##
1237428776197373955
1237430958783168515
1237431016366788609
##1237839543597797385##
1237770429328171008
1237771871325691904
1237772030432423936
1237772249454776321
1237772341813415938
1237772572722331648
1237772709498585089
1237773201922547713
1237773382042693639
1237773675736244224
1237773746192220160
1237773949351665667
1237774152167231495
1237774357394591745
1237774699553345536
1237775639232614402
1237775886532980739
1237776084327858178
1237776297587286016
1237776464872984578
1237776661728448515
1237776858457964545
1237777024858628096
1237777208812412929
1237777373673725954
1237777939263041538
1237778059232755720
1237778181198950403
1237778331149447168
1237778563862089728
1237778764123254789
1237781848903860229
1237835242876162048
1237845656762331136
1237855311706255362
1238480676359413761
1238480771679023104
1238505667977261062
1238505820175740928
1237780954271358985
1239694815425683457
1237796014356127750
1239658704015949835
1239659950277877760
1238481742635417606
1238481241395081216
1239302616942772225
1237792861527117824
1237775041359732738
1237837908817698821
1258954878254288896
1237788026031550465
1237790031374364673
1237778197841956865
1237783402390212609
1238503995074924545
1238504181738037248
1237793401141186563
1237839543597797385
1237841102490619911
1237863355534073857
1239933349361340416
1239933487768993792
1237771169597620226
1237774612768980993
1237779009901125632
1237779192596611073
1237904355266891777
1237960930840973312
1237773279139713025
##1230927848170557440##
1230927848170557440
1230929128242720773
1230929367079014400
1230929999643004930
1230930194720010240
1230930310034067457
1230930280187355137
1230930374697586688
1230928443237425152
1230929320757145601
1230929590211706880
1230928872767709184
1230928205957169152
1230928915138568194
##1244381602622443522##
1244381602622443522
1244382317327589378
1244383048369610760
1244383231866216450
1244383374262837252
