##1239649996783398915##
1239615301991297024
1239640908393598977
1239617650281545729
1239619274806824962
1239659585880891394
1239615472599007232
1239667669047050255
1240903182890545153
1239615861125722112
1239616474995724288
1239616718982479875
1239666969588236288
1239684978205700098
1239694114897252352
1239710668695064576
1239874070860177409
1239986328856649728
1241433538290950145
1244971253724823553
1239649996783398915
1239636496065482754
1240315949926006789
##1240584665414721537##
1240584665414721537
1241004497218011139
##1240657156954886146##
1240656108198473731
1240657156954886146
##1241858281515241474##
1241858281515241474
1241858750828482561
1241862287956246530
##1254911037675110400##
1254908524016132097
1254909242164854789
1254909875248865283
1254916791878529026
1254913178762391552
1254916998720618497
1254917427328139265
1254918610377678853
1254918950644785153
1254913954377326594
1254914055954980864
1255220549304844289
1255231915738742785
1254944831958376454
1254909605169238016
1254909104285528064
1254920693017448448
1254909085742501889
1254911551271731206
1254912466259247104
1254917020447051781
1254950807868518402
1254951117387169793
1254908695122636800
1254908707365949445
1254908768678219777
1254910049174073344
1254910143541755905
1254909298796367880
1254915303689129985
1254910407929663493
1254909078708596737
1254911922362875904
1254912613953212418
1254913825742172160
1255083078583795712
1254909497773940736
1255022062688706561
1254911484959903748
1254912678272946181
1254914765635321857
1254910191830736896
1254912458239737856
1255083806060613632
1254911037675110400
##1238970457153507329##
1238970457153507329
1239077497368645632
##1238971272257830914##
1238971272257830914
1238971866041196546
1238972332321976325
1238973664785301504
1238979820287074305
1238975796112433152
1238979517416386561
1238992335167422464
1238972857348128770
1238973202245746688
1238973891198025728
1238992455925673985
##1239246811409395718##
1233484860112719880
1233484868744597505
1233484887950274561
1239246811409395718
1239247334082514945
1239247906445672448
1233488879593848832
1233489887388667907
1233492649115627523
1233699268805963776
1233700975086571520
1233704382962831360
1233521098030972934
1233526639365103616
1233531846908141570
1233697166625050624
1233698955713744896
1233526139060195328
1233697566002417665
1233523682359812098
1233733815190933504
1233541774787973120
1233696352560959488
1233537789565833220
1233696488225677312
1233715218213199872
1233506355685863428
1233516551854227456
1234555253707681793
1233687188816134144
1233695936834154497
1233726574446436356
1233728181183680513
1234040327482331136
1234059807210049536
1234125816633663489
1234126869273948160
1234126960646905858
1233817803146354688
1233828044894298112
1233485649661120512
1233485954989555713
1233486272372625409
1233486874771152897
1233488700555890692
1233489545162829825
1233490008637628421
1233490770847551488
1233492331262812161
1233493506552979456
1233493730709180421
1233494022339137536
1233489206451810305
1233522313188069382
1233697898489155586
1233703881026211841
1233522041560629250
1233698067511160834
1233699793437970432
1233517310859776000
1233612847277649920
