##1247300437298098178##
1247298801649549318
1247299952709120001
1247300733285916672
1247301790204395520
1247302552905007105
1247302759549992960
1247303341555810305
1247306378626154497
1247307057553977355
1247300302350495745
1247301254012862466
1247303364230209536
1247303536054059009
1247300437298098178
1247301708025397252
1247480118701731842
1247481981006278656
1247483774348255232
1247303610905616386
1247304473954967554
1247299446494375944
1247449783842811906
1247372793974534153
1247466256502046721
1247561274906554369
1247568764457099264
1247307766030643201
1247313530140975106
1247944696606986243
##1247301123012268032##
1247301123012268032
1247302718458298368
1247303191823253504
1247303264388952065
1247305149120417798
1247457981987311616
1247466903871905794
##1247303160856748044##
1247303160856748044
1247309255595753472
1247339900095148034
1247341498770821120
##1247620725734871041##
1247620725734871041
1247622519567384579
1247628968305602563
1247629896685441024
##1252367808161177602##
1252343410351992842
1252365927053537280
1252367808161177602
1252368898961240065
1252369527456710663
1252369449597853697
1252383584633024516
1252369662878183426
1252369857875607558
##1252371469998284800##
1252371469998284800
1252373285636935682
##1252549519738310659##
1252549519738310659
1252553695142821888
##1253392854862487552##
1253389077300330496
1253391462189928448
1253392854862487552
1253590533102014464
1253395686437064704
1253537108377178117
1253389818777735168
1253457154486534144
##1253465558789603328##
1253465558789603328
1253641595993325570
