##1251621477285335040##
1251621477285335040
1251644364134244358
1251999608013807618
1252001771393888263
1251983927935414273
1251984089776824321
1252750339318710273
1252750748867231745
1251621653433528321
1251676795109138433
1251648120913629185
1251772200736247808
1251624323707699208
1252169263491801088
1251731847748423690
1251687274682683394
1251814033751236608
1251622268410761216
1251633130034823168
1251647874045227008
1251847806291267584
1251775567323697153
1251829766157721601
1251999430808657927
1252167488436973568
1251623297877512193
1251623522931281932
1251624231332347904
1251626197588598785
1251626808258236417
1251634989499928578
1251642774975385607
1251668263580377088
1251669007918338048
1251677667809787905
1251695386294718464
1251696730007101440
1251703627682635776
1251721846027956224
1251736950274473986
1251743065066409992
1251743606098010113
1251752590544703488
1251782079899144192
1251785160913231873
1251785912956211200
1251790716126343171
1251793001078296576
1251795723835846656
1251796219988500480
1251799849546199041
1251805825628282882
1251810021068996611
1251814774620459008
1251816925728051201
1251818144605384704
1251819015896530946
1251820273273311234
1251821261287821312
1251833966870528002
1251844806868963329
1251846360132919296
1251947815821066241
1251966467874131969
1251982649775861760
1252011495770206214
1252024858533388288
1252042651320217600
1252064433276432385
1252093600021831680
1251850285569519616
1251854629803098113
1251863535681929216
1251870269326733314
1251873566263574533
1251882705672863746
1251888125342859266
1251900158134099968
1251915462524440579
1251924465690324994
1252101551679844354
1252129401396965376
1252215915560796164
1252234533727907848
1252238848177905665
1252245444954128384
1252307061381246977
1252361961209163778
1252464881942568961
1252598017280151552
1252598556747276297
1262294252668645376
1251833735777079297
1251853169631596545
1251877498025115648
1251723788552716288
1251712990191259657
1251654979036774401
1252003312771219457
1251728147424428033
1251803887432077316
1251810133732179968
1251810715905617920
1251812525437566976
1251970064645066752
1251970431898312706
1252121078438211585
1252127210351271936
##1251593413515976710##
1251593413515976710
1251595096719609856
1251600131264258054
1251643781801299968
##1251645705145516032##
1251645705145516032
1251646560456323074
1251653539123920897
1251769151057780738
1251812256955891712
1254782890493087747
##1251693595482034176##
1251693595482034176
1251782941253959680
1251837689902649345
1251696663057575941
1251712602247507969
1251720148697874432
1251725022995111937
1251744608331145217
1251791829869232128
1251973364224311298
1252244840718499840
1251856556544712704
##1251767966049480704##
1251767966049480704
1251769798645727232
1251825792297959424
##1251873638179057664##
1251873638179057664
1251874380872908805
1251917425534263296
1251894947671945217
1251875317968515072
1251896817920376832
1251915154427609091
1251924219224625152
1251951308854243329
1251987941360107523
1252271376934866944
##1251996674035253249##
1251996674035253249
1252148686903226370
1251997858682728448
1251998487673266176
1251999810367950851
1252000211704127489
1252001453633417216
1252004102978052098
1252005221129244675
1252019680736403456
1252022500764143616
1252093791336648704
1252143409319620611
1252160396905058311
1252184204437307392
1252495061696331776
1251997030156840967
1252077683841826817
1252203485979906049
##1252125288537956354##
1252125288537956354
1252125899333480453
1252126588768079872
1252127735239098373
1252142463915044867
##1252373135388602369##
1252373135388602369
1252537433171910656
1252374544880295938
1252375105142788097
1252375969081393155
1252396462673018884
1252526586903044096
1252530628790226945
##1252678911294570496##
1252678911294570496
1252679256796168194
1252683065148813312
1252686163195895809
1252685451267276802
1252697361866002432
