##1222666361278795780##
1222666361278795780
1222668673896329222
##1221860602504798215##
1221860602504798215
1224410954965929986
1224411298886299650
1224411623932207105
1224411804127911937
1224411908029255684
##1221823224369025024##
1221823224369025024
1221928182544261120
1222011779162820608
1222026097061220352
1222026965705723905
1221836927806197762
1221848254054371328
1221854632013697024
1221881554810654720
1222012253404311555
1222024584972709888
1222010403833761792
1222011550665519104
1221850127486410754
1221854926197968898
1221880220694843392
1222012367766196225
1221906937111109634
1222011904090103808
1222020943742152706
1222021592848445440
1222022742159036416
1222001763869515776
1222010332509503488
1221866513604534272
1221867489061232640
1221868616167100423
1222012126442684417
1221862770666242050
1221864310688841728
1221869436292026369
1221905822797783041
1222019919182749697
1222067277081796609
1221867253777477632
1221867603720843265
1221836705147342848
1221837054591610881
##1222154598548496387##
1222154598548496387
1222156661286195200
1222156782203736064
1222157167337316352
1222157456190713857
1222466625896615936
1222472567166062592
1222155625528012802
1222156157961359361
1222231708617101312
1222193909637447680
1222252541297250304
1222451850999468033
1222156357534654464
1222175361741545472
1222496342636945409
1222496389839630336
1222554448087658497
1222565473495191553
1222860891856699395
1222472849795026944
1223054140705853441
##1222209621277990913##
1222209621277990913
1222472241562124288
##1222640835331788800##
1222640835331788800
1222642697728659462
##1223215369843892225##
1223215369843892225
1223215478757380096
##1222095647001784321##
1222095647001784321
1222158697205465088
1222166150085214208
1222180079264026627
1222160584810094594
1222179984271380480
##1221733828655558657##
1221733828655558657
1221738835693928448
1221739284098691073
1221743608241573890
1221744120131092480
1222244309904302080
1221772186777767937
1221774299406663680
1221775097725431808
1221817796436398080
1221823330510168065
1221824113045659648
1221824518831976449
1221742580012060674
1221756002841833473
1221769315403419654
1221787616351346689
1221738273296482304
1221745336282161153
1221737092042166275
1221751367250989059
1221754527101149184
1221758724613791744
1221804093162782721
1221818902889615361
1221848526315040768
1221809174058872832
1221761859235262464
1221794863676559361
##1221895610426646534##
1221895610426646534
1222084776619843585
1222086887403401223
1223161430456913920
1221925818273869832
1221985167914553344
1221985170758230018
1221989299836669952
1222015784203046912
1222020595233316864
1222013373568704513
1222037287669768192
1222049378518609920
1222081287101566978
1222084101089480705
1222135406508040192
1222684217357864960
1221919153931653121
1222036532581806081
1223161104580345857
1222158019112378369
1222159888677249025
##1221783337326514182##
1221783337326514182
1221794526723035136
1221820846978760705
1221784227395620864
1221784479615913985
1221783643313623041
1221784099171586048
1221829162169708544
1221838476770971650
1221851052623958018
1221844484465532929
1221849278668251137
1221850122981707777
1221845917151780864
##1221831653091352576##
1221831653091352576
1221833621239140352
1221834515028611072
1221832152788226048
##1221847627291078659##
1221847627291078659
1222580354227286016
##1221985073861406720##
1221985073861406720
1221985547259912192
1222171476801085440
1222233807312576512
##1222069878867271680##
1222069878867271680
1222078912324345861
1222153656608444416
1222156904610304000
1222073230732730369
1222073901007675392
1222081375609794560
1222072227140722688
1222095078782636032
##1222160831187734529##
1222160831187734529
1222168608920367104
1222191613155454979
1222182928735666177
1222191715886477312
1222191866533289984
1222500197546233856
##1223269485978759169##
1223269485978759169
1223377236574834693
1223306470705508355
1223355383990882304
##1223696016915955712##
1223696016915955712
1223735572239462406
1224013766980927488
1224583875629895680
1223915262635839490
1224665810729345026
1226086374362820608
1226086583327248386
1224813556476059649
##1228141692676603904##
1228141692676603904
1228182586582654977
##1228174669489922048##
1228174669489922048
1228176129934020609
1228175461257101312
1228175937394466818
##1228282008381657090##
1228282008381657090
1228286166769766402
1228287391523229696
1228302989728894977
##1231205648513273857##
1231205648513273857
1231206488347205632
1231234456008167425
##1231232800260575233##
1231232800260575233
1231291562405093376
1231292650311032836
1231342766371803142
##1231309503985000454##
1231309503985000454
1231316044117159936
1231311296399802369
1231313106451738625
1231343776624529411
##1233478053055156226##
1233478053055156226
1233478493398347781
##1233507744918986756##
1233507744918986756
1233508050058825729
##1222996115269857291##
1222983453769195520
1223845560639246336
1223860680367001600
1222996115269857291
1222999125022728194
##1225123562761203712##
1225123562761203712
1225184756679303169
1225123882174156800
1225124503623290886
1225124931379384320
1225144327569014788
1225145079096061953
1225201911969861632
1225132930407763969
1225139567126368256
##1229362881038340097##
1229362881038340097
1231305776280612864
##1233165822455091205##
1233165822455091205
1234348321508118528
##1234829483498143745##
1234829483498143745
1234830206961168387
##1237753481055928320##
1237753481055928320
1237780520206917639
1237784865384419328
##1227987065033224192##
1227987065033224192
1233196714544304129
##1227998612426297345##
1227998612426297345
1227998754294419458
1228000360993824769
##1228013563802984448##
1228013563802984448
1228015243990839296
##1227984564150317056##
1227984564150317056
1227994090631028737
1228152656431996928
##1221887288197763072##
1221887288197763072
1222109218460913665
##1221917009363046400##
1221917009363046400
1221928572769767430
1221918258904944641
1221918533438922752
1221917648772108288
1221918296796286977
1221918773705310210
1222027760505434112
1221928873740337153
1222103552312729600
1222106812658397184
1222050738450456576
1222083403148943361
1222136449006477313
1222168430804996096
1221917700919898112
1221918337317384193
1221918634622275586
##1222002202430115840##
1221845280611545088
1221847005510688774
1221847271068913665
1221941017756172291
1222002202430115840
1221899694869286914
1222071238480277504
##1222178335452692481##
1222178335452692481
1222257126762074113
1222302294202572800
1222179317796327434
1222181399773556737
1222218980997455873
##1222196709490601984##
1222029461790523392
1222042719960403969
1222135177616465921
1222284460093210624
1222165727760662529
1222071850752233472
1222126997213720582
1222173841151156226
1222135736142528513
1222066471850913792
1222088671362473984
1222098360854831104
1222070381823000576
1222072577860014080
1222200917858115588
1222089297173581825
1222169522884546560
1222190831991508992
1222131815005200384
1222069678010519553
1222084957084045312
1222030269458386944
1222374490476367872
1222196709490601984
1222046932660641792
1222087028613033984
1222166721265422337
1222210697016332288
1222047948856492032
1222076991442161664
1222083315030773760
1222087925594296320
1222090133207425024
1222132580977455105
1222292656971309056
1222079120026341376
1222049612065910785
1222051432268017664
1222067887281704960
1222196674052993026
1222079948430757888
1222080355177566208
1222084001915117574
1222117957016473606
1222133155114688512
1222134657862467584
1222076586826125312
1222314410624135168
1222323930515623936
1222691741859483649
1222691827733663745
1222691908146823173
1222109977365635072
1222060266260746240
1222083621294657536
1222085853696208897
1222086560012816385
1222090418889920512
1222085394776412160
1222089639017811968
1222090028110753792
1222240338582155264
1222096061650685953
1222096192085073920
1222112322111660032
1222162851084808192
1222169344878284800
1222173659713941504
1222198437870960640
1222202013833928704
1222174788715675651
1222111083613298693
1222113202965811201
1222158221110075392
1222161046263205888
1222167019270955008
1222176928846745604
1222274082508541958
1222294752206426112
1222303341843308544
1222310590342934528
1222339248415748097
1222345731836731393
1222357204310941701
1222364469466140672
1222369961550778369
1222378615993704448
1222446288022724608
1222471695103070208
1222478028204314624
1222062239206780929
1222113870053027841
1222124778888232961
1222129284464226306
1222111371334160392
1222278752983572480
1222029780532572163
1222335720586608641
1222368027272011776
1222691493430861825
1222840869872644097
1222294391869661185
1222184046240944128
1222294444843638784
1222341267666997248
1222385968617009152
1222200727268995073
1222052785925054465
1222511747602505729
1222391908720369669
1222057077415325696
1222096235282292736
1222188192327196674
1222064137351634944
1222121184671694850
1222131705517166592
1222050718565179392
1222051899425349634
1222068544734748673
1222092212433031175
1222123604835475456
1222190040496865280
1222271510074753039
1222307317259161600
1222322775592972288
1222396032203612161
1222083303018323968
1222061452539912192
1222044963892015104
##1223204507708010496##
1223204507708010496
1223205749486247936
1223207377345949697
1223206037500649473
1223207099834019840
1223207917446365186
##1223660080098357254##
1223660080098357254
1223661930872786944
1223667348818812930
1223668944332054528
1223669203066130432
1223688758383587328
1223841150798266368
1224027782818291712
##1224069723555532805##
1224069723555532805
1224074436355284993
##1224593850381078528##
1224593850381078528
1226783603264294916
1226786650266664960
1224615070061223938
##1232070057070661635##
1231864451462246400
1231869249616064514
1231871234322915330
1231873540321923078
1231905748847906817
1231939246161899520
1231873891515142146
1232008059540496387
1232339259471880193
1231872348703350784
1231891507633848320
1231872941723398145
1231876711194734593
1231879534305214464
1231881397075369984
1231889210526793728
1231902152865517569
1231908110790426624
1232031059241558016
1231881940078354432
1231878634933280769
1231884374196531200
1231877699158904833
1231920046433280001
1231905383968624643
1231928959174094853
1231987035294126081
1231871735055687681
1231875131183681537
1231876022947241985
1231870397269913600
1232254842883588096
1231873714674860034
1231870143111876608
1231878630541864961
1231882947214630912
1231924274107162626
1231875376332394498
1231877010097627136
1231877420111876096
1231888379014524929
1231887287346237440
1231869387206012929
1231871375989706753
1231874714919895041
1231871705238380546
1231870072290992128
1231870634357133312
1231870908639436800
1231870941690507264
1231871118836981763
1231871341760045058
1231873606956847104
1231877649489899521
1231877895632695296
1231879356793917442
1231879400150511617
1231880838939398144
1231886298048274433
1231886701238345729
1231888770800197634
1231890098830139392
1231896371155931139
1231900007646756864
1231906822220656642
1231909059860803586
1231911289225719817
1231911490086674432
1231914895899348992
1231916127346974721
1231920512332435457
1231921376329633792
1231928355089416192
1231931382978482182
1231941201311551493
1231947552347557888
1231952481556606989
1231955120809762816
1231970011226550272
1231970225035280387
1231995610162704384
1232034499153801217
1232068335652757504
1232140085316988928
1232254346672234496
1231870921465614336
1231889657073414144
1231890107260710912
1231870061444505600
1231871001002115074
1231870805325295617
1231886671920148480
1231880018663542786
1231881046662303751
1231874849338990593
1231870862887919617
1231872111733506048
1231874360572567554
1231876707424100352
1231881517120577536
1231885335069708288
1231886755865006085
1231887951329710080
1231906893318193152
1231910900862459904
1231916171278110720
1231938047152967680
1231970325816135684
1232009792102772736
1232023570420727808
1232048578677411841
1232099185878585345
1232122606440132609
1231893816724115457
1231894170178113537
1231899024241971200
1231902213074771968
1231905505595002880
1232138106423382016
1232140803419656194
1232170662837485568
1231936037133463555
1231889140435836928
1231889332971229185
1231889759624146944
1231892816395153410
1231870985613213697
1231919190354907136
1231876737430061056
1231877132256776192
1231877632268152837
1231892045670879232
1231892933886054400
1231895206087340035
1231911093725016064
1231927121217495040
1232039453432127488
1231915662056050689
1231890266317041664
1231903042599034881
1238508976444186624
1231889075046621184
1231891954121748480
1231918322519814144
1231919018061312005
1232079518640287744
1231953861079900161
1232026342704721923
1231891640480157696
1231893202162110464
1231872646570291201
1231885208321974272
1231888593293074434
1231895691024269314
1231904141879992320
1231912095182204936
1231937649126117377
1232071918175629316
1232543348260589568
1231885842685272064
1231972791991361536
1231895381354721281
1231906768017645568
1231933023538614272
1231938279655837696
1231958615713550337
1232003799079948291
1231910082570530818
1231876744564682752
1231865436318425088
1231875480565026820
1231878370457243648
1231879733215924224
1232006573112819718
1231982721519497219
1231981210240507904
1231865307310018561
1231867942079541248
1231956789568077825
1231958978634174465
1231866891397976064
1231897450631385088
1231901676325523458
1231902111220293634
1231907722498650115
1231982965464403968
1232552759649603585
1231902188651401216
1231945677317517313
1231927369155465217
1231943078426152960
1231944375665647616
1231967682360152067
1231983021563183105
1232246641178087427
1231901990323720193
1231980252596965377
1231905660641697793
1231923303771787264
1231904963166638080
1231945705125748736
1231976129436712961
1232050975403397123
1231956982686474245
1231867510871527430
1232061376107077634
1231871064948559872
1231873237170212869
1231872220185710592
1231866616608063489
1231889641697107968
1231877449476169728
1231878971811344384
1231931637912477698
1231958166411321346
1231875180248621057
1231889653982257152
1231890255248273409
1231891317254475778
1231932415016415233
1231888392830537729
1231923024175169536
1231864917025796097
1231865266411311105
1231865527921979395
1231890307412873216
1231874028371136514
1231990399482388480
1231866415541559306
1231942051522060290
1232084098379927552
1231865376373444609
1231867348145053696
1231868849802313729
1231903051885240323
1231874491522985984
1231865573769957376
1231866279772008449
1231867141948833792
1231869347368443907
1231866534030692353
1231868393558507521
1231871048162955264
1231907124009164800
1231865369666760704
1231868239447306243
1231882209935544320
1232043549371387904
1231923884838051840
1231867863503380480
1231869652919341057
1231877028737101833
1231885428229316608
1231942277628661760
1231886525610283008
1231886621647286273
1232004566373322753
1231914791402450945
1231942347509968897
1231866167217852416
1231866819499171840
1231885430129336321
1231909943676219392
1231867948039626752
1231868248448262144
1231865720776134657
1231881776039178240
1231865745862201348
1231865843010723845
1231866087341527040
1231867132121698304
1231894807666155523
1231879863931428864
1231892637889769473
1231881911238373376
1231882575582552074
1231865841794375681
1231872800207536129
1231893481305649152
1231868694751580160
1231941352440639489
1231974263940362240
1231872738844958720
1231876758368112640
1231880850435977217
1231935084313370625
1231869922898272256
1231873815740809216
1231897721684054016
1231924958986588161
1231941438939836416
1231865131354730497
1231865943514546176
1231870508729327618
1231880889786929155
1231942676565692416
1231866574660874241
1231866766202212353
1231877738014834689
1231889383579627520
1231888634321809408
1231887201606213633
1231888161925746689
1231893655180468226
1231896844004929536
1231985237346918400
1231871539609554944
1231980124502884353
1231876328028278785
1231878350987235328
1231878701899558912
1231880380183187458
1232198497954418688
1231874654480031744
1231874920818388992
1231875495274450945
1231880073202061312
1231882335777366016
1231890165452374016
1231900424296374278
1231914300794535937
1231916378858381313
1231919883975303168
1231866622090063873
1231867990326550539
1231870518111985665
1231871013853499393
1231874145681575936
1231874313055342593
1231887721830002689
1231889770780950531
1231892238906597376
1231902667687022592
1231867936664629253
1231866127585812480
1231885557875298306
1231906339062001665
1231876879096983553
1231877349488156672
1231910053738885122
1231994199366651904
1232147832787886081
1231939762396766209
1231958009196228608
1231871790646988800
1231884848907857920
1231896629315280896
1231941668733059074
1231865434447794176
1232734587970891776
1233026569213554689
1235108520107753472
1231865457742958592
1232198623406043136
1231866674640539649
1231868122749177857
1231865479456792576
1231866611621081088
1231883099522424834
1231906122493243392
1231865137981775873
1231867251436945408
1231906876994080768
1231925533753122816
1231867198676836352
1231867405934243842
1231867455850545152
1231868660907638784
1231868770337148930
1231875518754099201
1231875692163452928
1231882077437599747
1231876556307476480
1232401648783429633
1231883512778756096
1231935139875295232
1231939407625801728
1232076614210670593
1232458623546036224
1232258594176937984
1231869169467056128
1231875738992807936
1231870683350740999
1232373477597904899
1232391683544952838
1232740809814007815
1231883088382382080
1231912615019974656
1231921444843597825
1231933115687411712
1231975289841946625
1232347574331432961
1231869632518217728
1231883119667687426
1231883492209889282
1231888960403714048
1231890044211941376
1231890409296662529
1231891586453299200
1231893660817600513
1231894571258458112
1231896225991086080
1231896580497821702
1232185144351563777
1232197232713228290
1232197429040177152
1232197765851230209
1232197880775139328
1232199121055997952
1231887726519242754
1231922237747474432
1231922860689707009
1231925048031825920
1231994365792395264
1231998209670680576
1231871548434374657
1231882655458897921
1231879500172013568
1231928246998097922
1231938549773197312
1231874434807582722
1231901552056639488
1231904946779496448
1231927607710670848
1231964609722146816
1231865826438938630
1231865929522434048
1231866205230837762
1231866600984326144
1232148040284278784
1232151972339474432
1232161629095284741
1232165111617462272
1232179445823307778
1232146832802926594
1232155420728360960
1232168970125533184
1232180396445569024
1232181045597962246
1231866861672943617
1231866888831021056
1231867017369726976
1231867071866208256
1231873488392204289
1231867370043510786
1231867589099499520
1231867620930007040
1231867652576071681
1232112533156376576
1232143155136520194
1232143563149864960
1232123447691677697
1231931462364094464
1231988336929234945
1232004525705367557
1232005935209623552
1232007930679111680
1232016570525900805
1232070057070661635
##1240359417264123904##
1240359417264123904
1240359635288277002
1240359793971343360
1240361682662240257
1240401412208680966
##1235549941084434432##
1235301256576536576
1235319868087570438
1235414134415450114
1235517948070162438
1235301977711669248
1235324897083219968
1235326596044779520
1235303259709083648
1235305278033334278
1235334513401696256
1235367684889600003
1235375620915331074
1235499730668589056
1235440741431771136
1235305896923848704
1235307908696625155
1235322393805152257
1235335776600305665
1235480326564179968
1235482878110298113
1235484198590267394
1235500749691457538
1235520989024436224
1235526113700597760
1235539049131237376
1235548601327194112
1235549326820225025
1235454554738696192
1235564783254089730
1235587032262549505
1235598893015920640
1235301967221706753
1235707667663863809
1235765385439391744
1235336941232697346
1235518802374414337
1235519299953086464
1235344044995342337
1235345054325248000
1235345358517153794
1235353390605119489
1235360626781941760
1235378673856978945
1235398784533831681
1235424586663002113
1235434669635784705
1235441994668875777
1235301715253047299
1235321450103484422
1235321975050031106
1235431760067997696
1235302697533952000
1235549941084434432
1235313105422479363
1235327552060870656
1235425619367858177
1235523708887986182
1235597853319458816
1235463111672352768
1235480123266273282
1235589518834774017
1235625049736036357
1235643004691636224
1235684110636642305
1235301555739521034
1235301543060156417
1235302500946841601
1235303980361711616
1235307412061646850
1235331933535641601
1235337408218091523
1235354951230132225
1235378308277252098
1235379914620035073
1235417923373748224
1235433552742887424
1235437531103182848
1235696027140853761
1235474462834745344
1235918974367551489
