##1232403790466342913##
1232343739735117824
1232357204747079688
1232357660634296320
1232380103906164743
1232384465395212290
1232385509286203392
1232689110407680004
1232628070823141376
1232640136938164225
1232381610504474629
1232381878524661762
1232382186227142657
1232418587400458240
1232521398121377793
1232575780355530753
1232622447440093184
1232655658861965313
1232682161532293120
1233477037756645376
1232380422165794816
1232509660353171458
1232382888395595777
1232639591120875522
1232389538485587970
1232537980755152897
1232357787872759808
1232359086102130688
1232390112912211969
1232458196750462977
1232397971024728064
1232400606972858374
1232402497102327813
1232395004599033857
1232395145259225091
1232391777618972672
1232396871492087808
1232404129424826369
1232404662386675712
1232344651694329856
1232348359572303873
1232348612539113472
1232418395326427136
1232605612724359168
1232628843090980864
1232690502539128833
1232344129201483784
1232398097701097472
1232604429121134593
1232616121305640961
1232629382704922625
1232403790466342913
##1232417258149830656##
1232417258149830656
1232578362234765318
##1232420094803927046##
1232394669465751553
1232639342847438848
1232713362880057344
1232758876619059200
1232396786309959680
1232420153788436483
1232402964301611010
1232567171013922817
1232632790832893959
1232652835550044162
1232618802044645377
1232620401051742208
1232895954853953538
1232621011025133568
1232661681823780866
1232589024142987264
1232611971599605760
1232688819125837824
1232401598560849922
1232403929813655562
1232428897901449226
1232404558405611521
1232404884210814978
1232617265151070208
1232508190446714880
1232516751281344513
1232520902832721921
1232596293542957056
1232522107873087488
1232521496981123073
1232448318736719872
1232641838470893568
1232493401679048709
1232522663299604480
1232595018893885445
1232522517828509697
1232403123660042243
1232410695037341697
1232422996272451585
1232420639996358657
1232551932255969280
1232614506519580673
1232732592476213249
1232397303224446979
1232404244533252097
1232396012305690624
1232399911112597504
1232395104071057410
1232414609073676289
1232572350455046145
1232902585671147522
1232395261760151555
1232395476059729920
1232401246784491521
1232395559216013313
1232532748117692416
1232403880870281218
1232397609475739648
1232408149283495937
1232450432930209792
1232394945119559683
1232398927174995970
1232414898149363713
1232530970856902657
1232662761131384834
1232394770288390145
1232394856879751172
1232394998563430400
1232395045770268675
1232395641063649285
1232396923384008705
1232397247473704961
1232398147739095047
1232486618218426368
1232402818671222785
1232406263029469187
1232409139416064001
1232410990941278209
1232424564120051715
1232450782626103296
1232469843468636163
1232503004848365568
1232505540661698560
1232519789446356992
1232530817295015944
1232533659728719872
1232535533932470272
1232537012911198216
1232565114349531136
1232580304038219776
1232586357454835712
1232610926563659777
1232615796729372672
1232660830740787201
1232699924485222400
1232950773421572096
1232500998809292801
1232714268065325058
1233122385324388356
1232726651202678787
1232550346519666688
1232611528496631808
1232580319951425536
1233432010695335938
1232397548926709760
1232401865813434372
1232402539146043392
1232641328711950336
1232407041681084416
1232395033438978048
1232407441750581248
1232395015231561736
1232395139303297025
1232403432851505154
1232395447987249153
1232562135995232256
1232649259473870848
1232395315220754434
1232395728812728323
1232396280598495232
1232398736153808896
1232408301519982593
1232454462389678082
1232483389699047425
1232507607392432128
1232531998373228547
1232584145869721605
1232633301040553988
1232658750986739712
1232772131601162243
1232396720350334979
1232552187659767810
1232399082670477312
1232528302474170368
1232551957744754688
1232641432961376256
1232420094803927046
1232552466018897921
##1232379541840109569##
1232379541840109569
1232380218956013568
##1232380083064725504##
1232380083064725504
1232380246093160449
##1232383109414490113##
1232383109414490113
1232736821194448904
##1232389710951088130##
1232389710951088130
1232391555039801344
##1232391797122510849##
1232391797122510849
1232398653869953034
1232400070890442756
##1232402989580791808##
1232402989580791808
1232487281702817792
1232467042751533056
1232416846491668489
1232488801315872768
1232520053448417281
1232598523776053248
##1232409589678837762##
1232409589678837762
1232443803639771141
1232446847890808832
1232449502742601729
##1232416313198424064##
1232416313198424064
1232427325532274688
1232464453834162177
##1232434500820336640##
1232434500820336640
1232608101184000000
1232634172600176641
##1232448207537356800##
1232448207537356800
1232450303296847872
##1232396165385203721##
1232396165385203721
1232397590014169090
1232397871166771200
1232396486383751168
1232396589030879238
1232396504020783105
1232396650917834754
1232399922596601856
1232400695191625728
1232401749715116032
1232401887464476672
1232402344027049984
1232402504656334850
1232396335392882688
1232396462694322176
1232396567665049601
1232396619129245696
1232396777984274432
1232398560571817984
1232397585530474497
1232397946605330432
1232403827455860737
1232398822585835520
1232402038992011264
1232418443250585601
##1232402434263277568##
1232402434263277568
1232402684784906245
1232402922761326594
1232403381752299520
1232403545208561665
##1237135896245407745##
1237044793324298243
1237091580407939072
1237128885617262592
1237129122758836224
1237101870637817856
1237133762657431552
1237134582895566848
1237134838504787973
1237137075213869057
1237137185867878400
1237144249830977536
1237143210239102982
1237135122077540352
1237303680950390784
1237314818530574337
1237045092311064576
1237045462340964354
1237051449495949312
1237054761968504834
1237045860564951050
1237063445385748480
1237049446673920000
1237055473913942016
1237063183619293186
1237046639933755395
1237055622467764228
1237063995594547200
1237091477815275520
1237050709218123777
1237055519640170507
1237045821943746560
1237055498727424000
1237091315327918080
1237062839854039041
1237063116346789893
1237047435081461763
1237055712704057346
1237057085499736064
1237230713750974464
1237135896245407745
1237224205801881600
1237150257068347402
1237067453680795649
1237069524148486144
1237052019208224769
1237055803196092417
1237212449453064192
1237055223920803844
1237067416372424706
1237165095656001541
1237554972570443776
1237080518904156163
1237278428371521536
1237048729301106695
1237054563984846849
1237055205461692418
1237057578393317377
1237057939673944065
1237058730434445314
1237089035807592449
1237105882217041920
1237109564937351169
1237111911121948672
1237112034149437441
1237120846440943621
1237125258139885568
1237132507667148803
1237132553229946881
1237140053396242432
1237143896695726086
1237152939996844033
1237155940790669312
1237170388553084928
1237225389908545537
1237232288032792576
1237252434235478017
1237252492305534976
1237254069623894016
1237263456597938176
1237286435708964864
1237296179634941953
1237308097917566977
1237314423649439750
1237353160773120000
1237355768812376064
1237361321848569858
1237365077830963200
1237385573624614912
1237639498126811136
1238105256610979840
1237053226316414978
1237231161094672384
1237208142301278208
1237098066836160518
1237112397585842176
1237156958643380224
1237168550403596288
1237210224815153154
1237248268037431296
##1237856890572255234##
1237856890572255234
1237856893042737153
1237856895949398023
1237856899992707079
##1232047689984028672##
1231988610662064129
1232047689984028672
1232003690715807744
1232013344481185793
1232023752336171009
1232004216585150464
1232038010352480257
##1232748920805130242##
1232748920805130242
1232749049108946950
##1232753600138555392##
1232753600138555392
1232788427562770434
1232996173209899008
1232998406278254592
1233011376152510466
1233188896894279680
1233484192035614721
1233485767349080064
1233048032075304966
1233048606359347203
##1232780242772807681##
1232705716982571014
1232706709153603585
1232777887050280960
1232778484436566018
1232779152056606720
1232780242772807681
1232781838789283848
1232780978285895680
1232706640006307840
1232706923071524864
1232705922386006016
1232706040392830977
1232706214221492224
1232707096946319363
1232707113186725888
1232708334039396352
1232709496264372227
1232710451710046208
1232783405152116745
1232926908142235648
1232712960369418242
1232716774275256321
1232718705546661889
##1233479370725109766##
1233479370725109766
1233480774516707328
1233494269601644547
1233537225180270594
1233670982944120838
1233480956272611332
1233516055907176452
##1233871081318047755##
1233728450000826368
1233729916094558209
1233731238667735040
1233732335746658304
1233766473459552256
1233768755102146560
1233795795268317184
1233734689615155200
1233735309290070016
1233748190605824004
1233750634840625152
1233750984335200256
1233751886576128001
1233793929591578624
1233779385209147393
1233780827491880960
1233742600546418688
1233745620508323843
1233747843619397633
1233750288298844162
1233730572356325376
1233731131641606146
1233731833793216513
1233731161039482881
1233740535074041861
1233738156723310592
1233740847423934465
1233784480319639554
1233784687409139712
1233735677491208197
1233773575905083392
1233776752645808128
1233729298533580800
1233741407199866885
1233760518386614274
1233768450348257287
1233771968912076800
1233772298542493696
1233764387934154752
1233741345858162688
1233769346767388674
1233769948448727040
1233732408048070656
1233823864280489984
1233731919571030019
1233839960471621638
1233728517109669890
1233728865392058373
1233729436958306304
1233732708733456386
1233736089497632770
1233765346173243392
1233766862829293568
1233728613683429381
1233728664522678274
1233729100147195911
1233740280446291969
1233781990907924480
1233790459731988480
1233728969956085760
1233729504595652608
1233732524209266689
1233728679991181312
1233733935345160192
1233747723934978048
1233780664811622401
1233781121453785088
1233729461528530944
1233734987821846528
1233751001313824768
1233728688916660224
1233764648782004224
1233776652712280065
1233829580588437511
1233794531008667649
1233826060602675205
1233790305972948992
1233729111580979200
1233801755533729793
1233731515462406144
1233729887271256066
1233728647560933377
1233805912906883073
1233806923079847936
1233728599976484864
1233730826367651844
1233728560013234176
1233728824334004227
1233729604512370688
1233728607190736896
1233827298434002946
1233835845171449856
1233729297724121088
1233728702808236033
1233748153372946432
1233829680706412544
1233764775672385536
1233732544912338944
1233738865418100738
1233742627989868551
1233738561519865859
1233728598827204608
1233728672927973382
1233731255457505285
1233732380415942656
1233728690221088770
1233729006983401478
1233728833897029632
1233762442590683137
1233729755972820992
1233734609789235201
1233728569626460160
1233729531804082177
1233735780373278728
1233783173064089600
1233799478609575939
1234175877619093504
1234252108641251331
1233812712594890753
1233728565079879680
1233728648601112578
1233728759066431493
1233728768822386690
1233728914553475072
1233729150780923905
1233729232720793600
1233730321100759040
1233782792326123522
1233784012633759751
1233788767296770048
1233798288094220288
1233798433221304320
1233832211541045248
1233844081337536514
1233728572688343040
1233800971723116544
1233728784488116224
1233731193964769280
1233744070473854979
1233728836753379328
1233731350441660422
1233797201706602498
1233798069554176002
1233798179721818112
1233799580120240132
1233728495605424130
1233728607002005505
1233728609468047363
1233728650585001986
1233728679999569924
1233728696927817728
1233728707023572993
1233728757275512834
1233728759678799872
1233728761096527873
1233728871876513796
1233728882169307136
1233729007650312192
1233730069689970690
1233730429875838976
1233731281344659456
1233731746388156416
1233732103633850369
1233750258951368704
1233734768149307393
1233735272304652289
1233739071689756678
1233743928773500928
1233748699634946052
1233750659217940480
1233753954816753664
1233760006866132992
1233760312681254913
1233765824474832898
1233771634261155841
1233778778574290945
1233780966969282562
1233781884917895168
1233783588056895488
1233801805835984896
1233809251627347969
1233812265327001606
1233823119082651648
1233824422139744256
1233826387208830977
1233827093559074816
1233830788346601472
1233923368413515776
1234243071828799488
1233728993582514176
1233785367758766080
1233787345595457538
1233787725859500033
1233787885624725509
1233788200520441856
1233729185669173249
1233730859037003778
1233735836295929857
1234111177585758208
1233814015207448577
1233823959877062656
1233759642716647425
1233826273752907778
1233857983739764739
1233796745013989378
1233799592212357121
1233805495456190466
1233805586787160065
1233728529638084608
1233728537821093888
1233728547765837824
1233728558012469248
1233728561414123526
1233728570570264579
1233728495387369473
1233735494758019075
1233735928310640644
1233751309741895682
1233790866277400576
1233728799084351491
1233728698161008640
1233728877207474176
1233729455966900224
1233729620253511681
1233798378754052096
1235329541897322505
1233728507726962688
1233728626752880640
1233738614590312450
1233830212137299974
1233739157941428226
1233750121755676673
1233759409488224257
1233760195710476288
1233728579197919232
1233728595526373378
1233728597246038016
1233728599104139264
1233728602673471489
1233728614816010240
1233728614996303878
1233728615537401857
1233728617819070464
1233728617928105984
1233728622701240320
1233728626593599489
1233728634764087299
1233728646420074501
1233728657522339841
1233735508829839360
1233737088769699845
1233737542991740933
1233738535477415936
1233738747524657152
1233739716656345089
1233743115028238336
1233744264871456770
1233751596355538944
1233760102261383168
1233760296835207168
1233768346593714176
1233774385875607553
1233778733032648705
1233789222416506880
1233790340521431041
1233790450030477312
1233789350535671809
1233789392243826693
1233793969341050882
1233794157405184000
1233728665676058624
1233728666573660167
1233728667223756802
1233728667731349504
1233728669484535808
1233728674727415810
1233728677101363200
1233728691773038594
1233728713050787843
1233728714053181444
1233728717966454785
1233728738640252928
1233728740691259393
1233728740875735040
1233728746613551105
1233728756084334594
1233728765156642816
1233728770865074177
1233728774551805953
1233728777827553284
1233728780486762496
1233728788103598081
1233728792062984192
1233728805690314753
1233728817233121281
1233728820152279041
1233728828180176898
1233728828469653505
1233728830562586624
1233728840544899072
1233728844638687232
1233728844961632256
1233728849088843777
1233728853648007169
1233728853836734465
1233728854063230978
1233728854839132160
1233728899433082881
1233728899558912000
1233728903392485376
1233728927497179138
1233728939111088128
1233728956664307713
1233728958522372097
1233728960170807296
1233728981280555010
1233728993016369153
1233729002717708289
1233729004361912320
1233729011810996224
1233871081318047755
##1241142336639377410##
1241142336639377410
1241142581439971336
1241142712092569600
##1245401594834944001##
1245401594834944001
1245405062370856966
1245412324820815873
1245412628027097089
##1247660703479193610##
1247657598763106314
1247659055172194306
1247658473933897731
1247658815501336576
1247660703479193610
1247657907610664965
1247658263199563776
1247658901631315968
1247659238060589063
1247668493392187395
1247658266684989442
1247658722387779589
1247657920847888393
##1232307983536861184##
1232307983536861184
1232313050268487682
##1232363045130772487##
1232363045130772487
1232363554231259138
1232367516082692096
1232367527432462336
1232370794250067968
##1232369514265956353##
1232369514265956353
1232371542962491392
1232372833810075648
1232376584306339847
1232514272372064258
1232614373358788608
##1232373441149493251##
1232373441149493251
1232373442877575168
1232381780331782145
##1232378823808815104##
1232378823808815104
1232508606710525952
##1232378994273718273##
1232378994273718273
1232379996334968832
1232379251019714567
1232380263147200513
1232381789018173441
1232392726680948738
1232523677348048896
1232524611956494336
1232566955657306113
1232384864764252162
1232528327434481665
1232404314594959362
##1232382084406292480##
1232382084406292480
1232383151802114049
1232392219002273792
##1232384075685601283##
1232384075685601283
1232400494120796160
1232400973563342854
1232401193143541760
1232401438195814401
1232433862828912640
##1232387064575950850##
1232367286255857665
1232387064575950850
1232387401655431168
1232387586334822403
##1232387760243314695##
1232387760243314695
1232388792138555392
1232391735902425089
1232588335648006144
1232388350776135682
1232391123425021957
1232392839067246592
1232391469945716737
1232392687900381185
1232392988174815234
1232394582182289408
1232395010575872000
1232401276715126785
1232427911719854080
1232428285851832321
1232429622194778113
1232480439857598464
1232601071350112256
1232616234820292608
1232646220696477697
1232667395195580416
1232671032131170304
1232675766552363013
1232431707728445440
1232438752145883136
1232577007055233025
1232455489906073600
1232500220564426752
1232522828458708992
1232644454999298049
1232678805254352896
1232709983852212224
1232713876648714240
1232724941897945088
##1232387952845762566##
1232387952845762566
1232389370923098114
##1232389182393405441##
1232389182393405441
1232391403856187402
1232392002769244165
##1232389704806535168##
1232389704806535168
1232390603926917132
1232391007842525190
1232392312547938307
##1232391121738850305##
1232391121738850305
1232621815840804867
1232623035032539136
1232631309941592065
1232631545619456000
1232631817754349568
1232630870877626369
1232631700485701633
1233055681097367552
1233067284761104385
1232393442992455694
1232397434849984519
1232395066687225861
1232644438683521024
1232666683954925568
1232520253403533312
1232600891267653633
1232442698327445505
1232769088163852292
1232604284258258944
1232751136526000128
1232393824212865026
1232411275067613185
1232428713482051586
1232429899534782464
1232550048573149184
1232514067354603522
1232523228234555392
1232551078081835009
1232552004238573568
1232561841815113728
1232562161492332544
1232616826342912002
1232631887933386758
1232651675057389568
1232661400729853953
1232666975425482757
1232668795275223041
1232703271070044161
1232745005623709699
1232749430006259712
1232750362181931009
1232750486828277760
1232750680470933504
1232751195648819201
1232751326628655104
1232757021138702342
1232765671957766145
1232769221928550400
1232769714365124609
1232393116847570945
1232422049903194118
1232444022561464320
1232488971743055873
1232580633202974721
1232680634268647425
1232761088669863940
1232759484495384576
1232760185380384769
1232759685733896195
1232759938059055104
1232760199297085440
1232760566084755456
1232760919026999296
1232761654489776130
1232761999727251458
1232761910224924675
1232761442350370816
1232761916113727488
1232762023060156416
1232762182380720128
1232762326832406529
1232778437271658496
1232763289056227331
1232760599270035463
1232761106080452609
1232761985974120449
1232762159345610757
1232762383791263744
1232762701505585153
1232774039594295299
1232776810062065664
1232777488159461376
1232777970529587204
1232778141179023360
1232778296208826368
1232777377131962368
1232690383580209154
1232755609034010635
1232454312615235584
1232587286946160640
1232760272521134080
1232761468619194369
##1232394082225475586##
1232394082225475586
1232468789133840386
1232496454872313856
1232411349436817410
1232411433293492230
1232411510632321025
##1232394270818160640##
1232370194519117824
1232384375410581504
1232385559609462784
1232399775699480578
1232735267305463811
1232743382998568961
1232394270818160640
1232395842058891264
1232396560425680896
1232398681854431236
1232384824264056833
1232385016228929548
1232385230645886976
1232386713852534785
1232393977405378560
1232396354657357824
1232397054711943168
1232384604360847361
1232388985697206273
1232401128396140546
1232372480133812227
1232372928026730496
1232373067235635200
1232372465772515330
1232384831021047815
1232384655388815360
1232399374120034304
1232627029671120897
1232370515802775554
1232397054938406913
##1232395900783353856##
1232395900783353856
1232401954791403522
1232430639409958912
##1232397777184940033##
1232395522142593024
1232397777184940033
1232399570208018434
##1232398058882772994##
1232398058882772994
1232668659212062725
1232669005040803840
##1232400478086090752##
1232393915166269446
1232394629733060612
1232755766429470727
1232400478086090752
1232412173806252037
1232422699735158784
1232755652939911168
##1232400944262008833##
1232400944262008833
1232609939228676096
##1232401793814016000##
1232401793814016000
1232631426312527877
##1232402077097263104##
1232402077097263104
1232627321443700736
##1232402859871887361##
1232343739735117824
1232357204747079688
1232357660634296320
1232380103906164743
1232384465395212290
1232385509286203392
1232689110407680004
1232628070823141376
1232640136938164225
1232381610504474629
1232381878524661762
1232382186227142657
1232418587400458240
1232521398121377793
1232575780355530753
1232622447440093184
1232655658861965313
1232682161532293120
1233477037756645376
1232380422165794816
1232509660353171458
1232382888395595777
1232639591120875522
1232389538485587970
1232537980755152897
1232357787872759808
1232359086102130688
1232390112912211969
1232458196750462977
1232397971024728064
1232400606972858374
1232402497102327813
1232344651694329856
1232348359572303873
1232348612539113472
1232418395326427136
1232395004599033857
1232395145259225091
1232391777618972672
1232396871492087808
1232404129424826369
1232404662386675712
1232392843114799104
1232398278274277376
1232389157131104256
1232394743834988546
1232388699972866048
1232388887336583173
1232390300972220416
1232390366772498434
1232391828902641666
1232605612724359168
1232628843090980864
1232690502539128833
1232344129201483784
1232398097701097472
1232604429121134593
1232616121305640961
1232629382704922625
1232402859871887361
##1232404841927868417##
1232404841927868417
1232405289573519363
1232428856314880000
1232435236874510339
1232537513375551488
##1232406121354321920##
1232406121354321920
1232406384534315008
1232561487614545922
##1232408493379989507##
1232408493379989507
1232569618348347392
1232570424577462274
##1232409240444293121##
1232409240444293121
1232410782689845249
1232411400162742272
1232421478022492161
1232421826296471552
1232427365759946752
1232429247605673990
##1232411811611369472##
1232411811611369472
1232419156286459906
##1232412827278827520##
1232270460919963648
1232271152090898432
1232272006898503681
1232314595592691713
1232271485286436865
1232303241028947969
1232318110406807553
1232336793565093894
1232348549326741506
1232351614696075264
1232356533578715139
1232372792798085120
1232373947724947456
1232412827278827520
1232356533339553793
1232357978948407296
1232358179763359746
1232295007127822338
1232330860969517058
1232360054193639427
1232347368068128768
1232368035496972294
1232376134236590081
1232301447984959489
1232345663855300613
1232379542817386503
##1232419462944563200##
1232419462944563200
1232422418976854016
1232432279730835456
1232434559490244608
1232441848267849728
1232428484095508482
1232432252732051457
1232640156571766784
##1232424271592464392##
1232424271592464392
1232578474445090818
##1232428287449804802##
1232428287449804802
1232428573585215488
1232429129343082496
##1232445000589299715##
1232445000589299715
1232552759225978885
1232838405563854850
##1232445386029027329##
1232445386029027329
1232524552590196742
##1232448495006564352##
1232353547104243724
1232407973194018817
1232408187845971970
1232416704170516480
1232506887624679426
1232588454183211013
1232620493200613377
1232418259422584832
1232436001496166400
1232400100175073280
1232507123524939776
1232496551353651200
1232534805276839936
1232486779074138112
1232398088691736582
1232415977717084162
1232438036614402049
1232593904345763841
1232402200497971202
1232402479184306178
1232406422597591041
1232411428465840128
1232448495006564352
1232706714346180610
1232402012215615491
1232452861843259392
1232397171065933824
1232397434539692032
1232401260093026304
1232399831118774274
1232401919731257348
1232421969867526144
1232436096035803136
1232397546561118214
1232402295280820224
1232406007403417601
1232621353611780096
1232408990803484683
1232411598440017922
1232396153561505792
1232411559642701824
1232397325504589830
1232405238881144833
1232425341270085637
1232606482228707330
1232418653116796928
1232420231840247810
1232427340363333634
1232401785769381891
1232405330140770305
1232447501807931392
1232453482054991872
1232508186348916738
1232397492702109697
1232397826409279489
1232398253385228297
1232401224076529665
1232401716550787073
1232412386113605632
1232415023877758976
1232434217344102400
1232397964146073602
1232414963869847554
1232416240251154436
1232424106836070406
1232426665021755392
1232481566128869376
1232497649275695104
1232500306887483392
1232511180624846850
1232514264323252225
1232530357305696257
1232648218657411073
1232664046798823425
1232753135036354560
1232779417753149440
1238395207219019776
1232407887261130752
1232427690080317440
1232403342489477121
1232395638211518465
1232408693448331266
1232412331835088899
1232416809648873472
1232520995551969284
1232596602449223680
1232397094339608576
1232398123969937409
1232398866802257922
1232410329969283074
1232412806668050434
1232419681140641792
1232421244991164416
1232425868296957952
1232427479601684483
1232434336428777472
1232458742123261953
1232469449015361537
1232485275034619904
1232494611886534657
1232508979265310722
1232513446006132739
1232414227295604736
1232514362562285573
1232518998870413312
1232537393242267648
1232576974654201857
1232398970472861696
1232402401480642562
1232403095008817154
1232403484332482561
1232403977452519425
1232403624506118145
1232404275881480193
1232404818616082434
1232405208262676482
1232406992494432256
##1232451854765719552##
1232451854765719552
1232457841480388608
1232466487836758017
1232518854594777089
1232532667117293568
1232505834145505285
1232513773526712320
1232515389470408704
1232585953635717122
1232475883660664834
1232514397010001920
##1233135491706499085##
1233135491706499085
1233239019275898880
1233438423186333696
##1233140258079944704##
1233140258079944704
1233301407039729665
1233357364172075008
1233143258034974720
1233143908558942215
1233254349230559233
1233446502179254274
1233253830143467523
1233143293241962506
##1233150906025365506##
1233140258079944704
1233301407039729665
1233357364172075008
1233143258034974720
1233143908558942215
1233254349230559233
1233446502179254274
1233253830143467523
1233143293241962506
1233150906025365506
1233301702054379520
##1237122119714177024##
1237122119714177024
1237270015814119424
##1237134582895566848##
1237044793324298243
1237091580407939072
1237128885617262592
1237129122758836224
1237101870637817856
1237133762657431552
1237134582895566848
1237134838504787973
1237137075213869057
1237137185867878400
1237144249830977536
1237143210239102982
1237135122077540352
1237303680950390784
1237314818530574337
1237049446673920000
1237055473913942016
1237045092311064576
1237045462340964354
1237051449495949312
1237054761968504834
1237045860564951050
1237063183619293186
1237046639933755395
1237055622467764228
1237063995594547200
1237091477815275520
1237050709218123777
1237055519640170507
1237063445385748480
1237045821943746560
1237055498727424000
1237091315327918080
1237062839854039041
1237063116346789893
1237047435081461763
1237055712704057346
1237057085499736064
1237230713750974464
1237135896245407745
1237224205801881600
1237150257068347402
1237067453680795649
1237069524148486144
1237052019208224769
1237055803196092417
1237212449453064192
1237055223920803844
1237067416372424706
1237165095656001541
1237554972570443776
1237080518904156163
1237278428371521536
1237048729301106695
1237054563984846849
1237055205461692418
1237057578393317377
1237057939673944065
1237058730434445314
1237089035807592449
1237105882217041920
1237109564937351169
1237111911121948672
1237112034149437441
1237120846440943621
1237125258139885568
1237132507667148803
1237132553229946881
1237140053396242432
1237143896695726086
1237152939996844033
1237155940790669312
1237170388553084928
1237225389908545537
1237232288032792576
1237252434235478017
1237252492305534976
1237254069623894016
1237263456597938176
1237286435708964864
1237296179634941953
1237308097917566977
1237314423649439750
1237353160773120000
1237355768812376064
1237361321848569858
1237365077830963200
1237385573624614912
1237639498126811136
1238105256610979840
1237053226316414978
1237231161094672384
1237208142301278208
1237098066836160518
1237112397585842176
1237156958643380224
1237168550403596288
1237210224815153154
1237248268037431296
##1237134838504787973##
1237044793324298243
1237091580407939072
1237128885617262592
1237129122758836224
1237101870637817856
1237133762657431552
1237134582895566848
1237134838504787973
1237137075213869057
1237137185867878400
1237144249830977536
1237143210239102982
1237135122077540352
1237303680950390784
1237314818530574337
1237049446673920000
1237055473913942016
1237045092311064576
1237045462340964354
1237051449495949312
1237054761968504834
1237045860564951050
1237063183619293186
1237046639933755395
1237055622467764228
1237063995594547200
1237091477815275520
1237050709218123777
1237055519640170507
1237063445385748480
1237045821943746560
1237055498727424000
1237091315327918080
1237062839854039041
1237063116346789893
1237047435081461763
1237055712704057346
1237057085499736064
1237230713750974464
1237135896245407745
1237224205801881600
1237150257068347402
1237067453680795649
1237069524148486144
1237052019208224769
1237055803196092417
1237212449453064192
1237055223920803844
1237067416372424706
1237165095656001541
1237554972570443776
1237080518904156163
1237278428371521536
1237048729301106695
1237054563984846849
1237055205461692418
1237057578393317377
1237057939673944065
1237058730434445314
1237089035807592449
1237105882217041920
1237109564937351169
1237111911121948672
1237112034149437441
1237120846440943621
1237125258139885568
1237132507667148803
1237132553229946881
1237140053396242432
1237143896695726086
1237152939996844033
1237155940790669312
1237170388553084928
1237225389908545537
1237232288032792576
1237252434235478017
1237252492305534976
1237254069623894016
1237263456597938176
1237286435708964864
1237296179634941953
1237308097917566977
1237314423649439750
1237353160773120000
1237355768812376064
1237361321848569858
1237365077830963200
1237385573624614912
1237639498126811136
1238105256610979840
1237053226316414978
1237231161094672384
1237208142301278208
1237098066836160518
1237112397585842176
1237156958643380224
1237168550403596288
1237210224815153154
1237248268037431296
##1237152600572801026##
1237152600572801026
1237153889897545731
##1237513440572223488##
1237513440572223488
1237513664501932032
1237513729786261505
##1237525894014488576##
1237525894014488576
1237525983143424000
1237526217340809217
##1237829563192872961##
1237772141032079361
1237794611059470336
1237849437881298949
1237853088205029382
1237853318820417537
1237853539025563650
1237855189148688384
1237855844663832576
1237856438472429568
1237773351067713536
1237775522945470465
1237773207178002434
1237775479249174530
1237774355007930369
1237775684849762304
1237776082318823426
1237850482653024262
1237772841677963264
1237775247404937218
1237772594444668929
1237775132338380806
1237772707284094976
1237775212176977920
1237778946168684547
1237850412599799808
1237793345335955456
1237849953700962306
1237813584857628673
1237848885336260610
1237830242485616641
1237848403112914944
1237909248379584518
1238087586792517632
1237788943984320512
1237850171439869954
1237810302684717057
1237849221111275524
1237945282962341891
1237829563192872961
1237848475359821825
1237933472523714560
1237784337363406848
1237850274930147331
1237941945554677760
1237859292637618176
1237868563085561856
1238219330820726787
1238221363585875974
1237772269344219138
1237775053686747136
1237792228308901900
1237849994918428672
1237973360619008001
1238008562699419649
1237775374077046784
1237778655880908803
1237779315972071426
1237787534731730944
1237787553496956929
1237788323869003777
1237792983694655488
1237794466393661440
1237797914530975750
1237813911660920833
1237814066804129793
1237831499090624513
1237839164067819525
1237940989270073345
1237954083346055168
1237968374694645760
1237973687057428481
1237980796738289664
1238013817998770176
1238024947039195137
##1237837828685520897##
1237837828685520897
1237838131937730567
1237838324645146624
##1237840988606836736##
1237810393344544772
1237890361348874242
1237958621331427328
1237812792197029888
1237959747640479744
1237840988606836736
1237958935015022592
1237984833613291520
1237990580686389248
1237991113211904000
1237991197148315649
1237991736997224448
1238006235724746752
1238013319006564352
1238014568628129793
1238015240891138049
1237959446908846081
1237878003218161664
1237969211764248578
1237989337763061760
1237990856751267841
1237812436712988674
1237959797720449024
1237974671754174476
1237827991192965120
1237959282043293697
1237959357603680261
1237965277998067713
1237967291133943808
1237829462571601925
1237831304814759938
1237831470632308736
1237840187197018127
1237959014404755457
1237970249028374529
1237959835070746629
1237814219258675200
1237959659451035648
1237835112433299457
1237835598448205831
1237835622049603589
1237819309138817024
1237823161695195136
1237835684066533378
1237836158287175680
1237994182129651712
1238051578319384576
1238085435563356162
1238087799070482432
1238096121651658752
1238124131520036865
##1237862566560288769##
1237862566560288769
1237862793992212483
1237862867803811840
1237863104987316224
1237862903329382401
##1237880054517907456##
1237880054517907456
1237884271357915137
##1238105270599012353##
1238105270599012353
1238105503990984706
1238108819739365376
1238114921277206529
1238139349000245248
1238139506408263682
1238140062216392706
1238140488215076864
1238140766406365184
##1238128777202479105##
1238123475925176323
1238127069235724290
1238128777202479105
1238139673815527424
