##1236381538432036864##
1236381538432036864
1236381778048421889
1236390217441042433
1236383032384372738
1236381660184281089
1236386300569292802
1236381780216864768
1236382766318718980
1236398773632405504
1236552375390875648
1236932581553246209
1236382054461440000
1236384513556533249
1236388578529169409
1236389651675590662
1236390986617585664
1236463134103277571
1236552761631805440
1236727792081022976
1236931948406345729
1237052400545992709
1236392003266543617
1236399304509730817
1236541991388884992
1236383696380452871
1236449655652827142
1236561169747492865
1236400902703022085
1236405345922228225
1236417313148198912
1236561892002455552
1236583959171141632
1236614094469378048
1236701065229320195
1236615254341271552
1236615669715816448
##1236440165314375681##
1236440165314375681
1236998362110492678
1237005171475046401
1237137347503849474
1237150456473845760
1237347516737355782
1237884204626538497
1237885746251325441
##1236666321015918592##
1236666321015918592
1236723339282059264
1236698182232543235
1236689032261832705
1236724037763641347
1236735343338102784
1236743590170308612
1236770178626719744
1236777044714950656
1236777861777895425
1236812860241698821
1236825124655038467
1236851049736163329
1236954075494666244
1237406771423129600
1237725089870856197
1239342314646102016
1236667232689762305
1236730316972228609
1236815496055599105
1236695017856675840
1236696692709261313
1236921988423323648
1236846124910215173
1236894836508241920
1236895239392104448
1236923563195629568
1238869438797099010
1239300116164628483
1236812315871383552
##1236009846186610689##
1236000836108595201
1236009846186610689
1236379671417233410
1236005358663020546
1236009256475910148
1236780198630170625
1236002418250440704
1236225500856676353
1236043831130415105
1236021138855256072
1236052771868233729
1236361272880496642
1236781364004950017
##1236388241185673216##
1236388241185673216
1236607316100878336
##1236527716914036736##
1236526596502237185
1236527716914036736
##1237144996387659776##
1237144996387659776
1237161601289117696
