##1224604531784327168##
1224439020945457153
1224444991214252032
1224451474853220359
1224752187408109568
1226151622889365504
1226152221336838144
1224769162721087488
1224454108792311815
1224476819136696322
1224551880543690752
1224631629752217600
1224638091803144192
1224443781526614017
1224445559492116480
1224445751121461250
1224464620653510660
1224477324160241666
1224552543436640256
1224443602568241154
1224858927709466624
1224443194722541568
1224443440055762951
1224647617772183553
1224448704377016321
1224440918574424064
1224450149667106817
1224475363948011520
1225461400627286018
1225949628530597889
1224695360582488067
1224695787210321921
1224714512273756161
1224764152691986434
1224773264523845633
1224778156877524992
1224784139154599936
1224902167783407616
1224693754210078720
1224564457269014533
1224574939568791552
1224575285200347138
1224581236016009216
1224609302092156928
1224612744470695936
1224627733470371840
1224636571795820545
1224639603480592386
1224647404718379008
1224650638254133249
1224656880007557120
1224442552717176832
1224449743960457217
1224569821058207751
1224591568113471488
1224618948316028928
1224634398475259905
1224638814347563009
1224638853883080705
1224657826968150016
1224730780628406274
1224765632706744321
1224766408527097857
1224802240092954631
1224811436595122176
1224921158786613250
1225172971905527811
1225324690790592512
1226114315981381633
1227186905311256576
1224457140376625152
1225404571478040576
1225801496710799360
1224447504755744768
1225152789258608640
1225154613466292225
1224566242754863105
1224953153491218433
1226116861214900225
1224739891529113605
1224756286199402497
1224492564331606019
1224498388890279938
1224647749100036099
1224657488861114368
1224439705044783109
1224440263000510472
1225015273327091712
1225260079903051778
1230643478788485120
1225406069981241345
1225406648459694081
1224604531784327168
##1228674241542926336##
1228674241542926336
1228675294950760449
1228947805777072128
1228794174708817920
1228902821904302080
##1229150647293009929##
1229150647293009929
1229177970591485952
1229354720525004804
1229359604729098241
1229413138094841856
1229292951634874368
1229410055151374336
1229171529348452352
1229343462945951744
1229425887797501952
1229432836664545280
1229325633358049281
1229345334658293760
1229353609810280453
1229482203169656835
1229708394585632770
1229216223541497856
1229290236963893249
1229258290103816194
1229395463817875456
1229509764633255936
##1230209800476221442##
1230209800476221442
1230209807463919619
1230294719747457024
1230363773531234304
##1229905069329567745##
1229905069329567745
1230182045042782210
1230689255015538689
1230270211200290816
1230055888192446465
1230542094386835461
##1227655213798117376##
1227655213798117376
1227669253261873153
##1232352261487124480##
1232352261487124480
1232357150942486529
1232359481503363073
##1235687565505597440##
1235675535700881419
1235680234902614030
1235884398987403264
1235906048701214721
1235907600346230784
1235685514981847041
1235786046727692290
1235780306059366400
1235677758539395076
1235678354109591572
1235692204187947009
1235786352794439681
1235676130092494850
1235683383767793664
1235808640566579202
1235675694123880449
1235676060978573312
1235677099912056833
1235677335778717706
1235678249641893888
1235679824913608704
1235685820713046016
1235687565505597440
1235689189733212161
1235728612554412032
1235885481264664577
1235961302427799552
1236001402410975233
1235675865561944064
1235688651981492225
1235675909845221376
1235679211949395968
1235679703064866843
1235681644746625024
1235681744906366977
1235684389595512832
1235686014053691392
1235686964453654529
1235705131871727617
1235736421467664384
1235788398499115008
1235827139909279744
1235830992117436418
1235865075174363136
1236238719193157632
##1236574400939524099##
1236574400939524099
1236577963401007104
