##1243303761264640003##
1243303761264640003
1243361603543658496
1243500876096057344
1243535273696407554
##1243304484685692928##
1243304484685692928
1243478268101230592
1243483193652793344
1243510667405152257
1243995259039858692
1243995643074486272
1243583694058782726
1243586431404199936
1243586757230280704
1243308113085771777
1243309073237491712
1243741900466802689
1243471547958022146
1243480700143259648
1243373585059713024
1243580343753596929
1243406065674289153
1243409822529155085
1243549977634394112
1243334771603881984
1243416967618244608
1243430019860328448
1243454069353701376
1243461239055028224
1243470887698956288
1243475675698343936
1243481895591182336
1243489699039240193
1243489724909617152
1243489774012375042
1243490349517021185
1243494002273460226
1243507432808239105
1243507887693017089
1243510127791157251
1243518774160035841
1243519491478339585
1243520403089297414
1243520797194551296
1243538390475300865
1243567322226442242
1243568447591768065
1243573297788444673
1243593617677180928
1243708406931820545
1243483034457976832
1243693858690609154
1243349914387656704
1243463144669958144
1243526823646035970
1243350913890365440
1243469195704250368
1243472080991129600
1243354046058106881
1243442789679083520
1243453103074148354
1243472482306338816
1243473615561113600
1243479280362946560
1243505256203538432
1243505519781916672
1243505555051872258
1243537561236185090
1243550855783219206
1243576691143970816
1243582872818237441
1243632888106618888
1243661981367840774
1243719473175068684
1243731055569403906
1243827997611831296
1243924747794219008
1244488083992698882
1248232564910952457
