##1228993682952642561##
1228993682952642561
1228993685293084673
1228993688270987264
1228993690833735680
1228993693945942016
##1240238562353741827##
1240238562353741827
1240336314337243136
##1242128226232737794##
1242127962721390602
1242128109853388800
1242128226232737794
1242128366356045826
1242128650646032386
##1246154446226276353##
1246154446226276353
1246156353325785088
1246327184299622407
1246190797575380992
1246155352061730816
1246185701613473793
1246172187767328774
1246243836512342016
##1246202776507633664##
1246202776507633664
1246205269614321665
