##1226774048580882432##
1226774048580882432
1226774386297929728
1226774213459169280
1226776899503955968
1226777118341644289
1226829811504631808
1226915756794880000
##1223334866743414789##
1223334866743414789
1223336295130435594
1223340306134904833
1223396874599772161
1224470639265951746
1223335590063738880
1223335504038563842
1223342844200607745
1223537471402729472
1223628424922660864
1223643743561142273
1223765051187912705
1223343167094902784
1224458871151955968
1223371358563905537
1224334091409117184
1225095118417539073
##1232391727304060930##
1232391727304060930
1232397921313837061
1232412596344623104
1232432671021649926
1232652367239118851
1235370954697605120
1232438911529439232
##1232406947749515264##
1230901477918593025
1232335531347976192
1232335783119462400
1232406947749515264
##1223327873995427841##
1223327873995427841
1223334989561057280
1223328227562868744
##1223180238403854336##
1223180238403854336
1223318922319073282
##1223313610350452736##
1223313610350452736
1223344637856841733
##1223254268100083712##
1223254231517421569
1223254268100083712
1223254271707185152
1223254275406647296
1223254278770434052
1223254282306310144
1223254311347675136
1223254353236107264
1223254357724094464
1223254366444015616
1223254370428555264
1223254374308360192
##1223254231517421569##
1223254231517421569
1223254268100083712
1223254271707185152
1223254275406647296
1223254278770434052
1223254282306310144
1223254311347675136
1223254353236107264
1223254357724094464
1223254366444015616
1223254370428555264
1223254374308360192
##1222842315682828288##
1222842315682828288
1222868146945712128
1222843679125180417
1223003274674163714
1222881192753668097
1222895417303502853
1222941795874590720
1222977276838629376
1223061301796253697
##1222811024568528896##
1222811024568528896
1222811545761144832
1222831130312880128
1223264729818333189
1222812175561043969
1222813826191589377
1222813874866573313
1222818049264365568
1222819670539087873
1222821275950862336
1222827781899329536
1222830686773620736
1222831759940898816
1222919328087101447
1222920545609699328
1222992703685844997
1222978006341300225
1222811216697024513
1222821057540784128
1222826679263023105
##1222648709927899139##
1222648709927899139
1222655792333119488
1222655921781923840
##1239648864702996480##
1239648864702996480
1239649114285113347
1239649324075814912
1239649603521327106
1239650286773448711
1239654378086301702
1239649372645793792
1239650201956167681
1239651706520117254
1239652339021238283
1239652958641500163
1239898537665671170
##1234337307253231618##
1234337307253231618
1234338505775632384
1234338938627805186
1234339371140165632
1234340231995908096
1234368840517197825
1234371196088655873
1234376906205749250
1234378417652617222
1234379360934690820
1234374430102638592
1234362733149245442
1234460679991590913
##1223218168119861248##
1223218168119861248
1223219029747302400
1223219607005253632
1223228626042281984
1223228306629316608
##1223285566407696385##
1223285566407696385
1223302411047112707
1223302796889460736
1223826202038820864
1223851645135704064
1223303895709028358
##1223363596387790850##
1223361561886105606
1223363596387790850
1223371170168418304
1223368519657623552
1223362853144612872
##1233764702871785472##
1233759059234426881
1233754563288715264
1233750625105649666
1233734211347132425
1233728091937288193
1233730158361743360
1233735785356185601
1233737645580279808
1233738494037692416
1233749481545400320
1233751676835815425
1233752998888792064
1233753522509959168
1233754034642804741
1233755285765971968
1233756193140678662
1233757694605041664
1233758083479896064
1233759895180206080
1233761726035906560
1233762914470940672
1233763724508442624
1233764412806352896
1233764702871785472
##1233813403363430400##
1233813403363430400
1233818306064343041
1233821377137905664
1233826827229159427
1233824828613943298
##1222563895509954560##
1222563895509954560
1222564949689544704
1222565858326798336
1222564559472513025
1222724610187284482
1222875400159879179
1222949589969522688
1222578658528972814
##1222615236131393538##
1222605473230266368
1222612774884270080
1222617520999366656
1222618524767657985
1222620889906384896
1222848563593523201
1222614736275197955
1222617756551602177
1222632310367039488
1222753990582132736
1223407984996487168
1224693460961198081
1222625428806029312
1222634741385646087
1222613128023855106
1222644618514325506
1222606092464807937
1222609253640364032
1222610124054896640
1222612074741862401
1222612612803891201
1222618123276255239
1222953525841481733
1222975351825084416
1222615236131393538
1222616327149494273
1222635829459333121
1222610437428129794
1222635662748286978
1222912121668849667
1222627329609994240
1222631014637494283
1222631311912984578
1222632779818598400
1222636642017726465
1222619690507362307
1222627858402762752
1222854062158372865
1222610491568160770
1222613889025761280
1222605735927910401
1222625685241573376
1222630180310614021
1222889878054064130
1222626359056502789
1222607807293403137
1222613318835298309
1222613911977046016
1222883023370248193
1222605722522988544
1222619554628734978
1222605974990675969
1222606522741555208
1222606615557419010
1222609553063321601
1222612363645460481
1222624741254713347
1222626948293242881
1222629893189619712
1222635040636571654
1222641976992051200
1222663660037984256
1222728838217637888
1222753045446045696
1222796451459321858
1222813396434923522
1222832997642264576
1223333649694822400
1223364989395914753
1222606120470155264
1222606164799692800
1222606554979033088
1222606564449816576
1222606829768921095
1222607110187421698
1222607124645195776
1222607220698963969
1222607355231330304
1222607800309833729
1222608002383077376
1222634757462339584
1222720920122425346
1222844333394743301
1222928850314780672
1222612061005533185
1222774161510223874
1223081166506549248
1223178431657058305
1223326430114844672
1223580660528549889
1224229022999175169
1222609801194221570
1222612106454929408
1222608648771383297
1222608997049667585
1222609094898528257
1222609538542489600
1222609753794318342
1222610508660060160
1222610839917690882
1222611287722659842
1222611819518406657
1222612431891050497
1222612675563266049
1222613221401681920
1222615659110129665
1222616447345745922
1222617319240802308
1222618575309090820
1222620092560748544
1222620386732527617
1222622012130123776
1222622284306882561
1222623129060757508
1222624723856695297
1222625241203167232
1222625593566605314
1222625723070001158
1222625881635655680
1222626561389682693
1222635301191012354
1222635386607931392
1222635968987123712
1222636180409331713
1222636938861125633
1223138766606479360
1223141163236057089
1222636045944197122
1222774280448086016
1222812153578737665
1222661722860937216
1223323286337130496
1223596399520030721
1223652061893533697
1223028675668578309
1222638712057745409
1222639734452903936
1222641597214531587
1222642222283350018
1222643622929223681
1222653800118411266
1222655204111327232
1222659499057733632
1222665739645202435
1222666508154875904
1222948689091727361
1222957523151544322
1222964162051158017
1222977383785017351
1222981284898787328
1223000078304059395
1222959393223987200
1222982972040732672
1222992841619771392
1222674755704233984
1222676607451697152
1222679818589888519
1222695466690891776
1222721665261604864
1222730661838106626
1222739948018774016
1222743124302352384
1222747275568537600
1222747834350436352
1222749070986485762
1222756132822945792
1222756558980964352
1222756793060941824
1222767474292207616
1222767620786728960
1222768460649967616
1222771816546152448
1222777643881418752
1222783048116264961
1222789562193326080
1222791830305230849
1222819221119422464
1222823691022716929
1222824622665674754
1222829943278784512
1222841574087892993
1222841747799248897
1222843139565805568
1222861432926150656
1222868939027419136
1222869174491471872
1222873524005634050
1222878080953438208
1222889839399337986
1222895917096820738
1222906392320692225
1222909132132560896
1222848397884956672
1222855890258333696
1222861041274695680
1222918331226783745
1222622692899160064
1222606293057392643
1222606038463021056
1222607662505963521
1222637359751213056
1222606629688004608
1222839345205391360
1222844749964509187
1222851602245177344
1222880160657170434
1222888465353904128
1222920016275869696
1222933807097053185
1222938124575301632
1222606663900966914
1222608309712236544
1222608899867664386
1222612068454498306
1222612850004447235
1222614696945225728
1222618054246522886
##1236248006447501312##
1236248006447501312
1236248007940726784
1236248011090649088
1236248477820219393
1236248799200370691
1236249236347420672
1236249562966364160
1236249750200086529
##1238090514102190082##
1237816388670062594
1237816613342253056
1237816997846691841
1237819069539258369
1237819670167719936
1237820350349692932
1237821190233874434
1237821509416124422
1237821967551672320
1237823169903366144
1237877304031768577
1238081540992761856
1237876953975123971
1238082384865775617
1238089557264007171
1238103621792927745
1238125858952548354
1238132493854916609
1238090514102190082
1238107634231902208
1238091410059993089
1238108403169464320
