##1238952694649364481##
1238952694649364481
1238953862247198720
##1239106808775618562##
1239106808775618562
1239107362495045632
1239114310271537152
1239112074044887040
##1239694816176472064##
1239670013323329539
1239674889692381191
1239839868659929095
1239841191727955968
1239841785427435524
1239841600215437312
1239841901651668992
1239840145173446656
1239840738344685569
1239844036283904002
1239979154185105409
1239979592087220226
1239675139094122497
1239675282396721152
1239677376981864448
1239678166622445569
1239802518185656322
1239828852509224961
1239841567743016960
1239978594245455877
1239691915576180737
1240067849403666434
1239678153309724678
1239678778160357376
1239694843363852288
1239695130375921671
1239695551576313857
1242206686737313801
1242208923937054720
1242210290533613568
1239694816176472064
1239694994426015746
1239696264633204738
1239692520797470722
1239728096711970816
1239830757058793473
1239831246680862727
1239843183749738496
1239844945290235904
1239848406715117568
1239848876833746944
1239849421837422597
1239850051360432128
1239854583674998784
1239856720354164737
1239849093016489984
1239849286365515777
1239849532780875780
1239677057145208833
1239678464078290951
1239679423366008839
1239679581398933506
1239680787311706112
1239683151628247042
1239680011386474498
1239679378323365889
1239680480632504323
1239684165332803587
1239688092090617866
1239688233715466248
1239688317739900929
1239689818675781633
1239870670605103105
1239875653329137664
1239883986031251457
1239884127295475716
1239780484365930496
1239829846953467905
1239834526026797056
1239839799533539329
1239832060841336832
1239676371909201921
1239676740437508098
1239677612462608391
1239678735462301706
1239683921706704901
1239685120619053056
1239672565158854656
1239672703541563392
1239679390444744706
1239679814421929985
1239893560754872325
1239894926365687810
1239740874885652482
1239741197582811137
1239692182379995137
1239692270909247489
1239692720362393601
1239693019248541697
1239897385515413505
1239897770372272131
1240284351436374018
1239899499440431105
1239670722861162503
1239670931578068995
1239670878612467713
1239671152550776834
1239672797120602113
1239672976666230789
1239679356492042241
1239980140899323905
1239671052294328326
1239671246767472650
1239675398285377537
1239675861898534913
1239705123837956104
1239750471293771780
1239842706802827264
1240559776490311680
1240559878965510144
1239677388897890312
1239787162574499840
1239858389196443648
1239858505164763136
1239877114318520320
1239883899993456640
1239879090896801792
1239883805407752192
1239932254333386754
1239861684082282496
1239862035841761281
1239871148395020290
1239883353484132354
1239881823276204033
1239897211917537280
1239897465274413056
1239670324079267840
1239670571694252032
1239671180916858880
1239671785303560195
1239672594749706242
1239672701415022592
1239672803391148034
1239674703335342080
1239675175077122054
1239676297678327808
1239684339161538562
1239679499115134980
1239693275788980225
1239685309916418049
1239687207390150657
1239687459295944709
1239687571711635459
1239711559775072256
1239749693959294977
1239724509307027460
1239749211916296194
1239752841264316422
1239753567168270336
1239763447358734336
1239833932482465793
1239847432072179713
1239847538120970240
1239862600751595520
1239867723083104258
1239905662865477633
1239984077912104967
1239989843532398593
1239684760257118208
1239679030355349504
1239688448900030464
1239689729366515713
1239802825124777984
1239829714371579904
1239868763203403777
1239887858988716032
1239670319721451531
1239673847336636417
1239680135126753280
1239683499189309446
1239685453835534339
1239691682049921030
1239693508300230660
1239702544382918656
1239706814415020032
1239714040986963970
1239718531765276672
1239720777940942850
1239749291603890177
1239738119282401287
1239751359127343109
1239751980018524160
1239752269878435840
1239760583056142336
1239769025195978752
1239781266809147392
1239829802217078784
1239828905583935488
1239815648831774720
1239828575404077056
1239818852554457088
1239828463151955974
1239819942800887808
1239828348123205632
1239830299653144577
1239831379111788544
1239674787007467524
1239675079736295424
1239675648496603139
1239675944270512135
1239676284424327170
1239869581323374592
1239871465534697472
1239871920151105542
1239749381806526464
1239836882080608256
1239838541078724608
1239839955641405441
1239841358925508609
1239860504698466304
1239888735736643584
1239899033377714176
1239901962067378178
1239919711367954437
1239921782104129536
1239939219839123457
1239933792938328066
1239935503476174848
1239938224484519936
1239960092621058056
1239975553228091393
1239976235557675008
1239989781637062656
1239990224790454273
1240027532176564229
1239777411878850560
1239827549871579137
1239838490235469827
1239789421349801985
1239827606712827904
1239940326091038723
1239676379320459264
1239710283318333446
1239749793133535232
1239830008287440897
1239819232499642368
1239827984263061505
1239845720125059073
1239937215624601605
1239938089872691203
1239939546005016577
1239939663252635649
1240339239021281282
1239670856198078464
1239671709843800067
1239677139533824000
1239978707537838082
1239670515368951808
1239713759209365507
1239716794031656960
1239746562030473216
1239759649072721921
1239788731596509184
1239898132852465664
1239924012404400128
1239946551528771585
1240345371047604224
1239791925894545409
1239829014052843521
1239766821034745864
1239818588233576448
1239884422704496640
1239938500369231878
1239952568966668295
1240515042665271296
1245833001533145089
1239670605915525121
1239671853968433152
1239852071572197376
##1238959556551729152##
1238959556551729152
1238961025111797766
1238959805278150657
1238961458744045570
1238961748532760583
1238968509473984518
1238970405211328512
1239136631682215936
##1238977850801340422##
1238977850801340422
1238978451207528448
##1239235158764597249##
1239235158764597249
1239236139812155392
##1239279224575401990##
1239279224575401990
1239279532982579205
1239283333558910977
1239280022839582737
1239280628585115648
