##1238432258928848902##
1230100365024092160
1230100366848647169
1230100368765464577
1230100370501853184
1230100372187906049
1230100373882523648
1230100377107927041
1230100378882117632
1230100380660457477
1230100382426247170
1230100384070406144
1230100385727229953
1230100387639767041
1231193394338312192
1233055665947652096
1233056456393535500
1233064167088820224
1237733185783508993
1233056265829584896
1233056465327460352
1243235851515179010
1238142229887188992
1238143459250372608
1263844349147824128
1240636946424217601
1248422159757672451
1254494600200368128
1254501530251800577
1238432258928848902
1239966648947236864
1239896650753204228
1241015857872060416
1243182369173057539
1243579805611761667
1246056627666661377
1248177369963257857
1248587680344047616
1238483949317472257
1238478111332851712
1242839185075195906
1243544297280020483
1247903467999350784
1240266179475845121
1242483980869353473
1247929713991004167
1257336281845071874
1242874796289011713
1245389279599173632
1240630514249326592
1242065757531504640
1244688451636781057
1248218423424880640
1248273300687552519
1250446296885927936
1254713453178236928
1263479800292945921
1245015889830989825
1247115766513745922
1245022826156916736
1247183247190233090
1247486932986277888
1250059205404393481
1250102337986801665
1250378626874343425
1252577422073040897
1253276348237447168
1254514658704310273
1260918356649140225
1250440331792797700
1263057400661250048
1265256906035286017
1250810305929674752
1253405897533112326
1254787723367342089
1255140229465309186
1255143156389036034
1255879246783881216
1255882528633901057
1252207424158814209
1252211891847528449
1262405734567993344
1263807908673921025
1242487294906396672
##1232732619999150082##
1232732619999150082
1232732622280888321
1232763501774548992
1232765451962376193
1232765909112147968
1232766167330193411
##1232441173299494913##
1232441173299494913
1232441177183379456
1232441188860354561
1232761885369536514
##1233473247955558402##
1233473247955558402
1233473348803473408
1233473576046604292
##1233099312202207237##
1233099312202207237
1233099321433841664
##1238762599073931265##
1238762599073931265
1238762601875677185
1238762604069302272
1238762938435080197
1238765654448254977
1238763070924754945
1238765495081467904
##1239320092808286209##
1239320092808286209
1239325010520608770
1239327094716448769
1239492727005478924
1239326644541820928
1239330666925502464
1239322361276567557
1239322905516953600
1239326087722696704
1239327702173310976
1239330023095631874
1239397302768480257
1239517099795546112
1239372984017719296
1239321044802043904
1239327782959792129
1239328147079933952
1239320375399505921
##1234913081446338560##
1234913081446338560
1234913083384004610
