##1247980605641555968##
1247980605641555968
1247980724080250880
1247981037810049025
##1248376159038926858##
1248376159038926858
1248376162348195841
1248518494712467457
1248518835654754304
1248519920754872320
1248519300505317376
##1248392891598131200##
1248392891598131200
1248392998292836358
1250028291647471622
1250669036683366400
1250669803100090368
1250671749135503360
1250672504944963584
1250671967155507200
1248393848197271552
1248411770235977729
1248700254343565312
1248701436193640449
1248702296713834496
1248393017402089472
1248393267953012738
1248393333346422788
1248393537009250304
1248393654869192705
1248393703992856576
##1251971791603580930##
1251971791603580930
1252011922628775937
##1248020518768435200##
1248020518768435200
1248022092198678533
1248022638666100742
1248036143892922368
1248022841834049545
1248023700785573890
1248021705735487489
1248117912285646848
1248122012368654336
1248135389044330496
1248177670778732549
1248205715405234178
1248023368483381254
1248023038534311937
1248087628362272768
1248148152105959424
1248323623984783364
1248027092463366145
1248200526522658817
##1254181474892492801##
1254169056258797572
1254178179046088704
1254181474892492801
1254184437543305217
1254184669760884738
1254182520024956930
1254185776226750467
1254187893775572993
1254176276732153857
1254185331462672385
##1228292691135471616##
1228292691135471616
1228293332536889349
1228293739413692417
1228294756129820673
1228295313842212864
1228294178821607428
1228294552836071424
1228294655013511169
1228295005531447296
1228295112914018305
1228295576611172353
1228296565875494913
1228297253946843136
1228297901975228416
##1247903295387009030##
1247903295387009030
1247927108439072769
1247944483918020609
1247983610730369025
1248010491441475585
1248010204211339264
1247952703201988611
1247952926552850436
1248228185126420481
