##1236357039502303232##
1236357039502303232
1236357460107177988
1236373742466535425
##1236369474409857024##
1236369474409857024
1236760579009843201
##1236426898042912770##
1236426898042912770
1236726346375626753
##1236362622716518401##
1236362622716518401
1236363800103849986
##1236379668103802881##
1236379668103802881
1236379808419979264
1236394542888337408
1236569943799484417
1236580792110927878
1236584346200485888
1236584642406473729
##1236427908756860928##
1236427908756860928
1236541105220587520
1236430488002334720
1236570488387796993
1236440923749396481
1236513368925749248
1236606725760913408
1236558338969595905
1236645998195363842
1236685105793503232
1236693757174693890
1236970937796431875
1236611349393915906
1236542238798290945
##1236664572611907584##
1236664572611907584
1238138178332213251
##1240053550585131008##
1239789046500667393
1239797734485491713
1239817650487902208
1239820144190328832
1239824220470853632
1239790474304552962
1239798178473443330
1239793859267366913
1239798126225043456
1239799523993628672
1239836402734567424
1239840247556509697
1239795292217671680
1239797688528445440
1239790434425200641
1239792155771785216
1239820530330599424
1240001187308605442
1240021426167521280
1240083693437431814
1240606230319677440
1239812438796763136
1239805469704798208
1239866440242659328
1246813212064059396
1239845099900522501
1239845702672330752
1240053550585131008
##1241792049139105798##
1241792049139105798
1241792155582152704
1241837387539451905
##1236395448987987969##
1236395448987987969
1236505886199369728
1236563382880305154
1236422957997666305
1236439194182041602
1236560189110829056
1236457652567318528
1236561571284992009
1236488368298643457
1236543683345952768
1236491025784463360
1236444404417802245
##1236587837883105280##
1236587837883105280
1236599879629242369
1236600635564457984
1236603283134971904
1236617601276665856
1236617987542732800
1236735919643860993
##1236699208083791872##
1236699208083791872
1236700240427847682
##1236764131241406465##
1236764131241406465
1236858931785486337
1236950747926933506
1236859267401027584
1236959798387716096
##1236771316201598977##
1236771316201598977
1236776417922363399
1236789287556915201
1237014383651368960
1236773379388178434
1236989961557196800
1236861827457396737
1236884333526421505
1236900637629198341
1236909857489522688
1236975636125831168
1237049893543428097
1237465013553631234
1236772191808692225
1236772662451613702
1236873569503719424
1236992308735873027
1236839027510214656
1236911242360623105
##1236798125261676548##
1236798125261676548
1236799073832906754
##1236802834387079169##
1236802834387079169
1236803415692529664
##1237125353983954944##
1237125353983954944
1237125586931376131
1237126080017940483
1237132137939304448
##1237128396729208832##
1237128396729208832
1237128682499604488
##1237128682499604488##
1237128396729208832
1237128682499604488
##1237153975255871488##
1237153975255871488
1238096470433136641
1238097696294162432
##1237159157352083459##
1237159157352083459
1237160259392884738
##1237279237708668928##
1237279237708668928
1237279464339443714
1237279633739055104
1237288052864757765
1237293919148421120
1237293646002761728
1237296876996759552
1237294481164193794
1237432860719689729
1237440241276944385
1237281711249129472
1237282095682240512
1237285851991769088
1237283595439538176
1237287732940070912
1237307122871918592
1237280097901727745
1237280446158962691
1237280489104461824
1237287953304559616
1237283441084895232
1237284588243861504
1237289946513395714
1237294102238171136
1237290028155449344
1237290038838296576
1237290120077860865
1237292562144206848
1237298124022075392
1237304295067922433
1237306087528960001
1237308023053463552
1237309588426436609
1237326148713021440
1237326372256841728
1237338240610336768
1237409248541171712
1237504155456909312
1237507903436750850
1237854415085699074
1237625014696005639
1237636289513558017
1237728671697379329
1237281529233117185
1237285651705483265
1237339511161585669
1237380328894935040
1237380374868746240
1237423996074942466
1237639918572187648
1237339858651303936
1237302097160409089
1237370124518199299
##1237478628809674755##
1237226843880730624
1237227719848538112
1237229045630357504
1237360193824010241
1237239291266379776
1237287181850480640
1237421431350349824
1237482761985892352
1237483384609308675
1237331595868213248
1237360439186595841
1237369428301492226
1237373279360385024
1237266582918836224
1237601368765947904
1237698740007436289
1237260650893783040
1237273217636671488
1237279214287675393
1237477967317655553
1237487395504820230
1237492457006419968
1237492942467674116
1237616463369908225
1237385878047244288
1237447660803670019
1237305949016199168
1237341178124808193
1237363129388064769
1237371021633732608
1237809371041718273
1238083334254874625
1237308957473091585
1237254475167019008
1237287111675588608
1237434647728082944
1237294366521245696
1237324180300926976
1237486625367691265
1237232354478796800
1237276805582794757
1237316628565671936
1237398710050586625
1237455123594588160
1237228456334811136
1237228962226544641
1237229577639997442
1237275890721132544
1237265501111402501
1237272468953456640
1237340462152892417
1237516997425893376
1237241685635145730
1237266953292611584
1237288973233512448
1237297611750727680
1237313235981869056
1237336672540463104
1237424858939691009
1237438155504173056
1237466618306928641
1237477357771988993
1237478628809674755
1237485666889498628
1237503231778934784
1237533958398590976
1237544086787125248
1237602834960355334
1237606019112374274
1237698265912676352
1237345668194340870
1237247682290372608
1237266465352540161
1237279476309950466
1237326684623458305
1237407821542670336
1237414560765808641
1237415754963791873
1237416366996697088
1237451636748038144
1237474765365002248
1237475986318467076
1237479091005263873
1237658613784678400
1237705111985688577
1237781406350262272
1237261518221250560
1237420140532125697
1237467398661439489
1237538155235913729
1237286906599276544
1237485780710371331
1237255314011013120
1237266621028327424
1237274589178277890
1237350771622100992
1237427433973919744
1237447727820296193
1237490783323742208
##1237027205491941378##
1237020708351488001
1237167191679787008
1237176335749074945
1237179870637146113
1237180258891292673
1237487358066466818
1237214509338591238
1237187581663682566
1237363829094395905
1237021015793958914
1237021759540428801
1237050177032159234
1237022194011602945
1237026251560357888
1237032037762191361
1237032249226387457
1237033211651338240
1237032365853196288
1237033680402616320
1237037170646548480
1237037486980956160
1237057028180316160
1237037240003559424
1237104462327459840
1237027205491941378
1237028064216875010
1237031899257765888
1237023923717406720
1237035398746046467
1237025165852250113
1237029505576960000
1237062244409782272
1237037675196137472
1237062352480149511
1237109293813501953
1237143801250172928
1237027110457348097
1237020934697082882
1237023031110840321
1237023048588496896
1237023985428246528
1237028400683941888
1237031298394456065
1237036639421112320
1237039300140728326
1237041448773615617
1237051421402574850
1237061928071114753
1237065644237041664
1237088187891224581
1237088501952393228
1237167635642662913
1237169100423643142
1237200625542336518
1237205266053152769
1237211056113700865
1237288219911348225
1237047551133614081
1237062704407490561
1237024106769534977
1237050610295373827
1237063799783534598
1237071481231867905
1237021349987655681
