##1243677573382656001##
1243677573382656001
1243680726110941184
1243928882811752448
1243935823906713600
1243948510296317956
1243935657506082816
1243717711089283073
1243750519111327744
1243753519640961025
1243851008125607937
##1243680710772379648##
1243680710772379648
1243871212834619393
1243871275216502784
1243683013512347661
1243691812704804864
1243742921943388160
1243825860555177984
1243836330376921089
1243848938605678594
1243847972196098048
1243857539621695488
##1243927074311557120##
1243927074311557120
1243932288439726080
