##1242896088375402498##
1242896088375402498
1242897025668128769
##1243635729592352770##
1243635729592352770
1243637991656108032
##1243654376415211535##
1243654376415211535
1243807723910828032
1243813208164634624
1243814947160760322
1243815096306020352
1243671307608350723
1243780852116590597
1243801687271313409
##1243659638819692544##
1243659638819692544
1243661021006434307
1243661697736376324
1243662878839918594
1243664269637554179
1243660820585893895
1243662076008071171
1243661230763577344
1243668141395279872
1243735161407180801
1243774569288052736
1243813990268100608
1243662388957777925
1243662514883354626
1243662777715175425
##1243668248022794240##
1243668248022794240
1243679178412736519
##1243673904863993858##
1243673904863993858
1243674157193351168
1243674442330497025
1243674872510918659
1243675130385088519
1243675401525899265
##1243679441601134593##
1243679441601134593
1243802894249398273
##1243680669026394114##
1243680669026394114
1243846458509582337
##1244038888735354881##
1244038888735354881
1244734086775738369
