##1235354223098974214##
1235354223098974214
1235354747709935618
1235358492099317762
1235359218678591488
1235360527821541376
##1235459178757361669##
1235459178757361669
1235504416418979841
1235505052418269185
1235525200705449985
##1235484032055382016##
1235484032055382016
1235522016616288256
##1234953416813826050##
1234953416813826050
1234955436689895432
1235183542142939136
1235199162804842496
1234963615645601794
1234971711436517378
1234980067509276673
1235065930029252613
1234971927283781632
1234972271321550848
1234972506215215104
1234976023504027648
1234957275002961921
1234953707139346432
1234953918137950210
1234954387312824321
1234953964644335619
1234954247726391297
1234954278395109378
1234955789267279875
1234956920869589001
1234957409778532353
1234986249510776832
1234958701427068934
1234997654834204673
1235629168492195840
1234954270987997186
1234978122132377601
1234978208560189441
1234953899938897922
1234955192606613504
1234963673757646848
1234963758533021698
1235110349172379649
1235135098464464897
1234957272935280646
1234958541334642688
1234960003720732673
1234966748060946434
1234970897947090944
1234976470163812352
1234976661428293632
1234986222717505536
1234992689583550464
1234958255039885312
1234960440070955008
1234958556958482435
1234954581517438986
1234955808489779207
1234957330522963975
1234965318524702721
1234994599703150592
1234995931344302080
1234954007505973251
1234954542938238976
1234954942995189761
1234955188114423809
1234957354225016833
1234964598593331201
##1234576483798192130##
1234576483798192130
1235575747923898369
1234584425624674305
##1234585587652481025##
1234585587652481025
1234588288746479617
1234901854347198465
1234922808993624064
1234933069917892608
1234933939871059968
1234935510457634821
1234935719975641090
1234935887844298752
1234871549104205824
1234923536625655808
1234928919347896321
1234929518210682881
1234603350005551104
1234606891357147136
1234642627246596096
1234645840972730368
1234821165862080512
##1234822047919943683##
1234822047919943683
1234822823669125120
1234823635644354561
1234824227376762880
1234831732811145216
1234836374420905984
1234822826445737985
1234853780556001280
##1234629424768782342##
1234629424768782342
1237464929587859456
1234699375991021569
##1234614651129868294##
1234601317248704514
1234602584809312257
1234945054038544384
1234945568553754624
1234946065914376193
1234601536954695681
1234602395369451525
1234603795985960962
1234605006793428992
1234614651129868294
1234615744572293120
1234919744433774592
1234603770744573959
##1234613251624882181##
1234613251624882181
1235143684636672001
1235185277678874625
1234615531505963009
##1234590899499413505##
1234590899499413505
1234602018225954816
1234602905010868224
1234598626711744512
1234632022523510784
1235266469430284290
##1234584264928374785##
1234584264928374785
1234677018031079426
##1234576648189677573##
1234576648189677573
1234577160800743428
1234600648143966209
##1234547140275429387##
1234547140275429387
1234547443343282177
1234548759683620865
1234553967423762443
##1234802242353582082##
1234802242353582082
1234802692742139905
1234803392045776896
1234803737962651650
1234803813091074048
1234826750485508104
##1234848168447180805##
1234848168447180805
1234849171401846786
1234849902200545281
1234856977873981448
##1234947801693532160##
1234947801693532160
1234948729154699266
1234949333520453634
1234949853400178688
1234953476465184771
##1235576248891576320##
1235576248891576320
1235576650798161925
1235576811477753856
1235576446745292800
1235846518919155712
##1235738044826890245##
1235738044826890245
1236729481907392512
1236931581052424192
1235804833489104897
##1236307421783564293##
1236307421783564293
1236313015559032832
1236367266385723394
1236550786538233856
1236579837550215168
1236369620875034636
1236587696052674560
1236609349197447168
1236601027119497216
1236589032928350208
1236338488901017603
1236366890676695042
1236367152845897731
1236368205779738624
1236368396574474240
1236432251900104704
1236523474673434624
1236307996310896642
1236367976607166465
1236523660741152769
1236523970180112384
1236339320790925312
1236366824666791941
1236343376007647234
1236551152952541184
1236309335166406657
##1237132820646170624##
1237132820646170624
1237132824144154626
##1238434114333814784##
1238434114333814784
1238435313757945856
1238448362787155969
