##1249089365390905346##
1249089365390905346
1249385966885896195
1249572368206499841
1249525687721091072
##1249162594780315650##
1249162594780315650
1249162741551636480
##1251961350407872513##
1251961350407872513
1251961780466786305
1252131191421046784
1252145287872811009
##1249110614795882496##
1249098528682463232
1249110614795882496
1250461875508305921
##1251253909861158914##
1251253909861158914
1251256030350237698
1251261307984240640
1251374389477728257
1251255575310209025
##1249369710027837441##
1249209983763468289
1248988812837093376
1248949555170861060
1248694275476541441
1248650849385136131
1248555051347574784
1248408027624923138
1248314264626040834
1248229969085509632
1248147007220269056
1247945391250780162
1247878373050703872
1247845387962142721
1247627622516998145
1247553739289964544
1247470855879307264
1247272706011168768
1247213906038263810
1247198636662050816
1247112936939827200
1247073836325130242
1246867307059646466
1246856506882101250
1246729258875211776
1246575113430077440
1246498953614458882
1246423243139006464
1246195125530869764
1246121674149412865
1246070714551152640
1245461409024147460
1245417119870857217
1245311545145524228
1245217337906774022
1245108563376291844
1245039288477237256
1244948631964303360
1244710959240839169
1244659221288927233
1244602979283542016
1244336151063822339
1244298246354321410
1244244433601691648
1244124160084893698
1243961963127980032
1243910535424495616
1243629519979917314
1243583796458532864
1243489767712579584
1243459460955283457
1243279651381874699
1243229789525286913
1243155889680453632
1242905334018117633
1242892832228216832
1242794427443183616
1242723753504768000
1242688384591695878
1242559222048489472
1242496596555767808
1242433605420359680
1242371642573152257
1242208898695794689
1242171323549470721
1242136450478546945
1242071245040033792
1242017685724188673
1241851584843300865
1241809718630326273
1241709678876336128
1241670777742729216
1241599428877864960
1241437904699887623
1241353185102528513
1241313438686642177
1241195017789734915
1241133585089867776
1241083502910676994
1241043134135574528
1240927793573171207
1240782281196830721
1240726446861156358
1240687443969368067
1240652713211449348
1240607527395614720
1240564344418680833
1240532128036802560
1240328489955401728
1240284530407346176
1240237262903877634
1240201844875571201
1240137968582615040
1240028648834506752
1239992781474594821
1239936781279285248
1239870937757036544
1239839199467130880
1239784254982193154
1239672696092463105
1239633870464724992
1239605113351737345
1239481284780589056
1239435752066494464
1239272676633587715
1239237083899867136
1239217418846851072
1239196937200578560
1239143606507667457
1239126430371459074
1239091654415601664
1238964685573062658
1238889356145889280
1238872467764060163
1238794708702433282
1238763899119382528
1238750743227703297
1238593265395470337
1238559039845478403
1238526353110183937
1238445091116781568
1238410920700903425
1238280292080799744
1238228614342217729
1238171887479513090
1238147791102382082
1238077971505786888
1238058506340765696
1238022573813911552
1237963147941732352
1237880064982675456
1237845830700126209
1237820053699072003
1237768680592850945
1237706528620195841
1237695098340675584
1237668573490941953
1237658138452557826
1237466161182388229
1237441462448635912
1237397579542999041
1237339043769303040
1237327993032314880
1237256753160556544
1237147451041202176
1237122669457428486
1237069257709703168
1237018624847679495
1236978642875494406
1236938351191654400
1236904172592795649
1236776959809597449
1236750189685334016
1236708910356144133
1236682304640233472
1236642423641702400
1236574450277023750
1236509827666501632
1236375952898301955
1236342618084253697
1236281015783559168
1236239087520165888
1236205833052139521
1236091712889663493
1236012723051388928
1235883887475265536
1235845084119093248
1235704028627169287
1235630506127101952
1235584435652788224
1235538764887441409
1235502481817427968
1235478866174476288
1235440574083338241
1235290281097994240
1235236512914124805
1235181998332948480
1235160489459683329
1235126552553234432
1234947482431430656
1234896546451378176
1234843221408337920
1234784340866928640
1234709045979811842
1234568756078182409
1234540432157265921
1234505138242539520
1234433037850619906
1234378519813271553
1234330239892951040
1234192560513593346
1234137190084628491
1233871423954989057
1233816257192976389
1233765370152001536
1233714532536770560
1233563957929168897
1233491056735477762
1233412090884501504
1233355103266131968
1233303246858588161
1233168316417617921
1233128539383377920
1233034956533829635
1232968542422736896
1232925131950956544
1232802630537228288
1232767145207091200
1232747286360358912
1232703366704267265
1232641038298288131
1232584400346517505
1232532008976494592
1232417489176465408
1232396246477889536
1223554274338201601
1234225131389693952
1234147313096052737
1234029537064816641
1233841762155859969
1233798888353599493
1233732637816184832
1233710887648858114
1233533540857454592
1233452846672162825
1233399689656954880
1233337915830415361
1233299997954912257
1233145141218750476
1233089199617855489
1233029203886583809
1232951137495658496
1232912214924910593
1232797639697162241
1232755836793098242
1232738221190254594
1232686519472795650
1232631979042054145
1232562617627160578
1232430855022211072
1232401267625951232
1232360999447072768
1232342850832142336
1232287837057437699
1232245095547723776
1232199321610833920
1232047633633566721
1232026880619970560
1232000751041425409
1231975296863096832
1231961675210858496
1231903335336333313
1231869905357676549
1231837164540956673
1231701513237680130
1231643889292972032
1231612956397490176
1231579953281540098
1231563746805534722
1231496038072102913
1231349660712947714
1231213598850060292
1231025414937640963
1230967630741278720
1230902992712470534
1230863331075985408
1230811465898188800
1230651372250583040
1230619994502959104
1230425035048919040
1230349001809170440
1230109060936196097
1230032313238597634
1229892092341751809
1229739393285525504
1229679771795296256
1229635061227675650
1229528696945594368
1229352425166901248
1229305067871797248
1229249214082879488
1229043742281261057
1228711754361905159
1228621853448720384
1228611331693129728
1228396812853227521
1228324102034853893
1228283903384965120
1228103944712458240
1227922256900317184
1227838791576170497
1227812083196186624
1227666221828640770
1227599732035538945
1227576082079133697
1227525843053895680
1227490750142640129
1227380992110944259
1227354361950547968
1227230971747061760
1227158993405124608
1227108705415712769
1226998378443235329
1226966122915860481
1226866287042875392
1226806834448736256
1226767418611118080
1226736536512815105
1226619241987821575
1226578574544703488
1226452427181895681
1226435201519300609
1226412557675716608
1226377157280223232
1226269108414578688
1226244026162143232
1226190458256330752
1226137395675963392
1226101616840974337
1225963549366923268
1225948649735311361
1225930907992891392
1225814766335205377
1225715674288467969
1225581181510529025
1225555297462296577
1225425286793170946
1225352963738214400
1225205902669701120
1225028264441384960
1225010441405050880
1224964557082370048
1224934448724086784
1224905373578092544
1224799997742501894
1224717347233112065
1224659951903264768
1224615384302673920
1224584430804701187
1224468303034355712
1224338989873876992
1224085417529610242
1223970944370315265
1223902977406259201
1223832158583885824
1223632260353708032
1223558249737261056
1223559813491236864
1223560733029556231
1223568014936870912
1223568944814088198
1223673309570699268
1223685237630259203
1223705056790315012
1223732165227294720
1223814973022969857
1223815689972133888
1223817496337227776
1223827000273534978
1223829395510636545
1223836493552279552
1223839999742877698
1223853304679149569
1223887282119364610
1223894696579227648
1223896748957016064
1223898852933005312
1223899334233772032
1223900878329012224
1223903949033558016
1223908001028984832
1223910666832089088
1223912434198552576
1223915294025973766
1223919589349842944
1223920727860109313
1223922163851452417
1223943181387157506
1223972151948201985
1223998284538220544
1223998618622930946
1223999386738405376
1224077692213002245
1224078432809758720
1224079869220474881
1224081174693392385
1224082298661896193
1224086189185085444
1224103750987591680
1224105112190226439
1224232334486097928
1224239262553575427
1224260932391575552
1224336321650593792
1224337670668718080
1224338576932003847
1224340113041260550
1224346914587582465
1224400645308010497
1224447070624309248
1224448185566806018
1224449016420634625
1224452160156393472
1224466451765088257
1224467627042537472
1224470074536448002
1224471252024336384
1224541353637548032
1224543339539763200
1224544415630446593
1224548473959260161
1224551663576539138
1224562209667342336
1224564722722398208
1224584913741058048
1224586712896229378
1224588076195942400
1224589342213099520
1224590129207136263
1224601248952999936
1224612461132861453
1224613423708807169
1224614639880810497
1224616593700855809
1224624646697488384
1224626635414167552
1224627414086627328
1224630323935371264
1224631184522608640
1224638246237495300
1224646740952875008
1224648383949950979
1224661032662175745
1224663657403109381
1224669419621822464
1224671787293822977
1224679880681578500
1224692906721792003
1224693674711420928
1224695571388272642
1224696948869017600
1224720465387819009
1224727969173774338
1224741670425591808
1224753389445185543
1224773640056713217
1224792977572319237
1224795320485392387
1224796055889465345
1224797965216362503
1224803247040487427
1224803957178085377
1224805420558098434
1224814944002150400
1224817066714202112
1224819035734495237
1224821464781787138
1224900756731502592
1224901905366818816
1224908632174878721
1224909577113800704
1224911411773657088
1224912218174775296
1224913070377574401
1224914168781922304
1224928463599161350
1224932064132247553
1224932740983853057
1224935498369597440
1224937768960299008
1224940130164789249
1224945703501385730
1224946018741112833
1224948615304679424
1224960109702459392
1224960431661383681
1224960684548591616
1224960750986448896
1224965501358608384
1224969313175601152
1224970538587693057
1224972371389505536
1224978833817985025
1224983444461117441
1224993591757561857
1224996768775131136
1225000008967229441
1225012666432925696
1225015690857517056
1225017250815541249
1225018483513221122
1225022717721751553
1225023993645817856
1225025232240627712
1225025719400640513
1225027492756566017
1225029754899877888
1225040441642450944
1225095965578792960
1225098156712583168
1225115184055844865
1225116465952632835
1225124045793918978
1225139935411351552
1225142002746056705
1225313843162812416
1225314409091944448
1225316495653318656
1225337503827271680
1225338511085182981
1225340961900855296
1225346884279115776
1225348872945504256
1225349678373490690
1225360283406827522
1225363203334590464
1225365337136336896
1225368025639116801
1225384207079350274
1225420626380427264
1225422000627339265
1225422855049011200
1225424269041192960
1225426602579894272
1225478347532251138
1225535847673581575
1225537256691204097
1225550547597615106
1225551404527497219
1225552522569539585
1225553103753240577
1225554396282589190
1225564780846604288
1225565845763633153
1225567413753798657
1225567986922205185
1225568600431497217
1225571079000907777
1225572499754299393
1225576847557173249
1225579427821707264
1225582173333446656
1225583151902314496
1225590145807736834
1225591041035849737
1225592662939570176
1225593612643307522
1225595539196121088
1225598848556523521
1225714840951574529
1225747292348698628
1225748433778151425
1225758393459187713
1225759917631561728
1225764928868540417
1225784679711768577
1225788420682919938
1225790718129520640
1225791978585174016
1225816850237444097
1225822056853446664
1225836350055886849
1225838927157907458
1225842344550944768
1225886587684257792
1225914240369938432
1225915941856346117
1225919447451471885
1225934585940336640
1225939972051656712
1225940789483769856
1225941790567620618
1225943419585007617
1225944792712073216
1225945593630998530
1225946550867832832
1225947966151761920
1225949381674835969
1225950488895672320
1225958155512877058
1225958964434800640
1225961392659947527
1225964066776244224
1226032999579504640
1226034371746058240
1226036070233538561
1226038147282276352
1226039287277400064
1226040251984105472
1226042056939888640
1226043870665957381
1226103369124765696
1226106428865286150
1226108849335218177
1226129480806256640
1226132178477703173
1226133414291656711
1226135027563536384
1226135674295812096
1226136772901527553
1226156340399222784
1226166277250654208
1226169707809603585
1226171388551204864
1226174881844400128
1226175886711455750
1226177133179002881
1226177743483789314
1226189397705601024
1226191693671796737
1226203272576479235
1226206878218227716
1226207866564096008
1226208657433604096
1226212324077383680
1226224430159925248
1226228492473454593
1226230820026945536
1226254616892977153
1226255991668445184
1226257182339063809
1226259158577635329
1226260395389747200
1226264332222242816
1226265530660802560
1226266441512607744
1226267297846878208
1226271456843223043
1226273753451110405
1226275401892270082
1226275947059589128
1226282556766720004
1226370942814838784
1226373256552361984
1226374425978818562
1226375474814881792
1226384437434355712
1226399223148621825
1226399678222229504
1226400673882873856
1226403257985224704
1226404615538823168
1226405196730949632
1226405890003210241
1226408293293264896
1226414016043585536
1226418695578279936
1226419256591618048
1226429258417016832
1226429811536646145
1226430700737441792
1226431643302400000
1226432235282292736
1226434076611051520
1226437217398202369
1226437991905845248
1226438805865058308
1226439455965356038
1226440987809140738
1226442725010149378
1226444130131283968
1226444872137236480
1226449441961529344
1226453874418102272
1226456450744115200
1226459866170118144
1226464204380614656
1226499525352841218
1226509596300324864
1226513172988821504
1226514468022235139
1226515349790691328
1226579422683246592
1226588808440885248
1226598849277571079
1226599925766639619
1226613890156507138
1226614834499903488
1226615910846300164
1226616704261873669
1226618595175751680
1226620471497707520
1226622118537854977
1226624349991505925
1226626253949722625
1226640247632662529
1226640974903943170
1226642372366393345
1226723244302094336
1226733019857330177
1226737695763914752
1226739241465589761
1226742180330516481
1226748066344185856
1226755975060840450
1226759726664503296
1226761256549441536
1226761915558514689
1226766122147512325
1226769560696696832
1226771015826649089
1226772093402066944
1226777871408074753
1226778628236677120
1226779235202879489
1226800925060354048
1226803624271130624
1226806290539778048
1226816682179616768
1226826540123590656
1226849306327633920
1226850843795873792
1226853127862747138
1226855535733084160
1226863312555651072
1226865193038360576
1226865712137953280
1226867618562367488
1226871231036743680
1226872094270656512
1226874576547844096
1226876687293521920
1226901874923667456
1226912084102963200
1226913198391119875
1226928277002104832
1226978417117192192
1226979265293561856
1226980046981779457
1226980374808612866
1226981274675486721
1226982010197094404
1226982371725119494
1226983602925293578
1226991870057820160
1226999490185498627
1227077987138445312
1227085808424882176
1227086750608248843
1227088748640337920
1227089581452992515
1227091895882539009
1227092912644726784
1227107316765544450
1227112938089123840
1227113950849970177
1227116518409981952
1227130044260241409
1227146388301131776
1227148399390183424
1227149761888870400
1227152716704747522
1227155213997551616
1227180724832342017
1227182809783164932
1227183410969563136
1227185545924706305
1227199406857957378
1227200480683679744
1227201042879799296
1227229184054919168
1227230342257545216
1227232418534432769
1227233216827928581
1227234035329589248
1227306619303792641
1227306950641278976
1227307579484839940
1227308286782984192
1227338484769345538
1227343124651020288
1227357936567160835
1227359495933898754
1227361360000016386
1227363011310039041
1227364235770023936
1227364784368181251
1227365740082335744
1227372745383694339
1227373562744516608
1227381648762834949
1227443799737106433
1227457582740230145
1227458327212371969
1227458890838761477
1227460741688692736
1227478450115678208
1227478786830143490
1227482458070953985
1227491518912483330
1227505845497253888
1227506942039314433
1227507640193908738
1227511884280160256
1227521995182608390
1227522808281956352
1227523881927397376
1227524775561572352
1227528412211838981
1227529304864706561
1227535235245584384
1227541310732718082
1227549130005909504
1227549782111072258
1227561566238859264
1227573124155265025
1227573913867235330
1227577640254689280
1227578769344487424
1227580098724888577
1227595654639296513
1227598168096956420
1227600383104704513
1227603002778845184
1227604872448610304
1227612145921253377
1227621919433908225
1227628860268740610
1227636411710496769
1227650405464715264
1227650854234284032
1227667485505335296
1227668908318085120
1227672201320685570
1227687797508714497
1227706345593458689
1227803125278441473
1227804315420647426
1227806580013518851
1227811661114957824
1227813830195019777
1227814344064266240
1227815700624027649
1227818600733577217
1227820575822958593
1227830327219019776
1227834901862473728
1227835417103421440
1227836905112379393
1227839613462622208
1227845862455468033
1227847716748824582
1227853209747775489
1227868170263957504
1227877689220124672
1227883044561879040
1227889559398166528
1227921399517454337
1227956984453980160
1228013513114898434
1228018526063144960
1228030892855250946
1228032554982412288
1228039041246953473
1228095491885424641
1228100698656645120
1228102834366926848
1228105372499660801
1228107020353593344
1228107831783632896
1228109634520649730
1228114615428616193
1228119065765597184
1228257667182923778
1228271803136716800
1228273578698838016
1228284367774126080
1228286567036444673
1228288749425102848
1228291741855440897
1228297304647569408
1228299002447384577
1228300572975157249
1228304331377647618
1228306412536762371
1228334033823830017
1228335513955971072
1228353584783335425
1228371382100267008
1228373008521232384
1228374310974259203
1228380266789572612
1228386237377060865
1228391564306722816
1228423759977119744
1228464472580378629
1228465763574521867
1228471671222341632
1228488073798918144
1228489467314479104
1228489963790053376
1228609786972950529
1228610363798716416
1228612295804248065
1228613035436249090
1228614240845602816
1228615144915263488
1228616446881783810
1228617397139013632
1228618652766830592
1228619205433577472
1228621019256147968
1228622403904905221
1228627426118381568
1228641157145669633
1228642344817299457
1228648687569637376
1228697020736602113
1228698272212144129
1228701244509900800
1228707120683606022
1228712542022905857
1228713575541362689
1228771475307495424
1228772611062161408
1228778083672563712
1228794982758330369
1228818367915708417
1228819017114279937
1229042469783949312
1229046054974377985
1229064721799753728
1229065426069606403
1229088629861027843
1229099743156023296
1229115266442895365
1229169062531534851
1229171109347590145
1229172007176200192
1229250012338622464
1229252035641511936
1229258620329656320
1229259337123684352
1229260133202644999
1229261618527293440
1229264009746055169
1229283041639567360
1229283483513692160
1229305787136270337
1229315207819878400
1229315857463087104
1229317309120090113
1229317999276023809
1229328490350161920
1229338028956618758
1229340211496341504
1229343956183502848
1229368837524590594
1229370543624925184
1229380913496281088
1229405167323357186
1229412251943292931
1229456248581640192
1229459907650424834
1229477411810660352
1229480445286461441
1229529922206674945
1229530955829960705
1229533456805376000
1229535176746848261
1229613637070970880
1229614704114503680
1229616360218660864
1229628460957650950
1229632866461548544
1229698211960545282
1229699567333056512
1229700455518875648
1229639245771558912
1229640503421001729
1229641499073228802
1229644748220182528
1229646229220601856
1229647459942531074
1229657359997394944
1229670176616001536
1229677812900139008
1229693978452381697
1229695551903498240
1229696336855027712
1229697299267424256
1229697945823514625
1229700453258158081
1229702101154045957
1229707581339377665
1229715721917169666
1229745720489582592
1229747860045955072
1229755197498544128
1229767959545044993
1229769333955579907
1229838310446632963
1229839035314601984
1229840340351361027
1229841116570300421
1229893427778768896
1229896896765759488
1229897809148743687
1229900473978806276
1229984900004110336
1229985658174951425
1229986546234863616
1229987173740490752
1230031735280283648
1230035071131881472
1230036134010531840
1230048174213140481
1230051893411549184
1230052753038336000
1230067682545934336
1230078316004155392
1230079559414026241
1230103062225784834
1230115095893696513
1230125024734064641
1230192171661348865
1230193040943386625
1230253654244024322
1230338095641481218
1230339455262875648
1230340711108743171
1230342510964289536
1230365550423035904
1230379675735777280
1230379979122278400
1230406208462446592
1230409441733959680
1230411428936458242
1230414550635360256
1230416954390917120
1230420353006161921
1230472572590006273
1230481661231587329
1230491035178078208
1230556232508825603
1230557562132557824
1230560504373841926
1230564321760923649
1230566099143389188
1230617845685456897
1230627653889273856
1230631308692459522
1230636846788550656
1230645144908713984
1230647881192935424
1230792398135005184
1230793225184665601
1230794115635392513
1230795208515817472
1230795853759238145
1230796658901954560
1230797645712629762
1230798687686795264
1230799471979761665
1230803652820033536
1230813005631361024
1230813689600757761
1230815426961137665
1230823835609505792
1230824076693909504
1230824657315602434
1230825639030247429
1230830375515181056
1230836335918878720
1230863982589882368
1230864742853566469
1230865442526433286
1230866697583833090
1230872992827289600
1230882484470059013
1230890175162613760
1230895908822360064
1230902120574070784
1230919013145993218
1230929312393695233
1230930348088971265
1230935224923705344
1230943388419141632
1230961819453476870
1230964002743898113
1230965721489907715
1230966266116157443
1230978848038309890
1230986389585645569
1230987132233228289
1231004409393446913
1231017006989742080
1231019555700584449
1231022370783191040
1231023124008914944
1231024208194478081
1231045556191014912
1231055714052911105
1231188735175294976
1231190258936680450
1231193355842920448
1231194260906692609
1231194823329243136
1231198682571247617
1231204304960311296
1231214151999086592
1231239059386851328
1231256082678452227
1231300077764907015
1231300376420343809
1231304078124310533
1231306542877696000
1231347113054867457
1231348616457064448
1231350994073718785
1231444534283907073
1231450994564829185
1231451426209042432
1231476108798971904
1231476755669622784
1231478046290595840
1231479151368048641
1231492610218450944
1231518660784787456
1231519052016820231
1231533915938181120
1231555000918302720
1231555194359623680
1231555768299769857
1231557354530971648
1231558117722337281
1231561909201260544
1231564447447207938
1231566076628152321
1231566600026935296
1231568887155773441
1231571414144208898
1231575772567162890
1231576189136965632
1231577131785900033
1231577833736196096
1231580695870480384
1231582039868104705
1231583419257303043
1231584463295041538
1231587665138606087
1231590983558713344
1231607469752885249
1231609339493965824
1231610894767054853
1231614084187131904
1231614607048966151
1231616557886984193
1231618069123956743
1231618632800751618
1231619075736055814
1231620724118433793
1231630918777024513
1231632312070176768
1231665273926770688
1231665706116288513
1231671058379366400
1231683257659510784
1231690275271122946
1231692493609209858
1231694952704462853
1231699373622517761
1231700715070017536
1231797248247373824
1231797727530508289
1231822509009444865
1231826898629615619
1231827930172489728
1231828566721081347
1231832033887952902
1231832713734316035
1231836488532406272
1231838328745603072
1231839331842691073
1231856656201416704
1231857211317587970
1231858069770055683
1231858600081055748
1231859523721351168
1231860115470536704
1231867061711884288
1231870749260091392
1231873658357977088
1231889315871043584
1231890983270436864
1231891288594755585
1231891970857013249
1231892405110132736
1231893218217922561
1231893947439632384
1231909692437340165
1231929116393431040
1231930179154595840
1231930798435184642
1231931614524997634
1231938068887855104
1231939676677734402
1231940124734345217
1231940931512868864
1231962723870814208
1231964250706513921
1231965110656282624
1231965851399729154
1231966917478490112
1231967591318552578
1231969123665616896
1231972948535336961
1231974373562757120
1231988378599555072
1231990422907576329
1231990868988583944
1231992249015242754
1231992782518177798
1231993851646283777
1231995311540838400
1231996067111219200
1231998797930287112
1231999840713924610
1232002914752827393
1232008913589063680
1232013282103480320
1232013823093153798
1232016302283292679
1232017493977370625
1232017954730106880
1232018385233420288
1232021783357919233
1232030897194573825
1232032787571642368
1232034000723681282
1232035222524440577
1232038510519083008
1232039717631381509
1232041306932875265
1232043248186798083
1232044319198130176
1232049664645574660
1232052359913725953
1232059545532297217
1232069256604463104
1232161356788457475
1232167372175429633
1232181466777444352
1232182392913309696
1232196066088509440
1232212372816789504
1232216210768564224
1232216431808389120
1232216930423013376
1232220869679816705
1232221290825748481
1232235087544143872
1232238989664538625
1232244629858377728
1232250329317740545
1232255185730392066
1232256073681244160
1232257540056141824
1232272587662733318
1232275916648255491
1232277395039805446
1232283618334171136
1232285881568026626
1231543345610199040
1232290825738039297
1232296118001819648
1232297638294323214
1232299871044079618
1232335413089570816
1232336927917068290
1232337802093875200
1232338863433101324
1232339946020667392
1232362836246048770
1232366742585978880
1232367356304818176
1232396604050673665
1232397606082564102
1232399415752773634
1232399849393356800
1232400505898446849
1232401834893041672
1232406110495219712
1232416624969428994
1232418749195706368
1232422174247485440
1232423507923021824
1232425056942292992
1232427543162171392
1232432934054842368
1232438470573867008
1232522790638628865
1232523965714911237
1232543510982774784
1232544612671270913
1232554643726708737
1232559259541438465
1232562091170680832
1232563515862536194
1232578775222751232
1232580990897467392
1232600851920883712
1232609990776631297
1232619479634497536
1232623739482886144
1232624873475903488
1232637065998798849
1232637971335122951
1232639803679821824
1232641977742696450
1232677730258489351
1232678304643244032
1232679401613078528
1232682691235065863
1232687880251879425
1232688769909829633
1232702726590672896
1232725973658935296
1232733778113638400
1232734191353290752
1232735028351819776
1232736403286634496
1232739620649144323
1232740883767885831
1232746664714293250
1232749608817827841
1232750957605408776
1232752070693937153
1232754093854203904
1232755044434546688
1232756430651957250
1232762007411134465
1232765628127305729
1232770386678439936
1232770958362017798
1232778450018164736
1232788692374315010
1232794314209660932
1232800496005545991
1232800803632619520
1232801570745651200
1232803649203691522
1232807760108163072
1232808812228366337
1232810187611918339
1232911466417840129
1232912855516708864
1232913886103441408
1232914934058700800
1232929710075715584
1232937928915070977
1232949495270342656
1232950324580712448
1232950487013560321
1232951559593525248
1232952242455666688
1232966854538297345
1232972710625599488
1232981814253441027
1233005218515779590
1233006332703387648
1233026844523454465
1233032545794691079
1233033021084852224
1233033392670871553
1233042010984067074
1233042569304715265
1233043412493963269
1233064860277231616
1233066535914217472
1233089703076933632
1233092217176231938
1233114517888020480
1233129115760439305
1233129688945635330
1233130754386931712
1233132746735747072
1233134360020365328
1233152975524311040
1233157100148318208
1233162798018023425
1233169029080264704
1233296555853131776
1233297136701276160
1233298022420926465
1233298659502108674
1233300599162228743
1233301167851085824
1233302468311834624
1233309513182273536
1233324906143780865
1233328393309052929
1233331341598580737
1233335509306478593
1233338983557537792
1233341080474718209
1233354341018460160
1233361818598375425
1233380433183870978
1233380930225614849
1233382069268623362
1233383095501512704
1233400638853107714
1233403177568833536
1233411732963577860
1233418621055045632
1233418990560718848
1233436542934355970
1233441177648627712
1233447019232006145
1233466990410584065
1233486768575479812
1233490300666023937
1233515931692867584
1233521045279301633
1233527524535218179
1233532160486846466
1233532859782180864
1233555295600816130
1233557286750183427
1233562708689244162
1233570807336591361
1233702815442317312
1233703918254936064
1233706612013006848
1233707498219220994
1233711811758870535
1233713545658994688
1233714244937560064
1233716376470278145
1233718746050637824
1233719792974127107
1233725608363991040
1233729586996948993
1233756893979578368
1233760643976716288
1233763485265334273
1233775233255067648
1233778186292469760
1233779300169637889
1233789494203121664
1233790561171181568
1233802548156473344
1233805861409165313
1233809467021709314
1233818064329854977
1233823130692530176
1233824064743055360
1233831369387671554
1233834713657290752
1233853701938384896
1233866932207718401
1233869927003676675
1233874230510542848
1234021855163490304
1234024051288481792
1234025040024408065
1234025462122323970
1234030568595169281
1234130254744211458
1234130715706560513
1234138392948068355
1234144626245763074
1234145162143641601
1234145617850642432
1234146325656145922
1234170985827459073
1234171942124621825
1234183372819324928
1234200445658238977
1234205742862946304
1234207039653580801
1234218645506732034
1234219407934705669
1234228352388648963
1234236556191444992
1234324984954310656
1234339968438370305
1234341116134207490
1234345641901543425
1234348706977193984
1234349622937735168
1234350119413321728
1234350654220619776
1234351687344758784
1234354022464749568
1234383631004688384
1234397446949801984
1234400198618701824
1234402221317554176
1234405648189788160
1234408373266911232
1234410929531609089
1234430017800679425
1234431378411991041
1234433475408691200
1234439991264186373
1234464263735009280
1234465854043062272
1234478881240997890
1234479277074264064
1234482299099582466
1234503527927631873
1234504303072677890
1234520509330739200
1234521552558923782
1234522926210310147
1234524746890477574
1234539138847793154
1234539483141476352
1234539636653010945
1234539807084249093
1234540113079816193
1234543148308848644
1234545130104926213
1234547104720310279
1234549875708174336
1234552753650831362
1234558045281280000
1234565883151998976
1234566350137327621
1234567098405396483
1234571333570301952
1234572598526214144
1234694365907496965
1234695288444608512
1234695878528655360
1234696371975880704
1234697144629710849
1234699280386007042
1234702182949228545
1234725616718577665
1234732553258635265
1234735094834790400
1234738651294289920
1234740615969153024
1234753804043767814
1234770471331168257
1234778969746165761
1234779583767023617
1234787006267428865
1234790771238240257
1234793544449241088
1234794565640577024
1234807589206142976
1234808398522261506
1234816392026873856
1234824227469045765
1234834047496531969
1234845167192018945
1234845773587722241
1234854437585346561
1234868585975119872
1234872827947503621
1234877317870182400
1234878537133436930
1234888461611675652
1234891722766856192
1234900583783505920
1234905621364912128
1234928770018050049
1234931659117596678
1234932104288403456
1234933623926726656
1234934247812669449
1234942028389154817
1234944841815089154
1234954656205418498
1235049814892490752
1235082420371636229
1235083232988647427
1235089262220955658
1235090821118128130
1235101970270171136
1235102406058246144
1235102783813988353
1235127014631387137
1235127366944460800
1235127725645606912
1235128232585891847
1235130023700508673
1235131167311089665
1235133464493645825
1235144793128390656
1235157425331851265
1235160772352913414
1235162249817358336
1235163694419587072
1235165179765313536
1235166640616148992
1235173227267268608
1235178902538145793
1235181350292017157
1235181664021733376
1235183707926999046
1235189936430690304
1235190979499524098
1235205889449132034
1235207399146999808
1235207763627831296
1235214621872709632
1235218813634916352
1235229216922374144
1235240119478751232
1235248858520850438
1235250962094317569
1235263278630293505
1235265635162238980
1235278564775415810
1235281038513000454
1235282174628311046
1235285972176326657
1235309284440846343
1235311765346488329
1235312493897175042
1235319911217606657
1235331259359997954
1235331933959319558
1235432342627459074
1235435091079442437
1235437526401368064
1235442593133182976
1235444548366671874
1235450442299170816
1235452120645722113
1235453486696980480
1235455501544103937
1235461018756636673
1235465022672908288
1235465992391843840
1235492125543809025
1235495621240467456
1235495805773111296
1235496849710010374
1235497124646830081
1235497438192054273
1235497839842783233
1235498698538434560
1235499857457991680
1235505645459140608
1235506678042374144
1235514085833412608
1235514676018020352
1235517047771103232
1235519392940732416
1235520067674259457
1235527601168367616
1235537421984382978
1235540692438355969
1235541301589917696
1235542579141210112
1235544242698756098
1235546288034394112
1235547130049294337
1235550669282689025
1235552440210030594
1235583769442013184
1235595760462442498
1235598968089767943
1235599731621081088
1235599961380790272
1235603541147803648
1235606868237697024
1235616707269529602
1235620983769190400
1235622076045824001
1235631094227222528
1235631634982068225
1235632105381494785
1235632715069874179
1235658267747115014
1235659268591939586
1235662523103408130
1235690157765885954
1235702780368732160
1235704771908112386
1235706108939026432
1235717922934231040
1235835258001481732
1235836207046602753
1235839168002965507
1235840362209406976
1235841108925485056
1235841643510558720
1235847720658554881
1235847930923253761
1235848853980495872
1235849572838064132
1235850203376181250
1235850841052999680
1235863180082966531
1235878086937317382
1235880457792901121
1235890068935622658
1235892352868331520
1235894611131936768
1235914878516371456
1235934969354215427
1235953445535969280
1235963499521638401
1235977392356839427
1235987141303418882
1236013139415707649
1236014804046880777
1236023921167806469
1236045812905521152
1236046234474942475
1236055127913611265
1236055354703781890
1236064995517124612
1236090628645281792
1236093946553610240
1236098118317494273
1236100387393896449
1236101805504897026
1236102916332797952
1236103594044198912
1236109901308534784
1236111351833145344
1236201256936488960
1236208913936248833
1236213615063162880
1236215595873587200
1236225885927362561
1236230659917729792
1236233374529990657
1236233899296133120
1236236012763955200
1236237421278302208
1236239565414948864
1236255719864897536
1236259350458613761
1236268835554156545
1236273012514664448
1236274919631212546
1236276272571002881
1236276664184836097
1236279650164314112
1236281498589958144
1236299265644941312
1236300730778124289
1236302123211599872
1236328800524414980
1236333991243939842
1236334387156959232
1236335056739860482
1236341340314755072
1236345645713240064
1236347843725664256
1236352671625469957
1236355472774565889
1236357554940325893
1236358696285999110
1236361030504235014
1236362517510848518
1236365088338083841
1236400347146604547
1236401252621312000
1236402302354890753
1236403200162516996
1236406893909811202
1236407637526417409
1236410520728715270
1236498360644907008
1236500248182296577
1236510485413060609
1236515812229500929
1236516270583013376
1236540920528502785
1236541601079533568
1236548513909145601
1236554382738632704
1236565088938725376
1236571850852970496
1236576514965151745
1236581148882542592
1236585106975920128
1236587373225488385
1236588272920539137
1236602731088969728
1236603940105527297
1236620926093070336
1236636563653656578
1236643917870882821
1236651998268862469
1236652845841223681
1236655852788088833
1236674251303813122
1236678748478595073
1236680989935652870
1236681317816860672
1236682024376848384
1236684167812956161
1236691809209929728
1236695633064591361
1236697064979017729
1236697632749359105
1236697982013227008
1236698440069001216
1236699647969820673
1236700820789514240
1236712150309224452
1236715748036395009
1236720671704723456
1236723750961401856
1236735896050962434
1236743897486852096
1236746801094504451
1236747225524510720
1236749564654292993
1236752080129449985
1236754964808110082
1236760933315346435
1236765874398408704
1236766254825963521
1236767882761117698
1236768828912291843
1236769906496016384
1236775587680858113
1236777397942353923
1236779192336998404
1236861642052440065
1236862339573563393
1236871049465257984
1236871562084716544
1236875746062356486
1236883861755367424
1236885399231922176
1236906217374732288
1236911140661329920
1236916448724992000
1236918079352963074
1236923655608774657
1236929612590059520
1236931983068012545
1236933024564027392
1236937553976201216
1236947262909157376
1236960741950963714
1236961640870023168
1236962449204621321
1236963816396795904
1236967311023779840
1236968297825996800
1236970150827634688
1236972332905873408
1236978876447895554
1236980596519456771
1236986226902794245
1236987303698092032
1236988701760159745
1236990283163799552
1236990475971833856
1236993767485452290
1237014787759972355
1237020488263663621
1237027071207051264
1237032349319249921
1237035878377295873
1237043477676011529
1237057324176547840
1237058190459748352
1237066833632600070
1237067892186918912
1237070243375255553
1237075833392676865
1237093735466438659
1237095548785655810
1237097053743910912
1237114836867219456
1237115751108169728
1237117993005563905
1237121449065951232
1237122871627075584
1237123089198170113
1237126718068064263
1237131580793131010
1237132588449443840
1237133162196668419
1237134281761316864
1237138224595775488
1237142254957088770
1237149150556413952
1237234894390136833
1237237193862758400
1237238522966429696
1237239070067220480
1237239899461476352
1237240524182114305
1237243060020535296
1237254573758328832
1237257825509924867
1237271254140358656
1237273696613564416
1237275626933026816
1237281960009043968
1237282516643581952
1237288840777412608
1237289325966036993
1237327386154328067
1237328423082758144
1237329613593948160
1237330438118572032
1237331650792624129
1237332948006952961
1237333355949146112
1237334722272989184
1237336830468591618
1237337933872541698
1237351678275473408
1237353820314841089
1237354504221310976
1237356581563613186
1237360496304631809
1237361809373433858
1237364524879093761
1237374844003639296
1237380031351009280
1237406949781704706
1237413454304157698
1237428412521811970
1237430644789084161
1237431600352239616
1237432670633840641
1237434608393818113
1237435095428014081
1237436867953537032
1237443570774282243
1237446155124051969
1237447160574156801
1237448972718862336
1237452553694130177
1237455345280311297
1237458736219860994
1237460317321527297
1237464816584884226
1237466716843769859
1237479230075740161
1237497650158669824
1237504655292129280
1237507920205676548
1237511851757514752
1237649603966701568
1237656299371970560
1237657275457851394
1237658996099747842
1237659435004243968
1237660047494307841
1237661122842497025
1237665245595828231
1237666376266985475
1237666886357303296
1237667398913753088
1237667859414859776
1237669413563904001
1237675869306486785
1237677338692857857
1237678206259539968
1237686789772587008
1237687365419913217
1237688739012530177
1237693257141956608
1237693676777803777
1237696150930698240
1237697067998380032
1237697617435467777
1237699226123067394
1237700611644239873
1237701465264676867
1237702110617182209
1237704234696671232
1237705123897409539
1237712956663779328
1237733429887864834
1237733962140782593
1237747110906298369
1237749336240467968
1237754612603551744
1237757287063793666
1237766875548876800
1237767261252878336
1237768945706381312
1237774750807732226
1237790130737491969
1237790786739200000
1237791673255628801
1237792724193067008
1237792985452068865
1237793480115716100
1237794852273827840
1237820566914154499
1237821801104891905
1237825777154088961
1237827738972585985
1237831189110628353
1237834017065652224
1237835895467892736
1237837292007546880
1237844507627905026
1237847902631804933
1237850319700160514
1237864031555211266
1237864448682950658
1237865240211214336
1237865720718872577
1237875759240404992
1237877624640286720
1237878074437337091
1237880914098548737
1237882693255233538
1237884612690317317
1237945849608581121
1237947847506624513
1237954103541719044
1237954449043263489
1237955590925758469
1237958231399583746
1237967214554288128
1237968208747008000
1237979293428453376
1237982429173997568
1237983686072635392
1237986150285037568
1238000576174096384
1238012500483989506
1238016171871477760
1238023089021222912
1238025592588697601
1238033287693709312
1238035349911277568
1238039883777703937
1238050586400088066
1238052145515180032
1238052663008337920
1238053194812530689
1238055356653350912
1238056319363493888
1238059101705428992
1238065387608170496
1238070666240409603
1238071033418170369
1238073133418139650
1238073313500463105
1238073521508679681
1238074939141431296
1238075565023903746
1238079100859961344
1238087206620876800
1238101115104833536
1238102447605907458
1238108554420277248
1238109139282399233
1238109385265762305
1238109817857769472
1238147448184414219
1238148278719524868
1238148898084081665
1238151253416448001
1238151651917205504
1238152081137156102
1238153196553605120
1238154715667595265
1238159487854432258
1238171022056206340
1238204329372368905
1238206981430788111
1238207956518416384
1238210409091469315
1238211254776463361
1238215214618882048
1238223966466199552
1238224425100685312
1238227314216968194
1238229342653726725
1238230135041675265
1238237149323034624
1238259048774066178
1238266311479877640
1238269972117364744
1238270899943550977
1238271650958893056
1238274626490372096
1238282376612118528
1238402830664417281
1238403450775506944
1238403948001857536
1238404572122578944
1238407247430123520
1238408164539801600
1238409103602573312
1238410256428027904
1238411850267742208
1238420675951579136
1238422061023932417
1238422478285832193
1238423094110420992
1238430821180231685
1238440637894209537
1238441019005374471
1238441163805396992
1238446724257021954
1238447734086123520
1238448769974382597
1238454778474180608
1238463736802881540
1238501233536704513
1238513044235444224
1238515416231788544
1238516884322111489
1238527585774194688
1238527985885593600
1238528610664951808
1238544774019403778
1238546196735680514
1238548108407078913
1238548982869168135
1238550910705557505
1238556485292036097
1238562249259827201
1238562813502767104
1238564210969391112
1238565353837473793
1238565970966458369
1238575287094456327
1238577359915278336
1238580204043370496
1238580993327538176
1238600390851072000
1238605440428257280
1238607275213848578
1238615165417000966
1238627597082296322
1238652716559273987
1238654075635466241
1238654623294074880
1238656413636976641
1238751839337709568
1238753071452356608
1238753968160980993
1238755502236065793
1238756135903145984
1238756550853959680
1238757720645394437
1238758177426022400
1238759925993611264
1238764350992760832
1238768135567794176
1238768825576886273
1238771335226163201
1238772344887357441
1238775362177380352
1238776132155125767
1238776937394442241
1238794014842912768
1238814080837787648
1238815583627554817
1238816226220167170
1238822310179737608
1238827612522319873
1238836525670039553
1238849428301193220
1238857026916298754
1238861253658980352
1238872661608009730
1238875863900438528
1238878268088094722
1238881024790142976
1238881785871831042
1238882602611814402
1238883526377967617
1238887782912794625
1238889051102552065
1238907069467631620
1238913115733078018
1238937036691816448
1238942850181627904
1238950421131132930
1238955200913846273
1238955846228480007
1238960977426743296
1238963808816816128
1239040236853899264
1239042353320603648
1239043731321499648
1239061144700149762
1239063895307956224
1239064495365992448
1239067985777745920
1239083109305462784
1239088894999588865
1239092591926411266
1239094588423446528
1239095300104556544
1239102137801588737
1239108396281929728
1239109506669428736
1239118454571118592
1239123237553999878
1239124433916305408
1239126977870790656
1239127816337227777
1239128467024773120
1239128788769935362
1239132043683999746
1239137107387518976
1239137595076104194
1239143031728734208
1239143273308008449
1239144024730152960
1239145622193737729
1239147588248580101
1239149090937671681
1239152652036067330
1239156533667287040
1239157984569294850
1239170048952074241
1239171074845270019
1239199821610782722
1239202144156291072
1239205544939970562
1239208085668986882
1239209187533602816
1239209740145655810
1239213040526073856
1239216039872942086
1239216782881239041
1239219819444142081
1239220531217514504
1239221000811810818
1239222516628979714
1239231726779580419
1239232479678083073
1239233855267254273
1239234167914795010
1239235785771057159
1239239346668142595
1239250541911433217
1239250965116706817
1239252188544802816
1239252980211335170
1239261149469839361
1239261647602176005
1239266357906202627
1239267517987766276
1239282882423730182
1239286699223429120
1239298575139553280
1239308797904064512
1239311817895223301
1239312666495246342
1239416866218610690
1239420806117183489
1239425168604266497
1239436423763300355
1239437388159598592
1239438664981262336
1239446901315026945
1239452365868208128
1239458453799788545
1239460227189268481
1239461456963346432
1239476213317619712
1239515105366327296
1239535815883132929
1239541498343014401
1239543520677036032
1239543988920758272
1239544847326986240
1239588593108168708
1239589160580767749
1239589749503000579
1239605810856067073
1239606625884876804
1239614336823410688
1239614932670459906
1239615367191945218
1239615713071022083
1239618061176537089
1239623583019786240
1239625606280679425
1239646804590952448
1239649362948624384
1239654716235268096
1239658123314503688
1239659523163467782
1239660865567313929
1239661536567873536
1239665112044240896
1239672349550694401
1239673377067057154
1239685532587831299
1239685927263404033
1239686573391781890
1239776002261364736
1239776974547103744
1239777836476649473
1239779041193926657
1239783543322161152
1239789718684008449
1239808057204449280
1239819938925367297
1239823044081856512
1239824737041293316
1239825087165063168
1239838033807015937
1239838568979337216
1239839028708610048
1239839883415486465
1239845056825249793
1239848055102373890
1239849174348292100
1239863438555447298
1239863973740249089
1239864765079588866
1239865244161314817
1239870547363868672
1239875437985173504
1239877559074119686
1239882360809762818
1239897647617576960
1239905088589778954
1239905905132679169
1239906620353785857
1239925441345073152
1239929884320968708
1239949200160362497
1239952400913444867
1239958947311673344
1239959676344627200
1239967222891597824
1239981286837583872
1239985705952120834
1239986951341641730
1239990484606607360
1239996278450335744
1239999606890659842
1240000366542032897
1240002012726677504
1240011908561997826
1240020725001576449
1240023068195553282
1240026410850361347
1240026731660148748
1240030901096124418
1240121083195461634
1240121837549428738
1240122455533989891
1240123787078766594
1240124888452665350
1240131984116142081
1240132433565175811
1240137381153513472
1240141417105719296
1240154822290149376
1240160429038604289
1240163701237391361
1240167811265318912
1240178716183060481
1240179346398236672
1240183265383849985
1240194148273094657
1240202272438734848
1240207957662539777
1240209645333078019
1240215417559437313
1240216475098648577
1240226695933722624
1240231028809256961
1240231513821675526
1240234971345936384
1240241711470858242
1240241965956042752
1240271758151897088
1240272131763712002
1240275823241936897
1240279253549268995
1240279904534568962
1240280596137549824
1240281996691111939
1240311626882060289
1240312396729769984
1240313010301865986
1240313925264125954
1240315800533286912
1240316625288601604
1240317331336724482
1240326678947258369
1240327894833954816
1240333449908682753
1240335077688717312
1240335585497223168
1240345399417864194
1240348643363880962
1240774937780068353
1240335552240590849
1240335686596780036
1240373392156622849
1240334502842556416
1240334609998647296
1240334860088156162
1240336377889333248
1240338282082435072
1240338808006225920
1240421502908055557
1240450482226724870
1240316689327292417
1240167196371947522
1240146570965893123
1240130049468137473
1239951598324977666
1239850256860352512
1239662119257280513
1239663517072068614
1239655069605416961
1239458194684084224
1239240886967586816
1239260375725547529
1239203125510180871
1239206023463940096
1239307349480873984
1239162279414960129
1239139057483034625
1239062891686436865
1239002084562759680
1238951995240824839
1238864896944672768
1238816502465187842
1238606039391637510
1238606533417721856
1238559745344262144
1238563056680153088
1238431265432330241
1238432200661569537
1238423179451908096
1238275106805297153
1238274945920180224
1238155100188745729
1238154472112697344
1238075255542947842
1238080739087986689
1238081362634162178
1238082322710376448
1238107572550414342
1237959422808334340
1237883842125418498
1237884123940708353
1237884370339287042
1237850764124381184
1237794470483148800
1237795968914984963
1237796155930574848
1237792676956835840
1237777040339763202
1237688759107358720
1237657535357870080
1237447335011061761
1237369058124861440
1237386355086221312
1238159988121632768
1237379821019283456
1237393594996031495
1237394858488131584
1237412631646031872
1237401852842512384
1237405023065329669
1237406568246915078
1237407518474809344
1237411156882489346
1237383259538874373
1237377889018032130
1237380818579918849
1237381240677949440
1237373331889848322
1237378760002932739
1237400893655482374
1265127715281256451
1237376846100156416
1237383684052770816
1237280499430756352
1237104668414803973
1237015453609885696
1237019161546629121
1236909711703699456
1236871362058293250
1236871881581572096
1236767004570378241
1236659262098718723
1236673716559450113
1236604920557645826
1236411548790394880
1236411721440509953
1236404958087577600
1236353477745479680
1236356163429707784
1236356588392325123
1236277398108344321
1235988535292891136
1235991144502358017
1235894352863531010
1235633261218537475
1235596547724906497
1235598920836931586
1235553337447235584
1235551603400118273
1235546217838522369
1235546720702025730
1235584462043430912
1235527639634513922
1235320287069114370
1235323098464911360
1235325837815185410
1235285291738574849
1235164062633385984
1235179257535623169
1235057277922500609
1234957394012233730
1234927434702651392
1234930293863309318
1234900666696568834
1234868003994558464
1234795569773764608
1234811730573873152
1234524937769099264
1234434822392688640
1234408715740229633
1234409588872663040
1234406158884102144
1234344592251727872
1234243788660453376
1232982280697786374
1232752695968223233
1232605195114369025
1232343614078038016
1232913338893512704
1237443501190778880
1237443690999750656
1238596919410200577
1239219233298485251
1239634655290298368
1239937454955794432
1240036473648418816
1240515095932911616
1240517272747356160
1240518139840008192
1240519246221885440
1240520590164926465
1240522267987148800
1240523813944791040
1240524448798846976
1240526522148102144
1240537272933646338
1240540163488518145
1240541158444589056
1240544720415272960
1240548063577595905
1240556362108743680
1240558163281272834
1240560307954749440
1240562521771331584
1240566442858250240
1240567132154408960
1240567588284968961
1240573759301525504
1240574716227829761
1240586485172183042
1240587767358373888
1240600355827826688
1240604056655192064
1240620948707061760
1240626260826603520
1240633245345230851
1240636042170060802
1240639230285615106
1240640084195643392
1240640643204071425
1240645591874572289
1240647676682809345
1240653871292260358
1240654826855333889
1240659865946722305
1240671180866170880
1240671606931959808
1240676440233914370
1240679854204432386
1240681771466981377
1240686482987208705
1240688660279742464
1240689445185060865
1240692504007045121
1240709359946137601
1240715267807875083
1240715917316816896
1240719917424525315
1240722390235168769
1240724551148933121
1240735312441159681
1240737092604440588
1240737451875995650
1240740543774277637
1240742520683933708
1240746759162388488
1240749561183735809
1240758031308271616
1240758792326963200
1240800070699712513
1240800872529002497
1240805501291683841
1240919934617686016
1240921100630003713
1240922105807437824
1240923067959910403
1240923716109942785
1240924290947657729
1240929914662072321
1240945297846677507
1240946775596453890
1240967259075555328
1240968415474585601
1240991085314355201
1240992919609323522
1240994135613616128
1241041781543895042
1241046526492901378
1241052099238154243
1241056289687470082
1241059513903517701
1241065043967512577
1241074543009173507
1241079460692099072
1241080643993374720
1241082910154817537
1241085010851041286
1241088343762448384
1241089537318715394
1241091498680164355
1241096815300263936
1241100668074700800
1241101046002393090
1241103419403841536
1241120128579842050
1241133779709833217
1241159294550265856
1241182908917919744
1241184612828753920
1241186687520321536
1241188527561486337
1241189943503962112
1241192013871165441
1241193768658796545
1241197736470470656
1241203022857977857
1241298055179239424
1241299205349691392
1241300677990719488
1241306328078876677
1241306812076437504
1241308352833077255
1241311934189879297
1241317694378516481
1241325218666287105
1241325636121231361
1241332018920787968
1241332558480191488
1241343930785988609
1241344406956933120
1241345391137783808
1241350491713519617
1241355717111623689
1241383526857089024
1241395872061145088
1241406647463018496
1241414008890105856
1241424199584972802
1241424816969863168
1241426767090499584
1241427524640477186
1241458669306425345
1241461691516420097
1241470594799079429
1241471198430736390
1241471497987907587
1241574318099832837
1241584899838050306
1241592085783986176
1241598622225117186
1241600526262972417
1241601450016256002
1241603014496002048
1241603917617795072
1241607568679731200
1241610671957200896
1241635650744520705
1241660957476171777
1241670097707708417
1241672084817874944
1241697466493423617
1241697954970337281
1241698598074580994
1241699135880925184
1241699591692734464
1241703584657481728
1241705366901198849
1241705779725549568
1241712186764013568
1241722939944378370
1241750340783034369
1241751313362419719
1241754819498565632
1241757558756556801
1241775317980766208
1241787740661915649
1241807772120948737
1241817136609312771
1241821738679390216
1241822407700209666
1241824711258132480
1241827908748021760
1241829034985734144
1241841005030191106
1241842375108026368
1241851144638476290
1241933158158864386
1241948280323477504
1241949428971384832
1241955243421769728
1241955677490368512
1241957235087085568
1241995534363168771
1241997907022282752
1242004029523349508
1242019811741306880
1242022953149227008
1242025168710635523
1242025614971977728
1242033584233492480
1242044129552588802
1242054529656541184
1242065236573794304
1242067587959345154
1242072375023357953
1242073835895169025
1242076844909887490
1242083965843931141
1242089586664378373
1242089868735496195
1242128007327895554
1242128236450058243
1242129712895397890
1242137464128581633
1242138431364497408
1242139466220867584
1242145443540336640
1242146303280402432
1242147185149595649
1242159019533492231
1242159553757745154
1242162286229413888
1242171695156416513
1242172023398375428
1242172323995713536
1242172670004940806
1242174936145375233
1242203429369511937
1242204061245607940
1242204604387020801
1242204911338762240
1242209717201616903
1242327262575419393
1242328497416265728
1242330381191348225
1242331556431216645
1242332195085312001
1242340496984457216
1242361493041152000
1242367314940624897
1242373229995573253
1242376188489871361
1242376528299728897
1242380018929598464
1242380371469221888
1242382496781799424
1242400504078106624
1242401989197209600
1242404063930658816
1242434551323992066
1242437021815234563
1242444674041856003
1242465690298155017
1242485029722132481
1242486683108405255
1242487504391024641
1242492686235402243
1242493665572016134
1242498418779586560
1242513164950024194
1242515183890726918
1242521136044392448
1242522109986983937
1242522997778460680
1242526177295769603
1242531433601798145
1242556621227724800
1242559809888702467
1242560922595610624
1242561045039898625
1242567817364455424
1242569986784272386
1242575423684464646
1242591669360476160
1242605358767575041
1242680065898491909
1242691216870985728
1242693296687808512
1242705197945827328
1242707358712807426
1242708881110958085
1242709353397989377
1242710245283188736
1242711076170600451
1242721891762278400
1242725469683941376
1242726229112913920
1242748092056772614
1242752075265646593
1242755132800094208
1242767556122984448
1242769374441869312
1242771792210677760
1242777129529610240
1242800186394640386
1242829392386109441
1242845782560169984
1242851294324371466
1242854581664714752
1242858354592137217
1242859976516870144
1242871139770089472
1242872849901195264
1242893992439754752
1242894843514322944
1242899635867394050
1242900530495655940
1242901266252148740
1242902460919930882
1242903315379376128
1242903988166709254
1242904554498392064
1242923659129434117
1242924493925908484
1242929397277102080
1242942295500095488
1243148952960225281
1243150686466048000
1243151909554356224
1243153348246863874
1243154568181100547
1243158426076708864
1243160754234195968
1243161248176488449
1243162513203757056
1243163712040644609
1243173037874319360
1243192655879778309
1243217678740881410
1243227251983953921
1243240450586263554
1243241718515937282
1243242335833645061
1243245443649343489
1243246540870877185
1243251771830611969
1243252547130974209
1243257698533203968
1243278822071504897
1243279995683909632
1243280746560786445
1243284095582560259
1243286002090860545
1243288580044308480
1243291192491679744
1243456861430583297
1243457536390582272
1243458648254361601
1243460963078193152
1243470871395794944
1243471590559547392
1243474296418308096
1243475024734027776
1243475465475698688
1243476055115141120
1243476504643866624
1243477025861574661
1243500294111141889
1243500577943887872
1243518902442885121
1243522837585027074
1243524862104285185
1243527359288029184
1243571836052549632
1243573622968659968
1243580909108019202
1243587285527990274
1243594807714463745
1243597397697138691
1243602314688110592
1243608548275298304
1243609366156193800
1243613581989400577
1243619807343370240
1243624035709259776
1243642930222510081
1243655597817581579
1243844859779330048
1243876939124932609
1243882239148142594
1243886943735296003
1243887741726789632
1243888501403377665
1243889500922789889
1243936216132857857
1243936707524911104
1243937706675261441
1243938432495255553
1243939138971320322
1243940620634411011
1243943806178910208
1243952086338985984
1243959190734979073
1243965474238541826
1243966551361040385
1243970624730681344
1243971120791007232
1243975376000421890
1243989126736744449
1244008808508264449
1244025405767585792
1244037556070735875
1244133302543568896
1244135611495260162
1244136345511002118
1244159452489580547
1244172424167522304
1244188861879726082
1244194343843508224
1244203306668511233
1244225785172578305
1244261312840060935
1244264589975531520
1244265050728210433
1244266213229973504
1244268316757196800
1244268785395273733
1244269542924312576
1244270057959677952
1244296926389993472
1244300867672723459
1244302420466860037
1244303398234664960
1244304105486594049
1244324035292471297
1244327534365466625
1244328462145466375
1244332029371650049
1244335109962108929
1244358950394437633
1244487101179191296
1244487703502209024
1244495703294054400
1244505247927750656
1244507275697545216
1244592155982782464
1244597440176631808
1244599043461976064
1244605505181487107
1244608192342089731
1244609259918295041
1244610641031245825
1244624410948128769
1244624967444111361
1244625803318562816
1244626442010451968
1244643508994084866
1244661010386034689
1244662431072358402
1244663232624762887
1244667706688880644
1244673480857190405
1244676073721409536
1244680844247261184
1244683267338575872
1244701305928593411
1244721776506085384
1244727777837961218
1244732054199324672
1244733767178244097
1244735381301538816
1244742039717232656
1244768127566700544
1244874511004192768
1244928765198766080
1244968846060118016
1245008562083921920
1245022911485878273
1245024575760580610
1245025735120732161
1245035699512004616
1245036517535502342
1245037722869346304
1245038430494564352
1245040943209816064
1245041819966201859
1245043562976329737
1245044500365541378
1245048072054411266
1245055316376662016
1245058724508708874
1245059527948599297
1245061087407624192
1245109351746076672
1245110722583019520
1245114359900180480
1245115804154200073
1245118687411142657
1245119939104714754
1245121172355919872
1245126340292026374
1245213833989365760
1245234557206609921
1245236087070564353
1245278343185993731
1245278488673882112
1245278614750474242
1245280015798935552
1245285108313206784
1245288460627427330
1245311020815519745
1245312015549247488
1245332469592870912
1245349028788940801
1245374656468705287
1245385075568459782
1245385825598259200
1245397666126802945
1245398777172762624
1245401623066742785
1245417632565792771
1245418721885241345
1245420783385677826
1245422624575979521
1245423343173599238
1245434360699985920
1245434814565691392
1245459124038651906
1245460230424727552
1245462368605347842
1245478120326598656
1245480773198712833
1245572425720295427
1245586780012724239
1246050461699977216
1246051529838264320
1246053979072667650
1246062067431415810
1246071751408332805
1246111112111828992
1246113174350372864
1246115098650951681
1246116098350755841
1246116869247062021
1246119031666544646
1246119515370422282
1246120145849856005
1246143526490030080
1246152459048935424
1246153196000751616
1246166167082991616
1246167349075509249
1246171338030620674
1246173195306184706
1246194387236814849
1246194545584414727
1246253653922545664
1246253940473303040
1246257528150855682
1246364640176717824
1246369239033884672
1246374611765395456
1246378263502557184
1246391842595377152
1246413281763430400
1246440113359462401
1246470113064337408
1246473018660081667
1246475240999473153
1246478512648847360
1246495098529087489
1246496061503479810
1246497227339706368
1246498002614845440
1246499995735425024
1246507732406095874
1246508418422247425
1246515017412947976
1246516672640540674
1246517162631725057
1246527427481829376
1246552662864265217
1246555146504548352
1246660721187926018
1246673862777061377
1246676145396948992
1246677895168344066
1246685002479386624
1246692927386062853
1246697364309581825
1246725458219196416
1246726100178407424
1246730445322170371
1246784511926558721
1246798859445157888
1246799334286471168
1246799935921586176
1246816631009009666
1246824995956948992
1246833797431263234
1246834649915146242
1246857151244632071
1246858806879031300
1246860944279392256
1246861784058920960
1246862470360313859
1246863006002221063
1246863521524129792
1246865373930061824
1246866800324882433
1246869558729850882
1246870077955334146
1246875608577118208
1246884495351054336
1246897267270967303
1246902581030465536
1246923174140395523
1247033825684832257
1247071518804316161
1247075590609473536
1247096368570777601
1247106627112710144
1247107044651544576
1247107884305002496
1247108465023205376
1247108928414142466
1247109998422953985
1247112270133501953
1247113379950592002
1247114630868148227
1247130638605520898
1247136414694866944
1247145250281467905
1247162249279451140
1247166796525760515
1247181677136404480
1247197331512004611
1247199378084896770
1247200952454651905
1247205073098285057
1247205727124455424
1247206234920554501
1247207449171505157
1247207975753846784
1247208975994626050
1247209854294544389
1247214488388087808
1247234238589685768
1247236048796749824
1247240236792504320
1247242200884396036
1247243296839213062
1247256085670563848
1247267288627261445
1247270322488950786
1247274211837607937
1247420972824760326
1247422813717311490
1247424186643091457
1247434917518204928
1247462697622478851
1247463305972781056
1247463761256079360
1247467547533938688
1247471506432688128
1247471940698324992
1247472761800404993
1247473286604259329
1247474286480293889
1247505993132630016
1247509793427857409
1247547828014141444
1247548266998308865
1247554502544297984
1247562713804480512
1247564086415589377
1247566012310044674
1247579564668334082
1247580983118966791
1247581575656726528
1247591747422691329
1247623027757584384
1247628755704713217
1247630422797889538
1247636694356164620
1247756269202444290
1247763143641542658
1247783695097802753
1247797597491720198
1247799569494069251
1247836129769992193
1247845969238130688
1247846625680162816
1247847518345592834
1247847970869055493
1247849194481745922
1247850925064105989
1247851337821413376
1247854049095008258
1247872481152643072
1247879044353470464
1247880731591766018
1247913817843150854
1247939179562053632
1247939386009927682
1247942626063589377
1247943121612218368
1247944171249446912
1247944857924055050
1247946325192331268
1247947762135633925
1247955539134382080
1247958612036726784
1248004650223075329
1248010312810254336
1248017309752418306
1248018368923234304
1248116567486935043
1248148560106962944
1248150031485538305
1248195998305968128
1248196700461846528
1248197632205471750
1248198356226183169
1248198767486140416
1248215868611444743
1248216053370499073
1248230327899865088
1248244467141709824
1248245150628773893
1248245652598878208
1248246137422614529
1248305993144025091
1248309775365963778
1248310731386257410
1248312426484948995
1248315006086766594
1248320649568948225
1248323588911960073
1248329188949590023
1248352069637091329
1248352531090153472
1248354768508071941
1248357420767883268
1248404650430042112
1248408895619383296
1248443931379077121
1248550218968301575
1248551103756632067
1248551648542195713
1248552611562881024
1248553476138979330
1248553967929438208
1248554466418319364
1248556898556825607
1248593827180482560
1248594617072791553
1248601445324197889
1248607975930880006
1248608581873627136
1248639234736619521
1248639940654661634
1248641345079705601
1248651427670568961
1248658966776774660
1248663152730017792
1248665416446205953
1248667257443680262
1248676609172934656
1248679072126959626
1248680559607455745
1248692600397316096
1248761368213422082
1248768905407008768
1248902743382806528
1248905868197888000
1248906563156414464
1248907492714786816
1248947968968974337
1248948701990715395
1248949131793571843
1248950183964151809
1248951128051650567
1248954365643313154
1248955345453678596
1248956641686495233
1248958241125601286
1248975563693359105
1248976287424708609
1248986602635919362
1249014309277126658
1249015248775979008
1249031881045180416
1249043772001996801
1249047942658490368
1249072066734837770
1249072563629756419
1249073202468397057
1249110754382364672
1249291141071110145
1249291930695020544
1249292779294949378
1249297048802918400
1249297435299586048
1249350293420195842
1249351157509750787
1249364646999535617
1249365182473781249
1249369710027837441
1249392108395474944
1249395539730448385
1249409601612713985
1249410752148123648
1249626165238784001
1249626651249520640
1249627055353987075
1249627544611106816
1249628471300669447
1249630150125326336
1249634546007576576
1249659690981691393
1249660170692681730
1249676684267327488
1249680114746626048
1249680906421522441
1249697175082319872
1249733087531020289
1249766812897677313
1249767561723510786
1249768078004703233
1249771631523889153
1249772101273292800
1249772524407345153
1249773321622781954
1249773808174669827
1249774504420806658
1249775529487675393
1249776681314811905
1249785918447407104
1249833932981522433
1249934093703356416
1249946284556980224
1249952624247541761
1249954035932844033
1249969892859817984
1249993495617683456
1250005828528214017
1250006490662002688
1250043792952045574
1250044440414236672
1250060865971290116
1250106178572562439
1250106963599470592
1250108424207110146
1250110004360810496
1250112429935255554
1250112995021279234
1250124872610701312
1250144720795447296
1250176689361092613
1250178196861059074
1250178734566580233
1250188634801737728
1250189363302092807
1250293835986395139
1250295778033074176
1250327039128645634
1250350880890609669
1250381266794557440
1250404753508634625
1250441392779714563
1250473152746004487
1250473846697852930
1250474548413300739
1250475638026371072
1250478967984979968
1250480688782102528
1250481351586983951
1250486576926294022
1250488586312482816
1250491766983331844
1250541868993204225
1250543271056535553
1250675783359660032
1250681157332742151
1250681869210959873
1250683910150897664
1250684302934847488
1250688849405247488
1250695906816659456
1250725726329937924
1250766615811108864
1250767226040434689
1250784598021353472
1250828403554562056
1250831006900371460
1250831631503499265
1250832422335381504
1250838056061599744
1250844117279653889
1250846307335516160
1250846929430380544
1250852123048280066
1250899020198772736
1250900554756296704
1250902312769503233
1250933916514627584
1251097904032473088
1251099447616045056
1251100035145699328
1251101032475754496
1251109865298288642
1251111486531002369
1251113079162785792
1251127788909801472
1251128959644971008
1251129907880562688
1251131623795458049
1251147986484133889
1251149243923918848
1251152169836797953
1251154656056586243
1251198766163595266
1251217858740314112
1251225234881097729
1251227135106256899
1251265052981805056
1251268286949593088
1251269821502799872
1251282022347296769
1251285675355373574
1251290100572569602
1251290966041997313
1251296946440019969
1251298538971168776
1251428276498825217
1251430664777412608
1251434330741772289
1251436125455093760
1251444642391998465
1251454240922492930
1251457463192338433
1251484206796025856
1251487406953582595
1251491019289395208
1251498927054114816
1251501279148376064
1251506407339368448
1251508396119011328
1251544293564649472
1251545111160328194
1251545779032002561
1251548637383065600
1251630566237188097
1251650639152787456
1251664618369486858
1251737353519075328
1251739731232243714
1251782902490238984
1251796922303643648
1251797798992961538
1251807962194161666
1251809273656627200
1251849091413430272
1251849556805005312
1251849939426181120
1251850357287915521
1251853707463069696
1251856123482771461
1251941475052597253
1251942803753623552
1251946506023768064
1251950473562804229
1251962788207120384
1252004285229010944
1252006593950072833
1252149907156336640
1252152078904033280
1252159507448373248
1252165973957804034
1252186839588524033
1252217014917177344
1252218152240451584
1252218871630761984
1252219410561064960
1252220349565075458
1252254149602934785
1252255438424494086
1252260392623095808
1252261658212392961
1252306573168381954
1252307103726870528
1252338413379792900
1252350009665703939
1252351786897117187
1252354337763758083
1252464001881116672
1252475818699304960
1252477573831036929
1252500111562870784
1252518442240036865
1252536346889068544
1252575256981704707
1252578707597819906
1252580061028454401
1252582479350902790
1252592016753594368
1252653423994048513
1252654773637185543
1252657919793025025
1252659921046380547
1252665009148133385
1252879697517539330
1252880474084524037
1252886861065797632
1252902048112291840
1252902919273213953
1252903418122960896
1252904525175967744
1252907472395931649
1252941021345955844
1252963048865894400
1252987451330699264
1252988084536446976
1252988728248864768
1252994332593983491
1252995872834703362
1253001225290878977
1253001752342867969
1253003274204184576
1253007468319444992
1253098104355729409
1253199870535651330
1253304784511254534
1253306612003078144
1253307476352675842
1253308427205476352
1253309480927928320
1253310366915997696
1253336991644528640
1253339669070147585
1253417962842648579
1253438272598011905
1253484414174220290
1253486416123834373
1253489985178816512
1253491581446950912
1253513066500816896
1253636837555519488
1253638505152077824
1253639896029421568
1253642888958926848
1253645577277132800
1253648174046162948
1253666308106969088
1253719247689330688
1253728649104285698
1253738900566216706
1253742867845206019
1253745438148214787
1253778421819244544
1253795967792484363
1253844636499685379
1254005994641920001
1254006734169034753
1254040797193949185
1254086196201959424
1254087152775974918
1254088244859469824
1254089261835583488
1254090489588002817
1254110482379739137
1254113282744598539
1254117384337731585
1254121008535085059
1254146277316661249
1254150976824651785
1254173839363366917
1254175214012968960
1254211210838528005
1254332136783589377
1254335930363674624
1254339015978954754
1254342373250867200
1254343226955309057
1254392337662443520
1254423635995103236
1254425013127651330
1254437486786469888
1254463851027988481
1254468755993833476
1254513325309923331
1254514284534603785
1254670811572637696
1254679406565613568
1254688738023813120
1254694048742412288
1254694498967400448
1254720696451768328
1254733911407628294
1254749006636421120
1254754180981538816
1254845273714688005
1254849686080495616
1254852751256776704
1254907065509830656
1254923371525091331
1255046812890730496
1255047936720932865
1255050287410221057
1255098359737614337
1255115974715588610
1255117149808590848
1255117826609774594
1255118403343450114
1255148257174368270
1255210327949684738
1255212222449700865
1255213061759172609
1255243382630371330
1255244017702506496
1255250407141584902
1255253187671527424
1255255100848832512
1255260204695945217
1255260795199504384
1255406674799722496
1255433140778274821
1255434970325307394
1255435618185891840
1255451108207726592
1255451774342791169
1255452545553760257
1255485447863709699
1255491827676954630
1255493038958411780
1255495012822986762
1255498804947759106
1255533579024678913
1255542933832556545
1255544507233382402
1255545540563140615
1255547066333396992
1255556580340371465
1255558088209432577
1255559010050363553
1255560539897544705
1255563123446202368
1255607012299345927
1255614729663455232
1255615514283577345
1255627774058004481
1255656516776058881
1255657759565021185
1255662725310578691
1255664303761436672
1255665731557101568
1255667525968412672
1255769763864870914
1255770531997126656
1255820035119026179
1255845465494564870
1255860603299774465
1255874519987863558
1255909787889471492
1255974311485222914
1255974760774807553
1255989108536676352
1255990726665678848
1255992484406190081
1255993523083661314
1255995289397313538
1256001182050537475
1256208536918425600
1256210509696819200
1256211729815666688
1256214412278497281
1256223697351979017
1256229272055959555
1256261717677543425
1256277940188430338
1256280613348356099
1256283910213861378
1256301981255294977
1256302823295389698
1256304312701108227
1256307174965379073
1256309061521297409
1256309987095261184
1256310683496525827
1256311254458658817
1256312116564201472
1256312741599592453
1256313935390814208
1256314564683026432
1256315776455323650
1256316393844326401
1256317693268946944
1256320960497545216
1256321503009726466
1256321713551273984
1256322550725931008
1256323821088325634
1256330154428608512
1256400129768251399
1256400836164562946
1256401952143020032
1256407047110889472
1256408690053263372
1256588870956834817
1256591153140576258
1256592847261839364
1256598851781345282
1256599258029002752
1256600922119159809
1256618522001772545
1256620312776581121
1256622322854825989
1256623175657492480
1256624039726104582
1256625500803534853
1256652823107973126
1256662760169054209
1256672572680351744
1256678332873224199
1256692089942933504
1256708014595280897
1256712639155232770
1256715538967003139
1256731829530431488
1256735316003733504
1256736956605763585
1256739710652878849
1256867442200100864
1256903679459954689
1256908292317745152
1256908893831249920
1256909354328088576
1256910268795424768
1256910682852909057
1256929829976506368
1256976353506856963
1256978196710514690
1257002262490230786
1257003407908442115
1257004379137335297
1257082500205219841
1257086559590977537
1257092610797289472
1257102175731363840
1257218744478244865
1257280486482817027
1257281234725634048
1257289529297428483
1257289937663205376
1257339052287803392
1257340097017581568
1257343203100983297
1257346184789753861
1257347311480512514
1257352207164411904
1257353985989791751
1257356841832546305
1257361314785132546
1257363550722547714
1257418904294563841
1257420577280872448
1257583532219777024
1257590271770009601
1257626143445995521
1257626846730076162
1257628081197592578
1257636037922304002
1257654471728992256
1257658567513030659
1257679020172419073
1257680036464918529
1257704130073804801
1257706786691440640
1257727452035547136
1257728599001640963
1257729542950719492
1257730731129913344
1257797147547885569
1257797554802167814
1257800187248087040
1257801623457402880
1257807680359542785
1257825824734097408
1257827384260210689
1257829393994571777
1257830760549146625
1257836011083751424
1257843001017143297
1257995376793137153
1257998221458145280
1258005081359822849
1258008059693215745
1258011454768320514
1258015367982657536
1258016522225823745
1258018551664914432
1258069310188158976
1258070852786180097
1258079230287646721
1258083414529454081
1258084092668719113
1258084959790804994
1258087362388725766
1258093305629413376
1258093994963283970
1258104868797140997
1258135864212959238
1258139412396998659
1258141304342679552
1258143138981580800
1258144395704119298
1258146846771253248
1258297843061792768
1258308105349316608
1258314073550315520
1258315202220654597
1258318310934040576
1258340758140133376
1258347711952121856
1258359545711210496
1258400582211121154
1258404343482638336
1258405056002641921
1258405938471604224
1258408849213722625
1258410143357841414
1258430905254916099
1258433483715891201
1258434935733567498
1258437215761424390
1258439824022929414
1258458989710528512
1258459637982154758
1258492170601926657
1258492752427470851
1258761863984304128
1258763105053671426
1258764515451244550
1258784470368497665
1258792311959564290
1258793270764855297
1258793875935821833
1258796749696765953
1258804161950466056
1258808456015945728
1258810111763648512
1258844645888536578
1258851754134904832
1258852952686628866
1258880579757649922
1259110834728587268
1259121094235230208
1259121350016487424
1259122471179034624
1259123177508278273
1259123838111145984
1259124160195964928
1259124879435141120
1259173219615027201
1259188062011228167
1259392203467698176
1259393502208757761
1259394243686260746
1259455116681281536
1259476309035581441
1259484093215113217
1259486065573924865
1259486988668993536
1259489415480717323
1259529574964215814
1259533299439087619
1259534134352977922
1259536210701299715
1259537534280962050
1259538075987968003
1259538710544162817
1259540741040353280
1259542470012080134
1259543229113999360
1259544053970018305
1259545111849054210
1259547737646923782
1259550453865615360
1259553792846110725
1259589162535182336
1259590585830309888
1259605163117068289
1259606079471792129
1259606710668443652
1259653698281758722
1259758892696973313
1259763925953937408
1259775410218455040
1259782730063196160
1259806852403073024
1259810723607318530
1259812315735756801
1259813076033048577
1259829288737615872
1259880151971758080
1259883472505765889
1259883959175000064
1259886895540121600
1259889512794161153
1259890440234508289
1259891139836067846
1259891655320240128
1259893500117647363
1259893957196230663
1259896374306406400
1259910321969430529
1259910840569954304
1259912096504057858
1259966948496019456
1259968428372344835
1259968888021884929
1259969766502137861
1259970607074213895
1259974111570337792
1259975031339319297
1259976832381849602
1259986555415994368
1260146498253344768
1260148723750965248
1260149450837823488
1260155225354260480
1260191942312427521
1260197253463134213
1260199451026690048
1260213352766287872
1260215745096683521
1260217146136764419
1260248949857935360
1260249990280208386
1260251726311030786
1260260176940105728
1260266293179056129
1260271508217311233
1260272810439716865
1260273800857427969
1260352329024516096
1260354584452771851
1260517102290681856
1260850962358513665
1260887362109874178
1260888024746987521
1260907348278771713
1260913428979474433
1260914729415061504
1260915573053153281
1260973801115987969
1260975000863019008
1260976112953417731
1260979381461286913
1260980567295823872
1260980875250020357
1260982573506887682
1260983521734246400
1260992383929462784
1261077472893960193
1261078729419259904
1261079260271345664
1261080659889717249
1261083565011480576
1261087155574751237
1261102874840502278
1261106092534358018
1261109311427817474
1261110677755899913
1261114428159918080
1261116448061128705
1261119166381162497
1261120802965139456
1261122267683205120
1261301827477397504
1261386850410934273
1261387257501511681
1261388739873509382
1261390575766470658
1261393573532053506
1261396682916298752
1261397541624573952
1261398475255635968
1261399292851388417
1261400113626279936
1261400654507061251
1261402006213718016
1261403745189015554
1261405261425594369
1261408010410135553
1261409700526067713
1261410621498818560
1261413299327062016
1261417245781172225
1261418902967459843
1261420185799589890
1261423675330486273
1261426721997422596
1261437614634291201
1261438429750910976
1261450983240065025
1261452178272604160
1261453346680049669
1261481459015208962
1261481815040299008
1261615738080694272
1261616166772056064
1261630884517642241
1261632076874465280
1261633648513728512
1261642286091456512
1261644008188710912
1261662100054835200
1261710613102899200
1261713653113466881
1261714334281093122
1261716836049211392
1261718624701747200
1261725076707311622
1261726581052997632
1261928984918609920
1261930429462036480
1261959771726532608
1261961177573269504
1261970371420569600
1261971430717173762
1261972841139929088
1261973708958314497
1261974799464763393
1261979516349616134
1261980417021919232
1261983257689837569
1262003291652792321
1262145045383262208
1262146225840799744
1262147486447218694
1262148642049228801
1262149177133408256
1262149861782290437
1262152813288833025
1262154141603966977
1262155833883926528
1262158965942759425
1262160199822999557
1262163255948165120
1262169848462835712
1262171064383295490
1262172342542831616
1262173329542307840
1262174293267447810
1262177406334439432
1262180858624180225
1262324383915401222
1262324888544718848
1262349075862691840
1262365708152864769
1262413088336367616
1262413937229922306
1262415907508359171
1262420854652243969
1262421264960020481
1262422193595711488
1262423601552252928
1262426910769983490
1262434804659892224
1262435813612302343
1262450901387788288
1262734164232634368
1262735154012917767
1262736704831500292
1262737444874498051
1262739134386323458
1262759784391966728
1262770586343952386
1262771313527197697
1262794073246703620
1262798089812946944
1262801219384422400
1262814924742557697
1262893831952961538
1262896780443824128
1262930373241122817
1262932303589912576
1262933207768616963
1263105218079715328
1263110444987887617
1263111864352899072
1263113986490368003
1263174832780390406
1263176053197070337
1263176764383277056
1263177564312535049
1263178276522143744
1263249636208279552
1263254613450461184
1263255460502740993
1263258270778654722
1263259172021428224
1263259707843784704
1263262234878316545
1263266774688174080
1263267779333021701
1263268556420120577
1263437695302459393
1263440532522614787
1263442227864449027
1263451929759416320
1263453022652424192
1263531067430113280
1263531886149881863
1263617356867264513
1263619977115992065
1263620387566477312
1263815205517168643
1263845996636835841
1263868551104024578
1263869114440957960
1263870296764878850
1263871743774597122
1263873088959262721
1263873984464125953
1263874451600482311
1263875797569474561
1263876786057883650
1263877498531708931
1263878967330775041
1263879844699521025
1263881106870468608
1263882529741946880
1263883633372389376
1263902738653622286
1263907548614328327
1263912219982651394
1263972693864525825
1263973863165173761
1263974410605780993
1263976148658257921
1263976788386086912
1263977287466332160
1263984185041174538
1263985137915699200
1263985984976424960
1263992264294043649
1263992922057424899
1263995281407979527
1264017630194778112
1264020209326833664
1264208903434391555
1264209834712457219
1264862696803053568
1264864015769112576
1264864829954764802
1264866341334528000
1264867052566859776
1264867829054091267
1264868782901800961
1264917005586575366
1264919730437013509
1264938985916379137
1264992229086695430
1264992760932765697
1264993032392323072
1264994004514615297
1264995103581638661
1265096055546433537
1265264538523500546
1265266464342319112
1265269215919030278
1265270264176300034
1265626235427749893
1265633946940911621
1265639834242166790
1265675810528165896
1266092963576381441
1266093621020934147
1266093822943145985
1266095084442968064
1266121007267536897
1266349439385550854
1266349932040110080
1266720035265019909
1266720484776980480
1266721279178149889
1266722729115385857
1265636926188597249
1265637130690277383
1265637826848325634
1265096388389543936
1264876631862194176
1263912857902743558
1263268702226612227
1262801486372896769
1262424047889104908
1262153315938426880
1262151176835010560
1261438762271207425
1261396394901938176
1261117446548848643
1261104627728158721
1261105771330383876
1260913609846272003
1260353540150657036
1260231471505248258
1259976745245118465
1259889497128554498
1259888090602184704
1258405196121677828
1258160112218357765
1257708003245142026
1257657819173658624
1258062769976422400
1256407426544394241
1256286333036871686
1256281457611472899
1256228769376993282
1255513002851393538
1255269313054937095
1254117744334778369
1253338792196321285
1252998505901195266
1252890415012945920
1252371834688819202
1252373329194840066
1252169682196537344
1251943829118291970
1251864559352262657
1251757033977786370
1251774775959175171
1251652152570908675
1251631945005649920
1251099978686218240
1250720599808319488
1250547406573375488
1250010141254180864
1249999245937082368
1249742584580317184
1249769286840782850
1249777270140649472
1249783823216390151
1249782274813497346
1249683265172234240
1249370833841258497
1249371851773677572
1248958457371336704
1248601637251399680
1247948229846630400
1247949600671043584
1247949824550371329
1247873190954700800
1247854457737613312
1247565681484337155
1247509997472399360
1247282600676294658
1247073981397700613
1246927004793999362
1246740739536687104
1246748040087699456
1246750390894440449
1246678219115372545
1246553256177930242
1246482802390061056
1246492609981353986
1245353572696555521
1245335650506887171
1245361591706583041
1245112709076656131
1245113220286812161
1245115736055562245
1244612309038833667
1244227590379966464
1243966936960118784
1243622934872231936
1243525709286518784
1243460121323360256
1243282461263572992
1243284351246389249
1243282188050857985
1243252441577148421
1242706506287644672
1242592226892566528
1242570653519302658
1242570699191005184
1242528104599506950
1242514414236041216
1242501469749809153
1242492939038797825
1242487842263068673
1242369217992720384
1242218763988107272
1242159569289318400
1242149154207522816
1242139811978399745
1242149764491292674
1242141938079465475
1242142052370059265
1241957961116848130
1241844129224630297
1241776575038853121
1241756447010144259
1241680613834448896
1241671304387923968
1241617388895903744
1241624744165867525
1241462794643542016
1241426619706810368
1241409147335249921
1241301030748532737
1241304482421583874
1241200010932424705
1241228982822957057
1241187497171959808
1241188015579500545
1241136483458785282
1241068049303654401
1241069454353666048
1241066686536724480
1241067219620167680
1241053965552418824
1241070250940141575
1240968062192533506
1240762564608503815
1240758512071786496
1241004393882927104
1240752107994730496
1240764310378471434
1240696831182401538
1240697586991820805
1240680268148748288
1240621061286383617
1240624228006846467
1240625074778132481
1240625939492601858
1240517935715831809
1240330342814359554
1240688607137943554
1240958491382161409
1241684216074690560
1242914894426628099
1243912812696604672
1243914478535745539
1244301608500019201
1246857145989107714
1248315439643602945
##1249836558120779776##
1249835059764441090
1249836355280044034
1249980181512585223
1249984783251378176
1249836558120779776
