##1242937823524802562##
1242937823524802562
1243105713649483781
##1241402645589393408##
1241402645589393408
1241432113381081096
1241440163835842566
1241452394980036608
1241499138988150785
1241439949846712321
1241404256634261506
1241437699833200643
1241437957715877891
1241406591368409089
1241437892695724034
1241467342837743616
1241496719910735876
1241475568190787584
1241496509948080136
1241455935366848513
1241405006311575554
1241408875103952896
1241415827280322560
1241407980807106561
1241409412369170432
1241569830681153538
1241581726138335232
1241632817735520256
1241725532007469056
##1242543980748976132##
1242539855692865541
1242541783101452290
1242540023787991041
1242540043404742659
1242540151731097600
1242540163407937536
1242540455960739841
1242540567189499904
1242540647275429892
1242540707467923462
1242540887135203334
1242541685042708481
1242541745310765057
1242541771630010369
1242541802206498816
1242541994188197888
1242542179001696257
1242543141032509445
1242543169935466500
1242543292539195393
1242543677005869057
1242543712669970434
1242543837190533123
1242543980748976132
1242544919576788992
1242550135843938306
1242553948558577665
1242555101098770436
1242559043962576897
1242559184962551808
1242573616639873025
1242574341549760513
1242789351131623431
1242541141582626819
1242541547289223169
##1230234544088985602##
1230234544088985602
1230234549986217985
1230234557418475520
1230234563298963457
1230234569305141248
1230234575395328001
1230517231445917696
1230393669527777281
##1232054164676431872##
1232054147010052096
1232054150545862656
1232054153431547904
1232054156153651200
1232054159337082880
1232054162285678592
1232054164676431872
##1239689868227366912##
1239689868227366912
1239832814356443138
1239833314372001792
1239986286255058944
1239987058929778688
1239988525531095046
1239988794989912069
1239989507040174080
##1240351283770523648##
1240000118625120257
1240001700875862016
1240003637360963584
1240002771933442049
1240063039082201090
1240217642553806848
1240225011761401856
1240349316927102976
1240006723949256705
1240191760275554304
1240000770868723712
1240001800339689479
1240001566322688010
1240000897113088001
1240190974166433792
1240000802330206209
1240000838690648065
1240033078799667205
1240069929036111878
1240000820122456072
1240001161777893377
1240000435496398850
1240000601997664257
1240000617529163776
1240001030483521539
1240191283806814213
1240033178473115648
1240127483485261825
1240146633716912129
1240161272404082688
1240163518198013952
1240190714979536896
1240191354069815297
1240203380561195008
1240205414404427776
1240001606629941253
1240001872368414720
1240003304077303809
1240008535800512516
1240008808744828928
1240009115801473026
1240014883170791428
1240015255943643137
1240029979221557248
1240030628399271944
1240032851120316418
1240033413874069504
1240042470400032769
1240118902576893953
1240346710515298304
1240351283770523648
1240470616421122048
1240617103725641728
1241869269857689602
1240000477762371584
1240345434171768834
1240354114611052546
1240006316808196098
1240253529807368192
1240034608210731010
1240222053590073344
1240347420430565380
1240079984196190208
1240000679076417538
1240001818408747015
1240003777090007041
1240005354412539904
1240009189163970560
1240010897218768897
1240033459009130496
1240041156785967105
1240080110197387265
1240246174348705792
1240345373115285504
1240345491881308160
1240346050159882241
1240354086568017920
1240507694655496192
1240079446847238147
1240103022828687360
##1241868362461970434##
1241601315974848512
1241604351237468160
1241604997508464640
1241791447298453504
1241794285651087363
1241792284414410752
1241802217272889351
1241868362461970434
1241605683126194177
1241612695297818625
1241608045794398208
1241803801897697281
1241617073954045952
1241617715414081539
1241665785510219776
1241605407631650817
1241816144618696705
1241604670323412992
1241606554220204032
1241608054552002561
1241615353802674176
1241603407783366656
1241601932730478593
1241603309154250752
1241603717335601152
1241604363132559361
1241635746676695042
1241606531101138944
1241613721635622914
1241601646335008778
1241645603232329729
1241604007568834560
1241602232191197184
1241602671032913920
1241606181522735106
1241611775415660546
1241612518222692353
1241637590102683648
1241644178846756864
1241688070027689985
1241817935473250307
1241602246682513408
1241608293853859841
1241612820296409089
1241646064207310848
##1242107558879539202##
1242107558879539202
1242243662156836864
1242244464040726541
1242277764260134914
1242280687799087105
1242109078459031556
1242534710519218178
1242199540721160198
1242124892394475522
##1242117005051867136##
1242115851182112772
1242117005051867136
1242118224436699139
1242118865951297539
1242121340901089286
1242121650549784577
1242127622534021134
1242172937551085571
##1242156317642498049##
1242156317642498049
1242158006265135106
1242190105537925122
1242318770506530816
1242716482552901635
##1242534837396934661##
1242526851609899009
1242527650079481862
1242528602241056769
1242529527273840640
1242534837396934661
##1242592315912474626##
1242592313823694851
1242592315912474626
1242592317997023232
1242592319586607107
1242592321352470529
1242592323575242754
1242592325613862912
1242592327388069888
1242592329032257537
1242592330814808065
1242592332521844742
##1242592317997023232##
1242592313823694851
1242592315912474626
1242592317997023232
1242592319586607107
1242592321352470529
1242592323575242754
1242592325613862912
1242592327388069888
1242592329032257537
1242592330814808065
1242592332521844742
##1242620682678276101##
1242620682678276101
1242714710157467653
1242714587306307589
1242877169182875649
##1243436184010919936##
1243436184010919936
1243771092956786688
1243784897761873922
1243786038608306176
1243790798602240000
1243894325429317632
1243895456159145988
1243904042515992576
1243907527957495810
1243911049499357184
1243450041236426752
1243450855292108800
1243475525131284480
1243464196551049218
1243465637478965249
1243465082660667392
1243472161333002240
1243511007995142145
1243546933882486784
1243644139859738625
1243663459654475777
1243466161955758081
1243441152331743232
1243442553950744578
1243443723083698177
1243472571594571783
1243493349564219394
1243442911636848640
1243464835729416192
1243596552947589120
1243597097875767297
1243597041458126851
1243586099114582017
1243566071711498240
1243560526212476930
1243563974123294720
1243442349868490752
1243444811207770112
1243523266481815560
1243448302261145600
1243682813532164096
1243831058854002688
1243463957093822476
1243466495759450112
1243465307332755456
1243464093215965185
1243465531992178688
1243487042715168772
1243725031848529921
1243480544656134145
1243481460734078976
1243481758269612033
1243469746906923008
1243471684566503424
1243474468917383168
1243475104270516229
1243554969380425728
1243555786783100935
1243556732590272512
1243557762057060358
1243607128763400199
1243608862193856514
1243618218935271424
1243570987054051336
1243477692147806208
1243479785109684224
1243475068824551425
1243578349672370178
1243541364660490240
1243771398188924929
1243501818073751554
1243722902597521409
1243475420374130689
1243475877574463489
1243476418652041219
1243520196893179905
1243521225806184448
1243467446901669888
1243469737566392320
1243451888944779265
1243538614212059136
1243555680084262912
1243557508725293062
1243471823771242496
1243475009932349441
1243821059243159552
1243471505834508289
1243471863289954304
1243472540284133379
1243551661550944258
1243556255718936578
1243553893306466304
1243555954429497345
1243574175958269953
1243576962377023488
1243681096786677760
1243683079190953986
1243469994618499072
1243470108472860673
1243842316303040520
1243843868489023488
1243562239568773127
1243564588593033218
1243565131281453063
1243562966085222407
1243564910581354501
1243565810305642499
1243550326671761408
1243556650281250823
1243560637130772486
1243575499055599623
1243576271990382592
1243577724524015617
1243758280054317058
1243783495664705538
1243468718816051201
1243469069954748419
1243469977920966656
1243447627296931841
1243492968436244488
1243445697128673280
1243453762515144704
1243493570755076097
1243478370689703937
1243480299847237632
1243547218499551232
1243562599058415617
1243562806781382658
1243547330248192001
1243567468360204291
1243662969730465792
1243482670044151808
1243454089675104261
1243454908667498496
1243454255148740608
1243502401702842369
1243504155697823744
1243505698979418119
1243507190662602755
1243507086509707265
1243463972466155520
1243518965638483970
1246049037150715907
1243441819435913221
1243444170343284736
1243477331047591938
1243481269985566721
1243647579121950722
1243648888365559811
1243651375353004033
1243657426798338050
1243659397877968896
1243680935285010432
1243758427500937216
1243454415694106624
1243464793480212482
1243560582562877440
1243518678534164481
1243561914917105664
1243609625339015168
1243504965324279810
1243673867513626624
1243439856111452161
1243440451346149376
1243445097355714561
1243446769956065281
1243440543755010049
1243446652037402625
1243520671143145473
1243440998363078656
1243442198693240832
1243444970041815040
1243450342953693184
1243451976685441024
1243466866653364224
1243477826306813954
1243480973511188481
1243486302768594944
1243492730640138240
1243504874924490752
1243551069311045633
1243555870618914820
1243581629840400390
1243645337547477002
1243437434869886976
1243442522883526656
1243577147555483651
1243578482065629186
1243578725213646848
1243579104026296326
1243579150855700482
1243580579943198720
1243581507601682433
1243582339365474304
1243585071019368450
1243590319930777601
1243445616698589184
1243450338612514816
1243451454284861440
1243457273265078278
1243465225720025090
1243466405065961472
1243468926882926592
1243469780637700101
1243472439029440512
1243475939180400640
1243476564064587777
1243477265310253056
1243477291524665344
1243481986381025280
1243483107682107392
1243488241065562112
1243488379418935296
1243489782963097600
1243489824952274946
1243491148099960832
1243497902732914688
1243500327682347010
1243503080802586624
1243512668050292737
1243517990236303362
1243519133838446593
1243523683127152640
1243524070718812161
1243561057207148545
1243610385976090629
1243618372731928582
1243618571315564550
1243627237028610049
1243634709873262592
1243635793437974528
1243643233558843392
1243659848501297155
1243660333664874496
1243712736456060931
1243723056243265538
1243770809522491392
1243777597294739458
1243782167383195650
1243806394727272454
1243837140905197568
1244107314719870978
1243535767407931393
1243596727103426560
1245261579899277313
1243493029832527872
1243495815118819328
1243466918247501824
1243452455549128704
1243453503810547714
1243463693855346690
1243481981234450432
1243483408656891905
1243484612048928768
1243486424407715840
1243490492815413249
1243496195470708737
1243506215411482624
1243543112594702338
1243577950387220492
1243596128190431234
1243628842092290049
1243645170261819399
1243732926841356288
1243851790736592896
1243881639350059008
1245827103976816640
##1244903945178427394##
1244903945178427394
1245053294709530624
##1245045268355170305##
1244697527292747777
1245045268355170305
##1235269561689296900##
1235268186855141378
1235268770001825800
1235269235212943360
1235269561689296900
1235273456540930048
1236209352681365505
1236401525351743489
1236208994282283008
1236209818488254464
1235352832674607107
1235280775643369472
1235293799531892736
1236208015285661697
1235268545308749824
1235269777834127360
##1237133607187013632##
1237130344404520962
1237131993516670976
1237133607187013632
##1237853131733487618##
1237853131733487618
1237858509544280064
1238035013511393282
1238029910985314304
1238070156821237761
##1238217232293015552##
1238217232293015552
1238217991944372228
1238224439654985728
1238402209190154240
1238217394184650753
1238217668718723073
##1238586298266509313##
1238586298266509313
1238586695072780294
##1238906745122103297##
1238906745122103297
1238909309842608129
1238914626584285187
1238916076135690246
1239021404881850368
##1238971833380212738##
1238971833380212738
1238971855337328640
##1239099892955480065##
1239099883853877248
1239099887653998595
1239099890627731456
1239099892955480065
##1239319731120812034##
1239319731120812034
1239321395471036417
1239322981911928833
1239333200029192192
1239337639943311365
1239343126654877701
1239358774034477056
1239343215708381185
1239361655202615298
1239570611233607684
1239356116045303821
1239358699073871872
1239322982608232448
1239320391371436032
1239323286040981511
1239359170266136578
1239359941334503425
1239363980424097792
1239365079273013251
1239361234929156096
1239362269097705480
1239363211259981824
1239363756867584001
##1245445250035912709##
1245445250035912709
1245611611714281474
##1246890885125734400##
1246890885125734400
1247130955728523264
1247137699963777024
1246892252632428544
1247124956489617409
1247272570476531714
1254197520550502400
1247243235564584965
1247121995118120961
##1247301123012268032##
1247301123012268032
1247302718458298368
1247303191823253504
1247303264388952065
1247305149120417798
1247457981987311616
1247466903871905794
##1247303160856748044##
1247303160856748044
1247309255595753472
1247339900095148034
1247341498770821120
##1247623185475854336##
1247620662446956545
1247623185475854336
1247635964144635913
1247650446619095041
##1248712878020009990##
1248712878020009990
1248767030779678720
1248834476911874048
1248714445473427461
1248715214633062400
1248715862544191489
1248948725113913345
##1250198127128256512##
1250198127128256512
1250210910293176326
##1250719487646720002##
1250719487646720002
1250760796046594049
1250764339734351873
