##1237830573026050048##
1237830573026050048
1237830583113244672
##1236777750725365760##
1236777750725365760
1236778220223107078
1236778523290992640
##1236904466160537601##
1236904466160537601
1236904583131279361
1236904678333599744
##1236950635532169216##
1236950635532169216
1236950900700254208
1236951017905930241
##1236988990693216262##
1236988990693216262
1236989132502634497
1237042132998897666
1236989397519732737
##1237002194488041476##
1237002191543717889
1237002194488041476
##1237052666347433985##
1237052666347433985
1237058476574113792
1237080393586741250
1237088164193460224
1237089627749695488
1237091565660749825
1237211795460415489
1237085169556873218
