##1252725544996818944##
1252671400227278849
1252671776582221826
1252672824138821632
1252722777221738499
1252671541919264769
1252672137082568705
1252725544996818944
1252780857309396992
##1252591223740739587##
1252591223740739587
1252592428365815815
1252592776811884545
1252593020706455553
1252591831465984002
1252592040216539136
1252592260979535873
1252592520191791105
1252650222502715392
1252650729866657792
1252598582261297152
1252615074533060608
1252601477824159750
1252614910397353984
1252593136725037059
1252593425347678208
1252593915062104066
1252592875503845378
1252593094526189574
1252593475943530496
1252603506948812800
1252614853816180737
1252615309292380169
1252811825462165508
1252676397421793281
1252676841959313409
1252609052389117952
1252685233750769664
1252617208645156865
1252626697863811072
1252628527394013187
1252634345266917377
1252637242872541188
1252674542520217600
1252688684652077058
1252704280680845313
1252832917501259776
1254025365242228736
1252718598520479745
