##1245451835244249091##
1245451835244249091
1245452675791142912
1245453859952230404
1245455116146298882
1245457325315493889
1245453700186943488
1245454309510316033
1245455086278643724
1245456056828022784
1248209870010056704
##1246213023196426247##
1246077147187253248
1246101631852253184
1246197459564531713
1246336901751193600
1246367567524003841
1246179076051779586
1246179423805673472
1246180309315530753
1246180917351235586
1246191379384057857
1246337372826079232
1246234813469732866
1246329643063545856
1246341089948246017
1246212773056569344
1246336066275217413
1246377988054306816
1246378688163307520
1246211194064711681
1246336637057073152
1246337113571893249
1246338330004000768
1246088347342319616
1246268444183416832
1246270725226364929
1246276236004876288
1246276605061869569
1246089664110485505
1246139209955631104
1246090310687563776
1246098695235473409
1246339052040859648
1246342039438004230
1246343461713764352
1246345710544412672
1246351474910691329
1246351640275410944
1246096646439608324
1246099272367570953
1246322964502470656
1246330672450600961
1246348812182065153
1246378232754167808
1246379152497938435
1246350043734585344
1246140483400851456
1246140820601913344
1246210842997207041
1246231950853115905
1246329813553610752
1246086493355081728
1246112635428515840
1246171497837793280
1246225389208420353
1246334182814560256
1246329099951505408
1246263547644063747
1246328769582948355
1246348267232911360
1246349098921361408
1246354768383049729
1246360852493742080
1246363032126701568
1246363742201397248
1246191552764010496
1246337101253300225
1246194473006256129
1246337048807604224
1246328494964998145
1246284925705355265
1246333622233284608
1246420922657132544
1246433861413883905
1246212188412563456
1246213023196426247
1246213437660844033
1246213992550465537
1246214041808363523
1246214907546275842
1246335396616843266
1246256381436534788
1246328805003874305
1246329236866117632
1246331264229093376
1246179359641174024
1246180166465921024
1246218238184140800
1246334671459418112
1246339446028611589
1246342114335772672
1246342387993063424
1246342664540368897
1246215271347556352
1246335185374908416
1246334064786882560
1246338764097687554
1246390406234988545
1246113504974843906
1246170378508087296
1246171241163210760
1246281584610873346
1246376598108020737
1246397909601525761
1247994387302318080
1246198369560735745
1246210552554127360
1246328163392802817
1246214394658336771
1246327946094272514
1246219608618565634
1246334444648136704
1246333553719287808
1246238214429474816
1246329198723174400
1246196370169647105
1246319911552548870
1246273665257418754
##1246578561080799233##
1246092686161072129
1246092830931668994
1246093085064540160
1246094111649734660
1246204966949261312
1246344599251169283
1246098648464871424
1246204433953947649
1246093588963958784
1246094798605430788
1246204544066949120
1246207793624952833
1246207979822645252
1246208624785010689
1246209486395707392
1246210659508944897
1246219382818250759
1246234526273003520
1246245497540497408
1246300931349786626
1246359362001608704
1246372948119781376
1246373209982808064
1246402910596075521
1246403817295491074
1246457971078582278
1246522623359623171
1246794196360495105
1247067678927446016
1247128588895367169
1247162552913559554
1246096549530214400
1246113047808262146
1246328096120287234
1246361714293190656
1246437462769053697
1247079917591937026
1246578561080799233
