##1241663565465092096##
1241663565465092096
1241667949150298113
1241676018873663489
##1241141762221015040##
1241141762221015040
1263944793681428481
1241796791311511557
1241174143560822784
1252466984815599625
1243794026173784064
1243843915859595266
1241716030541611009
1242084794445504515
1245314170058407940
1245805541030531073
1260384710888493058
1258537431407620096
1241356672150487040
1260699080533123079
1265734517366632448
1242187417026789376
1250472918175408130
1250897940786434048
1260924169786724353
1252466536599695360
1241171771505639429
1241436488782487554
1241789618674155520
1242221841739112454
1242923438429388800
1244010747404976128
1244766138002784258
1244766524449185798
1246459096322183168
1246508069074460672
1248943412478455808
1249135043609583616
1250741538281394177
1256487813626896385
1241392339727323136
1241304683861475329
1242220464451313669
1242576386390405120
1244331174023102464
1244331377023123456
1244414668476755968
1244730988221140997
1246442650363932674
1246881330824183809
1247964351304273921
1248213616035270657
1251402545903386626
1254904714593996816
1255236633043091465
1261004452552736771
1265085219658444800
1265734979130179586
1265735041822449666
1265735105856901127
1266144865886384136
1266376856485326850
##1237084480323682304##
1237076548332728327
1237076690922283014
1237076751357968386
1237084429161500673
1237084480323682304
1237084546417516544
1237084639170383872
##1237084859211960321##
1237084695642419200
1237084859211960321
1237085165748453377
##1237085161440845825##
1237078555474964481
1237078557949669377
1237078560097132544
1237085131728457729
1237085161440845825
1237085174946545664
1237085179526762500
##1237087637422452742##
1237087617700769792
1237087637422452742
1237087642292019202
1237087647060963330
##1237101821400961024##
1237101795421433857
1237101808679608320
1237101810684485638
1237101812563542017
1237101815042359298
1237101817001119760
1237101819530264576
1237101821400961024
1237101823900647429
1237101825884590081
##1237111752036364288##
1237076075039129603
1237076151597764609
1237076287786803207
1237111673040908288
1237111752036364288
1237111826321756161
1237111916998406154
##1237137171007627264##
1237077984655421448
1237076171084480512
1237076269340254208
1237076586639360001
1237076735918780416
1237076838150737920
1237076933978046464
1237077120842637313
1237077430583640065
1237077912408522753
1237078068503752708
1237078133557334016
1237136490494414848
1237136587902894080
1237136673512751104
1237136783017684992
1237136859538415616
1237136929445105664
1237136998076420099
1237137171007627264
1237137230717739008
1237137289693868032
1237137499484565506
##1248621917621219330##
1248621917621219330
1248637233193779201
1248655484699193356
1248656931314679810
1248658061113294848
1248656944413528067
1248810667940986881
1248665672353120256
1248666309384118274
1248658262146396161
1248659494281887745
1248658303170863111
1248656603349467137
1248680711000928257
1248838521193988098
1248622966604091392
1248631036864536578
1248626404477952004
1248630054629847040
1248693450633031686
1248624099305242626
1248623924658634756
1248622151189450756
1248622140636594177
1248622332043653121
1248623223291252739
1248623534135361536
1248623744324530180
1248624176606220293
1248624480777154561
1248716483309469696
1248632360977006592
1248736893665251333
1248622907070152704
1248624876631384067
1248622508607037445
1248622826682109954
1248623357873930251
1248624475970535429
1248627511052963840
1248636652102221826
1248658172681871362
##1250044886121881600##
1250044886121881600
1250068939205476354
1250108522202791938
##1238387718440304640##
1238387547539214342
1238387718440304640
##1232113821159952384##
1232112452499918853
1232112670008102913
1232112829261647872
1232112932147924994
1232113295450046464
1232113397199777792
1232113485741469697
1232113713899036672
1232113821159952384
1232114000755904514
1232124675754528769
1232125335828865024
1232125901124624386
1232126688756224000
1232126221430947840
1232309354579320833
1232310446939443201
1232310754734247937
1232311631927021568
1232311948278214656
##1233775692296458240##
1233774897840762881
1233775692296458240
##1246497905315381250##
1246497905315381250
1246549615400357888
##1249396404948209664##
1249394510720897024
1249396404948209664
##1244217739545280513##
1244217739545280513
1244221275222007808
1244232846551719936
##1242837570410762242##
1242593310155440133
1242648853075177472
1242594145023164419
1242601498032386048
1242649069278957569
1242796885263486978
1242774697521143808
1242837570410762242
1242599438842986498
1242600751244902400
1242597572319088642
1242598328434655237
1242734516571078656
1242756908785840129
1242801065122299907
1242804580557168640
1242816877593858048
1242822691117285376
1242689091151503361
1242694165793837056
1242696260882026497
1242697606565974016
1242598945445965824
1242600810149748742
1242742174053171200
##1247979645531754499##
1247978725410590721
1247979645531754499
1247981673293234176
1248573540183441408
##1250043430220300289##
1248232348388339716
1233456067545313281
1233457208752513026
1233458650796216320
1241081147859353600
1247871306881736704
1248593028790521857
1248595714902577152
1248954280201072647
1248954774948642817
1248955082177216515
1249316284359159808
1249317409527341056
1249701544204910593
1250042810134417408
1250043430220300289
1250047531335245824
1250765989647732740
1250775298163060736
1250776518764216320
1251159945048780803
1251161217722269696
1251526729606279185
1251527530710011911
1251854070802984960
1251854243423797249
1252208901401034752
1252218691615424512
1252218979076227073
1252583331767685120
1252584177335185408
1253075427779915777
1253307804028407808
1253696387247734785
1254053515317653504
1255116201170214913
1255842348346589185
1255843364009906176
1256568475054637056
1256568849706684416
1256578442398744576
1256956623320473600
1257291135430639617
1259106160264851456
1259467373330919424
1260191240299175936
1261280045563248645
1261645974285553666
1262371541876183041
1264182227979640837
1265681423475884035
1265685224719089665
1245339132265746433
1245693444586123266
1245694541065224193
1245699732825128961
1246057995173314562
1243159305974624258
1243170587486412806
1243518270621302788
1243522780878065665
1243881371795369984
1243882646792437766
1244264737187278849
1244968308832522240
1244969321132101632
1244972156993273858
1241706351786700806
1241707716390903808
1247515699846811648
1247526101871554561
1242077955456720898
1242078684158328836
1242793891738390528
1242795512820043776
1247147009603182592
1242437700302635008
1244605689126965252
1246417151646486528
1246781451355467778
##1244903945178427394##
1244903945178427394
1245053294709530624
##1248627928977436672##
1248627928977436672
1248627931540152324
##1250098978139627530##
1250098978139627530
1250099897119932417
1250136037629800455
1250099073966845953
1250102688878080000
1250103774636630022
1250118188416806912
1250122630168002562
1250110335530475526
1250122779233595395
1250116935586586627
1250099826290831362
##1250695156900208640##
1250695156900208640
1250695304984305665
1250698019349180416
1250698412506447872
##1230594110110785538##
1230594091332886532
1230594093564284928
1230594095099392000
1230594096768671745
1230594099067183108
1230594101185273856
1230594102904983553
1230594106537189377
1230594108357476353
1230594110110785538
1230595723420413952
1230598051347169280
1230600588364328960
1230604574534328327
1230605374794981406
1230873677580861441
1230896449409384448
1230902036629200896
1230990932973096960
1233698550611136512
1237431647018065921
1237663258967932929
1237799880174768134
1237808014876344327
1237837664834981888
1238403745622491136
1238403993694605313
1238404099546271746
1238788656464306176
1238885219895304193
1238887193940295681
1239108081990225921
1239170395015712769
1239277522296147974
1239539208009678848
1239635484839751691
1240621688464736256
1240621973773979653
1240623325648498689
1240634232235536384
1240744106424520715
1240971349859975168
1241089090453463041
1241094934603665409
1241096233676148743
1241317418712121344
1241364602044190722
1241808827227475969
1241811049541709825
1241812802685239297
1241814568063696903
1241815178645209090
1241815844889468929
1241904098854780929
##1240662135438540802##
1240662135438540802
1240662748603744260
1240671388916166661
##1247269863304892416##
1247269863304892416
1247269946930987014
1247269973367705608
##1231093595790336000##
1231093582007853056
1231093585011003392
1231093586973921281
1231093588748099586
1231093591415644160
1231093593693138944
1231093595790336000
1231093597828763648
1231094457203908608
1231098245583196160
1231129624710729728
1231218861090967552
##1233771376881930241##
1233771376881930241
1233775499245162502
##1240999206204182528##
1240999206204182528
1241000600772501504
1241001845105012736
##1241504910065180673##
1241244948302831616
1241504910065180673
1241400460130553856
1241453836545425410
1241272138553872386
##1245855867389374469##
1245855867389374469
1245856331606544384
##1255268380090806272##
1255262777486331904
1255268820979200000
1255263329523765248
1255263449229246465
1255263449682268161
1255263512714252289
1255263864004005893
1255263900397907968
1255265035175317506
1255265150409543680
1255265715076108289
1255266276362129408
1255266850256162817
1255268214478692353
1255272348070162433
1255274210668224513
1255275138519576578
1255290661617754113
1255335310029983744
1255397620949884928
1255414942251069440
1255442420394872833
1255464907866288128
1255507097032196101
1255605765789962242
1255606994653851648
1255641268698349570
1255662454312521729
1255275587385593857
1255377663201599488
1255264554449358852
1255268380090806272
1255606765162573829
##1233042432805175296##
1233039759855030273
1233039903933575168
1233040011374792704
1233040169730748419
1233040474065252354
1233040567715684354
1233040661361942529
1233040748691566605
1233040834288852992
1233040927729573890
1233041009677918208
1233041087616487424
1233041159884353536
1233041239353831427
1233041352209858564
1233041439774400512
1233041518727966720
1233041604686028804
1233041696591663104
1233041759434874880
1233041876342755330
1233041950791655427
1233042034962903049
1233042106349969410
1233042175438606336
1233042251611299840
1233042313057796097
1233042369802645504
1233042432805175296
1233042495682076672
1233042581115854848
1233042670265696259
1233042730982498304
1233042763412856834
##1233042495682076672##
1233039759855030273
1233039903933575168
1233040011374792704
1233040169730748419
1233040474065252354
1233040567715684354
1233040661361942529
1233040748691566605
1233040834288852992
1233040927729573890
1233041009677918208
1233041087616487424
1233041159884353536
1233041239353831427
1233041352209858564
1233041439774400512
1233041518727966720
1233041604686028804
1233041696591663104
1233041759434874880
1233041876342755330
1233041950791655427
1233042034962903049
1233042106349969410
1233042175438606336
1233042251611299840
1233042313057796097
1233042369802645504
1233042432805175296
1233042495682076672
1233042581115854848
1233042670265696259
1233042730982498304
1233042763412856834
##1238553535601655809##
1238553512868548608
1238549229741715458
1238548646955749379
1238549006680285185
1238549133499289602
1238549341129842693
1238553487623028737
1238553489762144257
1238553492459003906
1238553494333861888
1238553496657571841
1238553499031539712
1238553507747241984
1238553509940920321
1238553515011780609
1238553517645758464
1238553519914987522
1238553522708385795
1238553524910374912
1238553526843908096
1238553528727109634
1238553530925035521
1238553533164728325
1238553535601655809
1238553537568702466
1238696716448251905
##1245633166011817992##
1245633166011817992
1245634514170155010
##1242205264671113223##
1242205264671113223
1242207747854290944
1242215374642388993
1242215579487961094
1242215757745983497
1242208087714476033
##1249831808486817797##
1249831808486817797
1249832106244608000
1249832229678784523
