##1223678308065468417##
1223678308065468417
1223679182959468545
1223679513382572032
1223740599200813056
1223726990664048642
1223714067904368640
1223726030734725121
##1223682878518779905##
1223682878518779905
1223731606298427393
1224032689109508096
1224039420271243264
1224039808403746816
##1223688918664695808##
1223688918664695808
1223714601830952960
1223715353236103168
##1223706758729936897##
1223706758729936897
1223808963742961664
1223808880049827841
##1223726528061636610##
1223726528061636610
1223735493613039616
1223746838072786944
1223959938709499904
1223866999559860225
##1224415473883893766##
1224415473883893766
1224415615378694144
##1224322902457298946##
1224322902457298946
1224356169055121408
1224346248448237568
1224348848434360320
1228837917914812417
1228958352845221888
1228964924107509761
##1223348094407974914##
1223348094407974914
1223350932810928128
1223348835793145858
1223350836144766977
1223360246372098049
1223359939273527300
1223350969083355136
1223351492595331072
1223352226846068736
1223360810333941763
1223361950446444545
1223365130081243140
1223603893847973889
1223606075628359680
1223356767842816000
1223358608316010497
1223359119719047175
1223502129664548865
1223394287817195521
1223958573056774145
1223348945172291584
1223350789739110401
1223496279679959041
1223511557730111488
1223561243270627328
1223513217110020097
1223378487634993158
1223471516391739394
1223411170486386688
1223557597724401664
1223374587066494977
1223422398785114112
1223719524903591937
1223545117463760896
1223627139490160641
1223724751111294983
1223391849773223942
##1223828229619953666##
1223828229619953666
1223837648688746499
1223838317411815424
1223839068737429510
1223839488604024833
1223838990337499136
1223896789226524674
1223909798833479687
1223850141418840064
1223851607730814976
1223836669431943170
1223977966453108736
1224145241822941185
1223843480281190400
1223852495803494400
1223893147811569664
1224064579103285251
1223996738534625280
##1223948263386165248##
1223948263386165248
1223951634474192896
##1224062647496253442##
1224062647496253442
1224095293790130177
1224073933693034497
1224183167990616064
1224595486591594496
1224071016500154368
1224202546341994496
1224214189885075457
1224234013788975106
1224896302485471233
1224069776521211904
1224193855479861249
1224100787959271424
1225105856997609473
1225879171534139393
##1224098807757070336##
1224098807757070336
1224372597682556935
##1224434588497272832##
1224362519399145472
1224434588497272832
