##1238970889162686464##
1238970889162686464
1238995912774516736
1239153108145618945
##1238974000715517955##
1238624641847099392
1238528836695928832
1238417332021706752
1238233901329506309
1238179197224390666
1238105280031883265
1238079059399237633
1238052494556696578
1237875644681289728
1237833548574441474
1237751055468965888
1237708699898167297
1237482171281149954
1237444586634698754
1237389765655199744
1237155849400987648
1237111518283599873
1237016709539811333
1236621894268436480
1233716956680871937
1233718423710027776
1233783554909392896
1234886913020112896
1235278635852013572
1235355268252303360
1236636485429932032
1236645131006197761
1236697808406790145
1236708303394222080
1236750537200197632
1236801556445528065
1236939152123400192
1236969684769144832
1236985470233513984
1237064683112235009
1237066471769079810
1237080541406679040
1237083182756921344
1237088056785715200
1237099873532612608
1237101572359946243
1237109319222677504
1237110665585790976
1237117860935237639
1237118693936676866
1237120186391674885
1237124145135132673
1237125765612912642
1237128258715635713
1237147672051662849
1237148201414807559
1237148938660167681
1237157561654104064
1237160170561683456
1237320893711421440
1237353733970935814
1237354020639059969
1237354847978086401
1237363277933535232
1237364367332642816
1237365119392325632
1237392329306038274
1237393583218364416
1237396861180211201
1237405935645188102
1237413483127410688
1237422768519630850
1237425320392826882
1237427828246876166
1237440479496671232
1237458120462536705
1237458771783356417
1237459973157904384
1237460695643574272
1237462483062980608
1237463869796356097
1237467665201090565
1237468567303569408
1237469058284609539
1237468410922930181
1237468831783796743
1237469073665069056
1237469303609462789
1237465224212553729
1237465910207827970
1237476497847390210
1237479222576381952
1237510757811716098
1237511575663149057
1237513506326319107
1237517308618321920
1237518075592716288
1237548889479057408
1237669564336373760
1237701619573194759
1237707393083023360
1237713857835159553
1237714915575640065
1237715818340921344
1237717936359575552
1237718723076722689
1237723159534632960
1237725291000315905
1237738517305929729
1237749965897809921
1237760932882919425
1237761896633315328
1237772807460859906
1237774915920629760
1237778882016747520
1237788411878137857
1237810534453587979
1237811186168672256
1237820809508519936
1237833874119495681
1237834452472156165
1237836616841994241
1237837281802756097
1237843380849086468
1237845467276259330
1237862135541059584
1237864578865745920
1237867312079720448
1237876550139138051
1237877430829740033
1237881223264911363
1237896071038320640
1238015783650897920
1238028016401383430
1238043075810861056
1238049328142462976
1238050576472182785
1238054385906835456
1238056073149452290
1238056704836861952
1238057951744724993
1238058303101550593
1238059572302135296
1238065883454586886
1238067023348936704
1238073684000210948
1238079560937287681
1238080159195987969
1238081618511908865
1238085476503957504
1238086093515436032
1238091448689491969
1238092775444213760
1238095912930627584
1238097582473314304
1238105806366806023
1238107040951816199
1238108225473515521
1238110379080892416
1238112320464859144
1238133722848931842
1238141118736478211
1238168035472613376
1238171508524175361
1238193394045894662
1238196579389095943
1238200474001707011
1238217871752388608
1238219165187571712
1238219898536460289
1238229621809786884
1238230253040029698
1238232761913298945
1238237995762884610
1238238845545701376
1238246848642629632
1238399014200061954
1238399376059498498
1238400453823651842
1238407179838898176
1238408255166189570
1238416243830534144
1238418012207800321
1238427769559822336
1238429474439475200
1238471161136271360
1238476980322000896
1238487703026532352
1238490308733808640
1238506205926117376
1238511272838258691
1238545916602220545
1238546144181071874
1238548215017897990
1238553017689034752
1238565792784035840
1238567945724473345
1238574760986062848
1238581400799977472
1238607339793547264
1238755384028024833
1238757014416875523
1238757733396107264
1238781869174464517
1238789921084780546
1238798053840224256
1238801138369081345
1238837970318360576
1238961865746796545
1238974000715517955
1238985108230680576
1239113134985695232
1239122107184922626
1239140527129403392
1239147922060644352
1239177701568765953
1239182962358472704
1239208943492136960
1239238645061746691
1239245127937294337
1239289631700549632
1239317760649330689
1239321595702923265
1239556531479248897
1239597319747706880
1239654456234512384
1239657380364922880
1239659207655395328
1239665817190641665
1239891284791382016
1239892300286832640
1239895773992673281
1239899307207254017
1239899576569663494
1239902977177128964
1239903547908591624
1239912729357492226
1239939356367949826
1239969453619572737
1239970250080153605
1239971529124765701
1239972246732410886
1239985708137316353
1239988883569422336
1239996287442976770
1240019723397586944
1240346445871538176
1240355667250221057
1240631985032310786
1240727354923679753
1240727524247830529
1241427718354472970
1241448783168172032
1241465680114913282
1241467205675618305
1241494446488911873
1242047242074230784
1242080228744331266
1242093747980173312
1242132168173813764
1242147174114308098
1242414005890793472
1242522894221094916
1243155523312238592
1243171401139355650
1243301546324041731
1243495009380433920
1243534603681480707
1243535262929559553
1243887989505363969
1243975295650140162
1245337570969628673
1245375521053126657
1245838238146756609
1246139965106458624
1247107484663328773
1247166268701982721
1247502202844975105
1247532343453089794
1247535999434948612
1247644268728066048
1247930385796825088
1247942381766430721
1248381351851487233
1248551225278312448
1248724606166487041
1248556575666683904
1247523097684500482
1247166942877634562
1245840949579825154
1245841624665489410
1245841968447598597
1245842123586449410
1243535685371531264
1243311634174693378
1243303126817484801
1243399793730154498
1243406800872804352
1243407165257158659
1243304455916978176
1243496847735488512
1243157066929373184
1242080609838731265
1241465906640887808
1241466511983853568
1241471858316398592
1239997552696659977
1239997697219874819
1239998137047056384
1239995232323854337
1240095956718227461
1240002385315012608
1239986273835720704
1239986797960138753
1239987127842148352
1239970660786434050
1239913798846332928
1239914598016434177
1239914854208675840
1239915471593447425
1239901064629047305
1239655208713625600
1239655422371475457
1239655215642656770
1239322589308358657
1239339881710718976
1239521736632291328
1239523186619883521
1239113764370251777
1239007482288234496
1238974180676288512
1238974514442223619
1238975149061349376
1238978662772494342
1238807456786120704
1239301004002234374
1238800821120270338
1238515592065417216
1238477679155961856
1238478844962787331
1238421013500694531
1238239729377738752
1238240002615717888
1238240419265347593
1238250252609650688
1238239840984072199
1238249847041507328
1238251775087476749
1238414167704506368
1238231185312137217
1238204781929340930
1238205068769480705
1238205541039685634
1238114264042397700
1238098129246924801
1238091709344595968
1238086393907294210
1238028838917021702
1238016999529132034
1238017849333080064
1237881801764302848
1237883779877752832
1237883330558746625
1237888128628621322
1237889585725820928
1237899598573629441
1237967860179369990
1237881761289273347
1237867503734255616
1237881785758789634
1237864741088837637
1237896418032939010
1237863324588503040
1237877700104159232
1237862934593687552
1237847028157169665
1237811175104098304
1237768367530037251
1237750595831857153
1237739026792288256
1237739563004637184
1237731599099269120
1237732639106379777
1237733059513942018
1237733278200856576
1237733682758246400
1237733733916164101
1237733364737740800
1237738880843108352
1237732503743614977
1237723614092365824
1237719147930431488
1237720521690755073
1237718408604659714
1237716457099845632
1237716793185230853
1237732166727077890
1237734514522296322
1237476897623126016
1237466468750671873
1237477791970492416
1237466121999089666
1237442849123323904
1237424554194149378
1237399705568661504
1237423183965405189
1237422989806878720
1237369535696691200
1237128409202950146
1237118911105171456
1237119655925420038
1237126099802509312
1237118247100657671
1237100210813317122
1236986962088730626
1236645739436146689
1236646037659541505
1236646423699087360
1235724716008144897
1236651104663994369
1237184216342937606
1234887607827431431
1234912413125926912
1237417935200813057
1237156588332429312
1238783413424926720
##1238975193302925319##
1238975193302925319
1238975728110231553
##1238975912110174208##
1238975912110174208
1238975914702254081
##1238977546382905346##
1238977546382905346
1239010575599808513
1239111305967042560
##1239320560162803712##
1239320560162803712
1239508778510422017
##1239335974817222657##
1239335974817222657
1239341031667249158
1239341053733412864
##1239337563015520256##
1239337563015520256
1239337919975915520
1239365874974425089
##1246574279015247872##
1246574279015247872
1246679882664415233
1246767420775284737
