##1250860469461581824##
1250860469461581824
1250883758070390787
1251241551931604994
##1255632453248696332##
1255632453248696332
1255633477040508929
1255636076837908483
1255639930014969870
1255640906528706560
1255635327085154308
1255637396772839425
1255640129072488448
1255642439857119238
##1246573560598089732##
1246573560598089732
1246575277020516353
##1248747462833012736##
1248718706357735424
1252076789914046465
1248776060877058050
1248919201940680707
1248881448251252736
1248747462833012736
##1252655546735484930##
1252655546735484930
1252747651180871685
1252766524106039296
1252771456532037632
##1252738705003024385##
1252738705003024385
1252740019208544256
##1253036977622069250##
1253036977622069250
1253372238037954562
1253402449886543889
1253429661356265483
1253930988893286400
1253363178387447808
1253370122598825984
1253103831560445953
1253206324017614849
1253060241496911875
1253206540087169026
1255455380144037893
1256194513439252480
1257871249952342020
1257945492891357184
1257981168634466306
1253055201977737216
1253064767629135874
1253234627680010246
1253045685898838021
1253239645640458240
1253303825450127362
##1254542799845949447##
1254524402886217728
1254539648858275841
1254546689404342273
1254604175964594176
1254532857806061571
1254527986797367298
1254535523860963331
1254544150340538370
1254539111551115265
1254539520219000838
1254544630420574209
1254529994782621702
1254583157099241473
1254583796495679489
1254583943363473409
1254527242291511297
1254529679681302531
1254534951904698368
1254598696991424513
1254707570545168385
1254525001677418497
1254572583930023945
1254578274451275776
1254583341673832449
1254591557602283520
1254548944002088960
1254527840604893189
1254529203611013122
1254539393030856706
1254539159538208773
1254606733382746112
1254698507203731456
1254716111477788672
1254723350934552579
1254724592167518209
1254726967406006272
1254925291253833729
1254528534799925250
1254539309220323339
1254865797035388928
1254545397084762113
1254545639481933824
1254550550139600898
1254557440173113346
1254549916048916480
1254528174899310593
1254582617296580608
1254530858385649665
1254572009343901697
1254691441395347457
1254703536711053313
1254740495408009216
1254792801268752385
1254863926581276677
1254873823729651712
1255557941396230146
1256843164515741698
1254917064176930817
1254542799845949447
##1254550617743335426##
1254550617743335426
1255558820396445701
1255560804969205760
1255561065552850944
1255582192853549065
