##1229016851587440640##
1229005015173472256
1229013842035970048
1229012903438831616
1229086966618017794
1229087579330482179
1229062213576646656
1229078547878293505
1229151147711135746
1229334228334235648
1229010277515059200
1229016721895415808
1229251061732593664
1229046841536327680
1229062477276688385
1229059655101505536
1229062335698030592
1229005773356851201
1229007777798008832
1229008388501188608
1229023809635856386
1229035272903569414
1229116335793283072
1229218571257106434
1229005226801324032
1229005448700944385
1229005503868653570
1229061536510951424
1229116505092247552
1229181495623004161
1229427231639953408
1229116804192186373
1229134128240525312
1229339639716155392
1229394102787149826
1229157225169596417
1232247877805727749
1229173514223091712
1229051109198704641
1229051758237888520
1229059831304200193
1229062093149802496
1229330889924128768
1229383007208976384
1229383041442811911
1229430432040701952
1229016273796898817
1229019694163791877
1229032361695862788
1229039537038536706
1229040178284679168
1229044939973124096
1229049812127027201
1229052593822937089
1229054269833216000
1229061492781260800
1229063821026832384
1229071330764607488
1229084301469372419
1229096320226484224
1229114212418490372
1229121900271501314
1229122677018808320
1229123100215783427
1229130365526212608
1229132100810526728
1229140100149366790
1229183573049081856
1229242632154554368
1229250411862937600
1229257825991438336
1229287070079778822
1229296959829237763
1229304755928911877
1229279539240542208
1229247988230447105
1229274946163085312
1229316054045937664
1229329208016588801
1229662137238401025
1229055464933072898
1229116636344602624
1229201918574178305
1229177222667362306
1229179154437955588
1229204597912285185
1229106340573872129
1229115253893496833
1229127433800028167
1229115354980474881
1229376709776039937
1229016851587440640
##1228804787015241730##
1228804787015241730
1228808448223121414
1229113716282621954
1228904713191645184
1228976640480481280
1228986026095513600
1228986562018496513
1229114389229379585
1229116243178872832
1228976533752160256
1228985454428663808
1228805239517728769
1228805843988230144
1228806066189819905
1228916472010944512
1228919048458637312
1229114634776535040
1229144422912274432
1228814701490003968
1228929814612062208
1229054034688069638
1228932044920696832
1228940756389388288
1228954057567547397
1228974464454533121
1228981689470328832
1228989187187204099
1229067109298266113
1228912610252402689
1228941842793877505
1228958890844467203
1228976210237153282
1228984211316539392
1229135418714710022
1228807458958774272
1228807841521307648
1228870487486365703
1228885000298356737
1228983846655479808
1229248226550743042
1229016614479257600
1228810787986251777
1228937040579960832
##1234794400619864066##
1234794400619864066
1234812756475416581
1234826391193096198
1234912327541166081
1234953510246109185
1234796071559278592
1234867552704245760
1234806639062061058
1234817646761304065
1234848148633407488
##1227875399054524416##
1227875399054524416
1227877399481724928
1227934541232431106
##1228426390476926976##
1228426390476926976
1228453587304534024
1228576731218530305
1228662915860963329
1230012578404995073
1230843985419284482
##1228654951896961025##
1228654951896961025
1230760387634581504
1231876760452681729
##1228315227017678848##
1228315227017678848
1228318588668436486
1230787093539979267
##1228701849378787328##
1228701849378787328
1228702518689095681
1228702687862165504
1228712561434152963
1228759771089637377
1228712948287361024
1228747034640998402
##1228702033840091136##
1228702033840091136
1228709355844984832
1228710499136741376
1228744735306780681
1228937968544624641
1228711547985416198
1228712493742252032
1228853083473694722
1228881020222689280
1228927120639959040
1228942740408459264
1228944856850083840
1228962608549683201
1229012199479234560
1229014275630551046
1229218751842791424
1228812827558805505
1228948353741926400
1228776341098713090
1229048834631913472
1228859084104925184
1229015267159748608
1229054581985902594
1229060517446197248
1228940939533701120
##1228715426890309636##
1228710830855872516
1228712307481620481
1228715426890309636
1228716899959214091
1228711019175915520
##1229060544474337280##
1229060544474337280
1229060550287667200
1229060562618810369
1229366058932408320
##1232980645707735040##
1232980645707735040
1232982266076368896
1233083208931201024
##1228439985122140160##
1228439985122140160
1228606598106447873
1228622046025932800
1228648055504883718
1228699636694749184
##1228770957990518786##
1228770957990518786
1228771010398347264
1228771717562224647
1228778553883471877
1228809210584031232
1228781739763470341
1228813547729231872
1228923542261071872
1228937326073729024
1229098350680645634
1229103107927347201
1233732936333217792
1228775534844354560
1228777155397668864
1228800879601618944
1228801789299957761
1228802870981599232
1228801406649368576
##1228925332880793605##
1228925332880793605
1228944722477092865
##1229048834631913472##
1228702033840091136
1228709355844984832
1228710499136741376
1228744735306780681
1228937968544624641
1228711547985416198
1228712493742252032
1228853083473694722
1228881020222689280
1228927120639959040
1228942740408459264
1228944856850083840
1228962608549683201
1229012199479234560
1229014275630551046
1229218751842791424
1228812827558805505
1228948353741926400
1228776341098713090
1229048834631913472
1228859084104925184
1229015267159748608
1229054581985902594
1229060517446197248
1228940939533701120
