##1252726305000509441##
1252726305000509441
1252734249905643535
1252733138725470214
1252803488435761158
1252727679767494664
1252750947333427205
1252731455916126211
1252733013038968839
1252735246975602689
1252745003715252225
1252754475476938753
1252763090652925952
1252803720930308097
1252846707122991105
1252728713415983107
1252732324325797889
1252747053907816449
1252726962042408965
1252732715415339009
1252733399346876417
1252751553519407104
1252733879938691072
1252743146007650306
1252743425243459584
1252752992757047301
1252795093670596610
1253330021634072576
1252726969290162176
##1252564320854081536##
1252564320854081536
1252570933652590592
##1252886412891996160##
1252886412891996160
1252886414498422784
1252886415781892096
1252886704815562753
1252887060597350401
1252888772175429633
1252888949661536262
1252889347373912064
1252891326338797573
1252920875411791873
1252925900066369536
1253109033529233408
1252918079178375168
1252907073915977728
1252913087721717760
1252887812321542144
1252940141519343616
1253206099798503424
1253250817248899073
1253254628797550592
1253234037432426497
1253245171908706304
1252972777210085376
1253061877816573952
1253013186229481473
1253023009822126081
1253061548047818752
1252907966300332032
1253061038452486144
1253093231644020736
1253095284005056512
1253100083014443009
1253093347624923143
1252888667775000576
1252897116114092032
1252890111739604992
1252916118357975040
1252966992316903424
1253012532979281921
1252892371911573505
1252895578096353281
1252896806545088514
1252897434696667136
1252897948150771712
1252899849093160960
1252905947942567936
1252908841907388417
1252899868974239744
1252923325862629378
1252887320090591232
1252890913698918400
1252901461421371393
1252903050064408577
1252906498742763520
1253023362542174208
1252886651048808448
1252887018251726848
1252887386759016449
1252888796124897288
1252888903071252481
1252889754141700096
1252889858818875393
1252890625437061121
1252893202471845889
1252893441404612608
1252896765763825665
1252896944885809152
1252897456288825346
1252898163100397568
1252899118093123585
1252904565365772288
1252907854463414273
1252908942222594048
1252914079800360962
1252914143436460033
1252929033182105600
1252930333370200065
1252930373530669057
1252940330443382784
1252940720563982340
1252941008414756867
1252945279252398081
1252950227729907712
1253004934506778627
1253096541616832512
1253104657729228800
1253009992296402947
1253061639462629378
1253101000581427200
1253105270491938816
1253206702008270856
1256322483654815744
1252887569228091392
1252886910441328640
1252887918445723648
1252888728810504197
1252889388125761536
1252895154232528896
1252902543732195328
1252903475089989634
1252909138088206339
1252913205933998080
1252935114801270784
1252954929356066817
1252902691744948225
1252940723684597760
1252940751555739649
1252887232874254336
1252887469294485505
1252887986250940416
##1253019757181313024##
1253019757181313024
1253032448214077444
1253230039023390721
##1253042274067460096##
1253042274067460096
1253043242817523718
1253044067186999296
1253044773801340930
