##1252723927639564293##
1252723927639564293
1252723930844090368
1252772213511655425
1252724494353027073
1252724784888262658
1252746018048835587
1252750221764964358
1252875014795218946
1253100725825163264
1253018539625152523
1252878927476875265
1252983008191229952
1252726512815689728
1252732975327969283
1252851140535844868
1252748055494963201
1252754587611783169
1252806349190131715
1252727580727414784
1252751083253968897
1252783846740963328
1252794909138059264
1252837440991064064
1253032564719321088
1253158064812892162
1252725211486707712
1252730499111489543
1252731229574762506
1252732484195942400
1252733181717090304
1252733669250412544
1252735367738003463
1252895491936915456
1252902011789508608
1252923105254748161
1252939403074383872
1252956466002231296
1252956650790694913
1252957749782200321
1252963180877352960
1252737527095623687
1252740888058572800
1252743324823412736
1252750974390853633
1252751687820939265
1252752798158065665
1252757395580821504
1252767249070534657
1252769232791703552
1252771620235759617
1252773443738664967
1252777052203364357
1252787789411823617
1252793804282830849
1252797387191582720
1252802160364007424
1252806526844076035
1252810403958022146
1252821390111068160
1252827507297902593
1252842916138999808
1252848320201949184
1252849952486645760
1252859300994637824
1252870762844655617
1252871439817994240
1252875675574259712
1252886730488918016
1252894859112992769
1252969376053170178
1252970207167090689
1252971941515997185
1252973008144211968
1252994465922535424
1252995516511772680
1252997324885889025
1253001036509458432
1253009440388911105
1253018571753566210
1253033555556532227
1253064480688353280
1253066271953956864
1253076234898194433
1253099901799542786
1253333437613662209
1265925144326930433
1252768320425734145
1256358469239746562
1252733072312803329
1252751581486944256
1252785845280690181
1253026211384696837
##1252717202660261889##
1252717202660261889
1252717763216527364
1252721191216918528
1252982870433501184
##1253055051628773378##
1253055051628773378
1253056623028981760
1253060829538377728
1253056029388136448
1253056321731076096
1253056360494829569
1253058300628926472
1253059452942589952
1253061143419068416
1253061492708200450
1253072112748765189
1253110188107862016
1253130999581618177
1253215791534804993
1253244616826064896
1253249551378665473
1253631062430932992
##1253055545038245888##
1253055545038245888
1253056141300563972
1253056467751579655
##1252646074721894403##
1252646074721894403
1252668699745673216
1252672738864627712
1252673995486437377
1252957818241466368
1252962975880806400
1252705553073266690
1252667088948334598
1252668311025979393
1252776821126463488
1252883119104983040
1252801208525316098
1252801317313142789
1253040635054972928
1253269084592050177
1252868858135732226
1252884939525238784
1253009537981992962
1253035866982887432
1252961561678938114
1252659672596852738
1252713115550134272
1252714230207447041
1252845521489682433
1253022328444923906
1252686945421008896
1252724746845859843
1252647009808506881
1252653874856558593
1252668859406049280
1252674915821649922
1252710751170592768
1252650003295862788
1252653121031098369
1252653938853187584
1252657163551588352
1252674521947090944
1252677938732040192
1252680176594542592
1252712698690899969
1252752382200594434
1252764504024326152
1252647135524331525
1252647799004463105
1252648947182702594
1252649769283072000
1252651037162459141
1252651262279065606
1252651521860235264
1252660827758432262
1252661766284328960
1252668311411855362
1252668884345393152
1252671356665200653
1252671766687776770
1252675044947492865
1252675711132934144
1252676363045277696
1252677987218132992
1252679447532232706
1252680114766258176
1252681716260626439
1252682493683208194
1252876009579266048
1252876508470710273
1252882818943901696
1252884698289901568
1252886071240790016
1252886496543195136
1252891010247647233
1252891094792142848
1252903911163338752
1252904766541312001
1252686432080220163
1252686820455919618
1252691378112512002
1252693235136372738
1252694198509285377
1252696324325195777
1252696393598337026
1252698974403862529
1252699690904227840
1252700557963378688
1252706534427168769
1252707010568740864
1252723815286804480
1252724754596999170
1252744964427186176
1252773785180221440
1252872664391118848
1252766922191654912
1252776269328105474
1252796203630301186
1252813795329576963
1252814182824607751
1252818305435369478
1252826702893297666
1252826774125215744
1252830078725054474
1252834244352589834
1252836258788732929
1252836805403000834
1252838592176484353
1252841057332498432
1252841569025060864
1252853767046750208
1252854817501769728
1252858044083363841
1252859080533618689
1252862059106037761
1252868590677590016
1252910026223730688
1252911399602393088
1252911832303644672
1252914780291153922
1252917623093891072
1252921948893589504
1252931777091559424
1252934116124876800
1252937568078962689
1252942094097932288
1252968519299469313
1252970329502371840
1252973712384634880
1252982295742631937
1252982557232300033
1252994910208380933
1253006046857252865
1253026151599136770
1253059924453584897
1253100101452644354
1253148295557451779
1253179563154321409
1253203985726570496
1253254121412538369
1253310729551319043
1253396752369098753
1254028456817549313
1254910208129871872
1262342163398000640
1252660082367778817
1253050926887243778
1253051166130352128
1252960022864297984
##1252798494844297217##
1252795786989056000
1252798617821122562
1252826240576192514
1252797991867633670
1252798494844297217
1252796232860303362
1252798524091174912
1252832598465765376
1252849015105794048
1252952435112411136
##1252798524091174912##
1252795786989056000
1252798617821122562
1252826240576192514
1252797991867633670
1252798494844297217
1252796232860303362
1252798524091174912
1252832598465765376
1252849015105794048
1252952435112411136
##1252798617821122562##
1252795786989056000
1252798617821122562
1252826240576192514
1252797991867633670
1252798494844297217
1252796232860303362
1252798524091174912
1252832598465765376
1252849015105794048
1252952435112411136
##1252683521916915713##
1252683521916915713
1252686742148145152
1252717294825979910
1252845070455173122
1252881056652386304
1252828468397502464
##1253043190644563969##
1253043190644563969
1253052003921559552
##1253051066100396036##
1253051066100396036
1253077593097678850
1253057548825100294
1253071514506874880
1253115298254852098
1253209994163609600
1253243505419436032
1253412718586937345
##1253407201026244608##
1253407201026244608
1253412157850480641
1253415489386147842
##1252682489480523781##
1252682489480523781
1252702484600180745
1252953472300957697
1252683102377426944
1252683917603340289
1252684143923691520
1252686960021450752
1252688061844127745
1252695646714433537
1252698725241229314
1252720233837727746
1252767146318467074
1252910919526604802
1253082420968132609
1252683368535330819
1252728428396253192
1252683039680970755
##1252839692610842627##
1252839692610842627
1252842502928756736
1252842507160842241
1253000931584638979
1253001579361374208
1252858265467187203
1252858690303975432
1252860397876441089
1252861081782939651
1252862502427217922
1252863175520686080
1252876764210008064
1252877408673255426
1252889245376806912
1252894494753775616
1252906935327875072
1252914407870513154
1252914456289521664
1252914886763597824
1252920917568688129
1252921440338350080
1252928609741914112
1252928781544828929
1252929596879785984
1252930407236059138
1252946918067580930
1252954552095121410
1252969377256951808
1252988911233708032
1253063072094306305
1253064903079886848
1253087737474961408
1253285927557844993
1253307993753628674
1252865656128589825
1252867072876376064
##1253413728004927488##
1253413728004927488
1253468556194385923
##1252365722790977537##
1252365722790977537
1252366057903255553
1252366932684095488
1252367253292511235
1252375735840333826
1252380304699883521
1252406667800502275
1252425402040999939
1252435557768024067
1252595897373949959
1253791495896870914
##1252372756391321606##
1252372756391321606
1253009176273567744
1253014650536562688
1253028040306839557
1252417865635917824
1252380157815320576
1252656437777575936
1252389386143989760
1252381903040077830
1252401587684704257
##1252631185026617345##
1252631185026617345
1252642541679316992
1252631506985648128
1252631873798443013
1252632652953407488
1252634123971301377
1252634320340242436
1252634713476521985
1252636219718107139
1252638224855465984
1252638994145263617
1252640431910916096
1252642552748146693
1252642687339114497
1252644432475836416
1252648242376060928
1252650960331079680
1252651378138284032
1252656587715547139
1252657280547459072
1252665128450998277
1252667044677509123
1252672158620409856
1252674118870339591
1252685054385557509
1252690060165746693
1252698271094657027
1252704373513367567
1252708574628925441
1252749311701639171
1252755534907944976
1252811305746079744
1252847289770508288
1252925636966060032
1252668623455432704
1252698200227622920
1252907740487442433
##1252673334464086017##
1252673334464086017
1252673621304184835
1252676932187172869
1252688248528351239
1252696166325764100
1252709979158728706
1252739173917876224
1252873118344859648
1252956497090355201
1252721557388120065
1252691118241832960
##1252694593197559808##
1252694593197559808
1252828317100601345
1252695502744928260
1252695913828581376
1252698801187557377
1252700901334278144
1252706882134949894
1252709416165654531
1252723125571248131
1253084648646807552
1253684588033052672
1254192154819342336
##1252696579129171969##
1252696579129171969
1252710686200926214
1252711815546638336
1252715245363236864
##1252718689247428612##
1252718689247428612
1252720211540787200
1252729263679291397
1252770341300174849
1252900350719397889
##1252772521121849345##
1252772521121849345
1252773306870218753
1252775073578188801
1252777285599592454
1252778484663025665
1252789780225519616
1252796982919401474
1252858291794788358
1252859117674262530
1252865050856968193
1252889096676147205
1252916581316902912
1252937636160954370
1252940222108774401
1252952218589892610
1252985107171946497
1252792257880743937
##1252933491957936128##
1252933491957936128
1252938238471417856
1252942512442007555
1252975135415578624
1252982015030448129
1253062452213882885
1253062608023928833
##1253010478885826562##
1253010478885826562
1253011161920012294
1253399199107989510
##1253029144964861955##
1253029144964861955
1253036632640565255
1253208875500699650
##1253060902095663104##
1253060902095663104
1253063776112427008
##1253068530246967300##
1253068530246967300
1253216030777839616
1253233258441162752
1253255353162248194
1253269042535772160
1253272951622971394
1253298110920613895
1253366852140634112
1253370993176973315
1253486973043474432
1253069261339328514
1253072359864532993
1253073695247138819
1253069094280146951
1253070347466924033
1253072175835348998
1253076184625274881
1253078073265786884
1253084787763544067
1253199420168036354
1253095822092271616
1253101793732681728
1253134873914720256
1253136496925839361
1253170479420051457
1253072670184411138
1253096095477108736
1253140405660639232
1253176984106086401
1253177324209651715
1253192468297920518
1253605146724110336
1253069867290431488
1253181103550201856
1253078181671768069
1253085228014452738
##1253074278616088577##
1253074278616088577
1253076708653248512
1253079139936096256
1253080311417540608
1253095797878599680
1253102085165498370
1253152312429772801
##1253088693285466112##
1253088693285466112
1253089483177824256
1253089814947258369
1253093702546964490
1253096502651686912
1253097427076370434
1253098576613425152
1253098759774449664
1253104299627945986
1253105078296346624
1253108369478553600
1253112908969582594
1253124184231813128
1253136313521451010
1253174424670474240
1253202239352721409
1253092402807689216
1253091093127692290
1253294208607191040
1253090371699171330
##1253220929041240065##
1253220929041240065
1253223299758391296
##1253284965351112705##
1253284965351112705
1253638848225202176
##1253285892124553218##
1253285892124553218
1253287966270722051
1253431451850137607
##1253394953042120705##
1253394953042120705
1253397075406000128
1254426171359584259
##1253396669015654400##
1253396669015654400
1253399682782543872
##1253450969620365313##
1253450969620365313
1253453577386897413
1253457776090714114
1253460285823823874
1253451751228944384
1253452616438292492
##1253760704752103425##
1253760704752103425
1253861204029775874
##1253809445701853184##
1253809351325868032
1253809445701853184
1253810580164673538
##1253819844727799812##
1253819844727799812
1253820630035771392
##1254119353148149760##
1254119353148149760
1254151180466507777
##1254178092366606339##
1254178092366606339
1254193354495209474
1254194227514310660
1254196364021465088
