##1240279237061378048##
1240279237061378048
1240279243290030084
##1239336647176663046##
1239336647176663046
1239339205467095040
1239647191112781826
1239337010122424321
1239648913914769410
1242067173381734402
1239488756681302016
1239421529588465667
1239451738064764928
1239452577571508225
1239463874514092032
1239495906510151681
1240570570993029120
1239517056229392385
1239700839243100162
1239463029789593600
1239504087277875200
1239509172955361284
1239542954857029632
1239552833025966081
1239553732251131907
1239571394695921664
1239574808368726016
1239657489395855361
1239771542579564544
1239873810960207872
1239540078013276161
1239547139946143749
1239693754069585920
1239338171550314499
1239441655972970497
1239483223010357249
1239488802072203264
##1245257569368768513##
1245257569368768513
1245321307966836740
##1239046417945178113##
1239046417945178113
1239083062866128897
##1238754975246884865##
1238754975246884865
1238755001314488321
##1240030553606434821##
1240030553606434821
1240166114136674304
1240175798272831489
1240049358223089667
1240175318599688192
1240379097349591045
1240385496649474048
1240385765034598404
1240381312202137601
1240381602246598659
1240385402952974339
1240031325123489797
##1240776978803892225##
1240776978803892225
1240779919682080769
1240780184959291392
##1238671407300698112##
1238509092173500418
1238515427229253638
1238516292887416837
1238823201486110722
1238824194546204675
1238624126316806144
1238756162872500224
1238514755842826246
1238526147849306113
1238512450040889346
1238515546678796290
1238517743986622469
1238517915093172225
1238529995120746498
1238586783660675072
1238510595718156288
1238512798927290368
1238515267287822345
1238516494478331904
1238526587571666946
1238712317262663682
1239206474880110594
1238513660466733062
1238516398768492546
1238517130309644294
1238526160868442116
1238556682688638977
1238558060907462668
1238512313201762311
1238513049646047234
1238513301300150273
1238514194842083328
1238514523000180739
1238517476519968769
1238521307664470016
1238523501725855745
1238525154973679618
1238527038774001665
1238529216280514560
1238529996244819975
1238535150994145284
1238537337023401985
1238553202917769223
1238560905773879301
1238561373841510402
1238561521602572290
1238561776356261888
1238584371919106052
1238598571211001856
1238599958271582210
1238610877584211971
1238625497992638464
1238639784110755843
1238715310229934081
1238746452161114112
1238749458566971392
1238750000861057024
1238763934406127617
1238796424193675264
1238797423553785856
1238801990324543488
1238813133881446403
1238925056262184962
1238953569342164994
1239098914709569536
1239130459306688512
1239355917344354304
1238509319303372801
1238546409785352192
1238698280248377345
1238704563923845120
1238725526921138177
1238750105773256704
1238534633505128456
1238512414943035393
1238561407353970688
1238513473644085252
1238580210771152898
1238511363800141827
1238514923384254464
1238517235439853569
1238544745472962563
1238607829952585729
1239596818717192194
1238513757527121920
1238544148895911936
1238580862318530560
1238580906471968769
1238581434698399745
1238582008940503040
1238591887910604802
1238616422919606272
1238671407300698112
1238716423695937541
1238696492539482112
1238725525813825537
1238732344468688897
1238771850144092162
1238816384194424834
1238869119237345281
1238923544895148032
1239034174985646080
1239045952431939584
1239166783896109057
1239338417592426496
1239721227553513473
1239933292364935169
1238581886198452226
1238641859301425152
1238652062872764416
1238524966930386944
1238513299890876418
1238724234630832129
1238632019141287939
1238513711314358275
##1238680842702065664##
1238565398540402688
1238567264540033024
1238574309980979200
1238585098347393024
1239061100433416193
1238680842702065664
1238754540935094274
##1238767981930389504##
1238767981930389504
1238797202899828736
##1247025965877919745##
1247025965877919745
1248099797787164674
1248200969902530560
##1238598789486821384##
1238598789486821384
1238598886173945857
1238598990683308032
1238599053321134080
1238599089333428224
1238599241808990208
1238599273807335427
1238599736061550610
1238600808146571266
1238601115043803137
1238602799727984647
1238604228874194946
1238736847553126401
1238887026872717312
##1239335785473683457##
1239335785473683457
1239345204890611717
1239345641236713472
1239345926399037441
1239346106993127426
1239346326808211456
1239345414551285767
1239337790766231557
1239339113054121984
1239339163150962688
1239339740056428545
1239337315333484544
1239337162539257857
1239336793427841024
1239339893966413824
1239336615320997893
1239339937759211521
1239340302286172160
1239344639959760899
1239344808361148417
1239344882654818305
1239345032869658631
1239345121386205184
1239341091733876737
##1245071668416000002##
1245071668416000002
1245073645111840774
##1238725388660064256##
1238701579286478848
1238701972884160515
1238725388660064256
1238774805249261568
1238786760294969345
1238815247659663360
1238705262330023936
1238738280180572160
##1223943865645830145##
1223943865645830145
1223983496928145408
##1223954614254481413##
1223954614254481413
1224285850126688256
##1223987214482333696##
1223987214482333696
1223991072445157377
##1224616249717612544##
1224616249717612544
1224616294479290368
1224616656695169024
1224679271412617216
##1239392185008652288##
1239392185008652288
1239439960874323968
1239393514426941440
1239395222829891585
1239482128691322881
##1239632634046754817##
1239632634046754817
1239860440584388609
1239640436857360385
1239890364733014017
##1239646246064852993##
1239646246064852993
1239992261146038272
##1240398744480296960##
1240398744480296960
1240399076463697921
1240399867190673409
1240403471079178242
1240404864351588352
1240405681896919043
1240406071958745088
1240407611595464706
1240408088483692546
1240409039718232064
1240407936129798144
1240400905511620608
1240403648586407938
1240416297009254400
##1241850195387863043##
1241850195387863043
1241852194451795971
1241856218907455491
1241856971520835584
1241952651094392832
##1242902945643081729##
1242902945643081729
1242956133704314885
1242974938082009098
##1235214508978843649##
1235213137827319808
1235215968806281218
1235242135877824518
1235250057311637509
1235228648078180359
1235238670749315075
1235213320841547776
1235213638962753537
1235249792948764675
1235285044035571712
1235250336404774914
1235239366148190209
1235325737399463936
1235215273864679441
1235219979974447105
1235227198837215238
1235228848897380353
1235213919528067074
1235214508978843649
1235239198732333056
##1235589797911158785##
1235589797911158785
1235591841795444738
1235594557766561794
1235590312430415873
1235591247210766337
1235591575994011652
1235594442473648128
1235631058084823041
1235642069483433984
1235718288904159233
1235720480633565184
1235628995380682752
1235641641463156737
##1236039551333920770##
1236039551333920770
1236206395088949248
##1236042340818489344##
1236042340818489344
1236239975232032769
##1236056383021342723##
1235961282672631808
1235964055669665793
1235964408188334082
1235965244926722048
1235967480524345344
1235967810523799557
1235988838713040896
1236014948796399616
1236132083132755968
1236153096994250757
1236156061427666944
1236156451955118080
1236157633796681728
1235993807986049029
1236015873749585923
1236016174867132417
1235961959440408576
1235962206128390144
1235962822858850304
1235964082181861382
1235996838496481283
1236052151820050432
1236056383021342723
1235988985446531078
##1236365597325299714##
1236365597325299714
1236383000729878528
##1236382627915075586##
1236382627915075586
1236382809532641282
##1236771843060764673##
1236771843060764673
1236774139010187266
##1236772099471089665##
1236494509514637312
1236577141321609216
1236611415831707650
1236508157641359360
1236495485940219904
1236504359615238149
1236613432230764544
1236616348463255552
1236650891203301382
1236703212096434177
1236727183273594881
1236769856952905728
1236503456166416384
1236556415550062592
1236578549135560704
1236602391098687491
1236631107766030336
1236654965210447872
1236685621688745986
1238629376016691201
1236519034818043904
1236530495355260929
1236505059623669762
1236771312787427334
1236772099471089665
1236495003884584961
1236496037247717376
1236502407724613633
##1237511312965431299##
1237511312965431299
1237658311325073416
1237736474155667457
1237513750548295682
1237521157437325312
1237512692530925568
1237520976545345537
1237668364048314370
1237512408274534401
1237521003036762113
1237622872379723782
1237762821947101185
1237511755183554560
1237606593086160896
##1237869303497547782##
1237853001169031169
1237856511344259078
1237861125883977730
1237876252519755778
1239237933443489792
1237869303497547782
##1238241480529018881##
1238241480529018881
1238243461100339205
1238307590884425729
##1238245762930298882##
1238240992421175297
1238259640674193408
1238244095438532608
1238282791353270274
1238265238501371904
1238254329418657800
1238262128584294400
1238244909523644417
1238245079875309568
1238244163772170240
1238242939874217986
1238398694879383553
1238402561893335040
1238257785542004737
1238249011544559616
1238250546471096320
1238251883539595264
1238259764322340866
1238250566674939906
1238253455774486531
1238253612612096000
1238255836767694848
1238257680378220550
1238259472855949312
1238261500600553473
1238261899432730626
1238262827481214978
1238263391032094722
1238265248219648001
1238268644762816512
1238278856521461766
1238252709146492928
1238249543495561216
1238245081880150019
1238246408236535808
1238245762930298882
1238322542357745664
1238385653420883968
1238390133260460033
1238395481656569858
1238387712605986818
1238390446289752065
1238394770269057025
1238396479334682625
1238401416504512512
1238397333987000320
1238389111360237569
1238323164863696896
1238384217077231616
1238389617277259776
1238386612754472960
1238251932092960768
1238260466411061248
1238266743992324098
1238268445499830273
1238252126159110148
1238252805896445954
1238252603772997632
1238252542930411520
1238253026772684801
1238242582087557123
1238258571176968193
1238263270848573442
1238270710897836033
1238344071447482368
1238377057282908160
1238457266241785861
1239396947582164993
1238244691143020544
1238263810760343554
1238243274135146497
1238255873899794440
1238260935770492928
1238246257862344705
1238249048794161153
1238249910618787843
1238250933915656193
1238263941228355585
1238268511983669248
1238297696026402816
1238369995207380992
1238413953883144193
1238414956095307777
1252639050726596608
1238244385332113414
1238257505354031106
1238245477122035718
1238247920467656705
1238248114953355264
1238248924177141760
1238251094444322819
1238251200551796736
1238257211723395072
##1238250785827422209##
1238203795122814976
1238231193721733125
1238310504201949184
1238205134376763397
1238209628841836550
1238227411604590593
1238204112623321121
1238204573581443079
1238206500595798016
1238236012024868864
1238242905233469441
1238249426990370819
1238247799864676352
1238251956700938240
1238244909565513731
1238204375077654533
1238215929399517186
1238235780826480641
1238355237888458752
1238379976279326720
1238241087736643584
1238204176129277959
1238204729492148225
1238205190404259853
1238409015048241153
1238230959952146432
1238408576579895297
1238418789450108928
1238239453690449923
1238240795683164160
1238207083159392258
1238398399889715201
1238404078071398401
1238254193099628544
1238208194331250689
1238394487644266496
1238205176026144769
1238241298051670016
1238243114608988160
1238238987329974272
1238204256747995148
1238205075513901056
1238205065430777873
1238205390216708096
1238205672417890306
1238205819424030728
1238206290058452993
1238207480699764740
1238213934718615554
1238215297431154689
1238225331707883520
1238246750919569417
1238248192161902592
1238260440209272838
1238304708739162119
1238324180308963330
1238400870716444679
1238474395976425473
1238478285941735426
1238613028754595841
1238205349678788610
1238209941200044033
1238216397823582211
1238221177828581386
1238205488279535630
1238240116918935559
1238214675046817794
1238208344416018439
1238210962110513156
1238204328374087680
1238205014591471617
1238204938053988353
1238205313205108751
1238205355584294913
1238207968073732096
1238208477564190724
1238240824619646976
1238402945563144193
1238257054072156160
1238377850685849606
1238209130738958357
1238212972562055168
1238209566137036801
1238250785827422209
##1238380892491579392##
1238380892491579392
1238381148939735041
1238604443844837376
1238662716342128646
##1238611332485783552##
1238611332485783552
1238612185120739341
1238612312078123008
##1238754111882956800##
1238754111882956800
1238755835678994432
1238759136164225024
##1238782961618747392##
1238782961618747392
1238853017744691200
##1238878942486020097##
1238878942486020097
1238903574182137856
##1238887259342069760##
1238887259342069760
1238890325093101569
1238893638874210304
1238918175061876738
1238933021455265793
1238933981904670723
1238934148611551238
1238915208560676864
##1238887989452902400##
1238887989452902400
1238889661285752834
##1238908875740524547##
1238908875740524547
1242311138903285760
##1238921771178393601##
1238921771178393601
1239510629666271233
##1238968689518694400##
1238968689518694400
1239223158151868416
##1238970687676694528##
1238970687676694528
1239189700361048066
1239190509912014848
##1239042223506731008##
1239042223506731008
1239044912294662144
##1239138480510377986##
1239138480510377986
1239138654796353536
1239146149770137600
1239141099362562049
1239146220813201409
1239209842658750467
##1239209786761269248##
1239209786761269248
1239210878844764160
1239212922708033538
1239213377341337602
1239219055963312128
1239219218316505088
1239219645313400832
1239221464869605378
1239241629569101824
1239233058877964288
1239233474139246592
1239234192107622402
1239220149988753408
1239218161641312256
1239220839687618562
1239221113563070466
1239229540599238662
1239215835983593477
1239216644855074817
1239217608127393793
1239211236115599361
1239219531551256579
##1239300859714064384##
1239300859714064384
1239302147713400832
##1239330042792022017##
1239330039998615552
1239330042792022017
##1239339086361645067##
1239336452745461764
1239339086361645067
##1245674567420518400##
1245674567420518400
1245674947571331072
1245675270549495811
1246106310778765318
1245716938589966336
1246096087095615503
1246113496015790081
1245804613074391046
1248008658639675395
##1245778969754046464##
1245778969754046464
1245781523552440322
1245786921260978177
1245787164937523201
1245787639564980227
1245788033758171138
1245788165589405696
1245788360528068609
1246121648018898945
1246121751953788928
1245979427609219072
1246021497673658368
1246021927195611136
1245805610584748033
1245848933743681542
1245937477984169985
##1245832546753097728##
1245832546753097728
1245832670673801223
1245849325999022087
1245835375718866945
1245835896643096576
1245836054499856390
1245883455373705217
##1245835467146383360##
1014850182352162817
1014935617740967936
1191438451234791424
1015881515761328128
1016814449821446144
1099777895428440064
1245835467146383360
1178764116833505280
1108813893449777152
1235276307656773633
1183835629580410881
1200528122627706883
1205231359721123840
1168236135916744704
1168237546842796032
1168237732939870208
1216807792910241792
1236922199887544322
1179862002069577729
1188565624433381376
1242789109292204032
1242898429673693190
1187852088119889920
1211285988288405504
1015085254309240832
1025821049861156864
1097143704522055680
1015602841434640386
1014981733396156417
1015472788545720321
1015832646864261120
1014865532460457985
1015242855592419330
1015474196149874689
1015510989041782785
1023565521457958912
1015236443822809089
1015808335877197825
1017372667651993600
1014968532323524614
1015056041002848256
1015377474153336833
1015475080023957505
1014949115640377344
1025820307523887104
1015615929709932545
1015621996913152001
1014948900116029440
1014986369154928640
1014891465795932160
1014948733056897024
1014951801920073729
1014968298771972096
1015076996538388480
1015205694868508672
1015242565963190273
1015439117440741376
1015511433730195461
1015808801167929345
1015935781880418305
1014948645773430784
1015105214544834562
1023515139834896384
1015211463462572032
1015224532540502017
1015266972571983873
1015281762912604160
1015694866234445827
1015891483822567424
1020716826148462593
1025704341917847552
1014950244801376256
1025900733294698497
1147029875657777152
1014949448273809408
1014981240318038016
1015603794628014080
##1245842329455472642##
1245842329455472642
1245845850309328896
1245843482436161536
##1246461614603337731##
1246176527160619010
1246203096889507841
1246461993197998081
1246464810222604290
1246331362719813633
1246359718119051264
1246378239238471681
1246367573635149824
1246378286718103552
1246381927332040709
1246383380209577984
1246385939548639232
1246343877554065408
1246381035790704641
1246461614603337731
1246455595928104960
1246461549293813761
1246616071982940160
1246440889783930880
1246461259576467456
1246465718583005184
1246446427754115072
1246450360841093121
1246471735031062529
1246477632029499392
1246478785723027456
1246480037995589640
1246493848152530945
1246495154703421440
1246511756035461123
1246512858164314113
1246478339205980162
1246471848931602433
1246187814993178627
1246202327008194561
1246508077882511360
1246330181008199681
1246384430601601025
1246370867522621440
1246387556498853888
1246466199556444160
1246197809629585408
1246521395175198722
1246179264296374273
1246194863374241793
1246339903664926720
1246178494117294080
1246179754392371202
1246184047967121408
1246197299476381697
1246232827336761345
1246238335577841666
1246286286069157888
1246310074106216449
1246346098651926529
1246371003292438528
1246501184233406464
1246510142264393729
1246490446144159745
1246511988253118464
1246540686943498241
1246565619648036864
1246638961994448897
1247491180348215296
1247519201872367616
1248509841733287937
1246386711669563394
1246396750623051776
1246429254344155136
1246431690781872130
1246471860231049218
1246323695460610048
1246338786788806657
1246367424859058176
1246395522518302720
1246431404881326080
1246440384307306496
1246465215723700224
1246470712161906689
1246199923055439873
1246283580441051136
1246379374779273216
1246394751156355072
1246395145278443521
1246412519234830336
1246422895498334208
1246426661630992389
1246449444821794816
1246466300446203904
1246191912027066368
1246319491446984704
1246556559385276418
1246315409516748813
1246561619871780866
1246345201238630400
1246501032164810758
1246518245953286146
1246521466105008128
1246536697900404736
1246261960431136768
1246344226645979136
1246444981566541824
1246451486667702275
1246449914600730627
1247639649926950912
##1246564151008387073##
1246439032625790976
1246474572490248192
1246440039493533696
1246442216354131968
1246452426741354497
1246440363272871938
1246464310261493761
1246461703379976194
1246442112218017793
1246517357792702464
1246440655741751296
1246443340574400517
1246505434489462786
1246513894815928321
1246444927548039168
1246673907827998720
1246678311847309312
1246462067953078272
1246469167567572992
1246501741723557888
1246496711524200448
1246505777973596162
1246507243392110592
1246508520033353730
1246511439432597504
1247907335529472000
1246477589323091980
1246451940722163713
1246564151008387073
1246468117192155142
1246451997211013122
1246452261687099393
1246499164718055424
1246511755494338561
1246517220257259527
1246620255306297344
1246703679832498177
1246742310009929729
1247178288704995332
1246441169611096065
1246496277124255744
1246668435750354944
1246447062494953479
1246491461727793152
1246519672318590977
1246499480612069379
1246532025630240770
1246571408475512833
1246860990655930374
##1248115552368934921##
1248115552368934921
1248115557087444992
##1248352718974078976##
1248352718974078976
1248355593448022017
1248640518206128131
1248485347438104579
1248355210344435712
1248435297840287746
1248736105878499334
##1249099851679158277##
1249099851679158277
1249100036622827521
##1249811820929601537##
1249811820929601537
1249971959628095488
##1250653318420082690##
1250635026166841344
1250653318420082690
##1254950614297128960##
1254950614297128960
1254951200761565184
##1255118373115047936##
1254945931130105856
1254952089144512514
1254952273400279041
1254961470833655808
1254961780209614848
1255481788257972224
1257316752813260801
1255135377968361481
1255375227233677315
1255271190505164802
1255253775822045184
1254946357548376068
1254947366433513472
1254948268087394304
1254979489546874880
1255135274079666179
1255138514485690371
1254948762537033730
1255120343917826055
1255133057582940164
1255150235937992705
1255008075066617861
1254947494880051200
1254949073951604742
1255920119571718152
1255124920159342595
1255493341074067456
1255503754826330120
1255243733534158852
1254974113879384065
1254952580406366210
1255306326290378756
1255178502107738112
1255197928399962114
1255200706908299269
1255201270991912961
1255201970463428609
1255202433774555137
1255202290853711874
1254986500091129857
1254946347385597959
1254950026469613571
1254950520487383042
1255124298035015685
1255181087359336449
1255123695233904640
1254949197750710278
1254972051720413185
1254973081199640578
1254949777848008709
1255028237840855040
1255791667048779779
1254946073929551880
1255309291420094465
1255310768423211008
1254951956474363904
1254955871152615425
1254972296684503051
1254946877654654976
1255998971585212417
1254948215956406272
1255027418663878656
1255028086736859137
1255028981885210624
1254946635576197125
1254954637238689797
1254955351130222593
1254956572859600896
1254951264376573952
1254948283052691460
1254950045977280519
1255244447765405697
1255131311666167810
1254947263836798977
1254956480098439169
1254962130354388993
1255001995431247873
1254968528995790849
1255072197032509445
1255237619094601731
1255235555564171265
1254968866402439173
1254970353711005699
1254970982097395712
1254973116121571328
1255332253581918210
1255162093134905347
1254954432627949569
1255122222391459842
1254946295451656195
1254947919343562752
1254969390413611009
1255161794223628290
1255191955736334337
1254946501832425482
1254946900245196800
1254947261433491456
1254949075469971459
1254949143136608258
1254951326267650048
1254951404260798470
1254951661304504322
1254978225467465730
1255241619546296325
1254946694833344515
1255091365106548736
1255064160527843328
1255080002393124865
1254949372036444160
1255140386869149698
1254950172884336644
1254955078991122432
1254978445530054656
1254981913779081216
1255061322082983936
1255061476928348160
1255360429259440128
1255455457898115077
1255117888282939392
1255129020603052037
1255147447828897793
1255160811477180421
1255150604642447360
1254948220972736512
1254953602176757762
1254957523297341446
1254971988382285824
1255073931733671941
1255074763199975424
1255427063252766720
1254953804102897667
1254954725604286465
1254955839644983304
1255139065554284544
1255038068773605376
1255791266396344326
1255242236377419776
1255305774374453250
1255321155726082048
1254946485470363651
1254946502755131394
1254947393222647810
1254950199832842241
1254950678360920067
1254952168890785794
1254954779891073024
1255185019670335489
1255230322364514304
1255394052985495552
1255404074339577861
1254947010383360002
1254952388206694401
1254947342949761025
1255028999211843585
1254988990228332549
1255081581577940992
1254946076173492228
1254946936072912898
1254947281276723202
1254991660087459843
1255681681337585667
1254946161292652544
1254946479741034498
1254947031153553408
1254949220899053568
1254949596326850561
1254951275386593292
1255263224326500354
1255264654726778890
1254947368602144768
1254947071381114880
1254947264562368514
1254947336494682114
1254947588362702850
1254947463800258562
1254947645942095872
1254948013149126657
1254947275576614912
1254948464577912840
1254948786725625856
1254949447454330884
1254950276248866823
1254958624381829120
1254960499562893319
1254962451226996744
1254950795163959296
1254951469046009862
1254953252082323457
1254952776456683521
1254952953716387844
1254954587540332554
1254956171112448000
1254956175784841217
1254956513040441344
1254956929052540929
1254957626657591297
1254958007827361792
1255086245836881921
1254958680124133381
1254959137420607495
1255083668185534468
1254960148096974848
1254960283455455232
1254960976899735552
1254960986844475395
1254961395373932544
1254967361028993024
1254967807730749446
1254969059743076354
1254969788507598851
1254976110942617600
1254983362256818176
1255231682451570689
1254983842244558849
1254993119990427651
1254994206197768195
1254994972547432448
1255125660055437319
1255009876817911809
1255022167324086273
1255027758272520193
1255028362340335618
1255030258534961162
1255035261194469377
1255041023975346176
1255048593104396290
1255048707059433472
1255055147559944194
1255056243116433408
1255064929431957505
1255063537451438081
1255064366363312128
1255064424861270016
1255069698917572613
1255070324435103744
1255073454182760448
1255073756378214400
1255074884922871808
1255077606866771973
1255081915620696066
1255082804511195137
1255086101431189505
1255090057272332295
1255090579681263616
1255098195199303680
1255099105216520192
1255100738545635328
1255101937965502466
1254952169603829766
1254947067509780482
1254948503907971072
1254982853202456576
1254991970210058244
1255299252433141760
1255069023211065344
1255069648506281984
1255126385397567490
1255041327059931136
1254977291358216194
1254983364123267075
1255147463754649601
1255152469086138370
1255155338740822018
1255166404162174980
1255166895885553666
1255168343440601089
1255151541922627584
1255270666900779008
1255270765647351811
1255071474399969280
1255081100449374216
1255308856797933571
1255314981509369861
1255320327216869376
1255081370105282564
1255081971212070915
1255085810271031297
1255082485752496128
1255081408835567616
1255151896144171009
1255152206862413825
1255309266975625217
1255152233311662081
1255244725151584256
1255256168743809024
1254993563588481030
1255459836403335168
1265828513472548864
1265993487637504000
1255065152279511041
1255069237548396545
1255079831928295424
1255080754423439361
1255082464915214337
1255084192918048768
1255084468651597824
1255309932716601344
1255108337399668738
1255314281760993280
1255215460305514502
1255228611289808900
1255386180406951939
1255459030253940738
1255220582632824842
1255459983048785920
1255498634797420552
1255508503839588352
1255513718668120065
1255459746318090247
1255357420219576321
1254948617816768514
1255149904751558659
1255187482725023744
1255254752490917890
1255132230650785793
1255269937519747072
1254950978186629120
1254952172866936832
1254952935110385664
1255125780658610177
1255125864062173184
1255120100945989632
1254961064363655169
1254971631103074305
1255110265747709952
1255125466039513090
1255252303365505024
1255252957324591107
1255276637941350401
1255297205126279169
1254999855853973505
1255136219945566210
1255138317592485890
1254974293215260672
1255134212027367425
1254987880939782147
1255127853126975489
1255141334198874112
1255167829625704448
1255174700793311234
1255293539816222722
1255311393580093441
1255321159115177984
1255701861233025030
1255118410813407232
1255176949208662016
1255184762400104449
1255142762086723586
1255007067062046722
1254962938760364035
1255005743415283713
1255113780368900107
1255131485348040704
1255232334753935361
1255080121419075584
1255152936822292483
1255156584604299264
1255319918301646851
1255402524695302146
1256179769202348032
1255175528501346307
1255373218698932224
1255235054365745156
1255306316303732738
1254949732914429952
1255115967627214850
1255110153420111872
1255035055975653377
1255159316157542400
1255102822275788801
1255103735753256961
1255105014026076160
1255107923803623426
1255110710868217857
1255111113894694912
1255111359324393472
1255112638431969283
1255113245184188416
1255113342693359618
1255166624413421571
1255171946003775492
1254947494506749952
1255116958955159552
1255120889135448065
1255212705536970758
1255186855844352008
1254960020829151232
1255137297692913665
1255143757290237957
1255562268974231552
1255606471716483074
1255191895099224070
1255845822677364737
1256180101655511040
1255131906208944128
1255152275074342917
1255179116854349825
1255179391014973447
1255308379460960256
1255397054240751618
1254946604185989121
1255028617337278466
1255361884259340291
1255017126366269441
1255114183752003584
1255114450249625601
1255114521502416897
1255114851866808320
1255116085625585664
1255116758459056128
1255120192461471744
1255120786924490753
1255121062469210112
1255121596341157889
1255122811175219214
1255123812078751745
1255125437958758400
1255125973982314497
1255126131042332673
1254972927688282113
1254982051754803200
1254975980814434304
1254979461717594112
1254981049513369600
1255126898897752064
1255120908165005313
1255118373115047936
##1255970634020139012##
1255601038687645697
1255970634020139012
1255972584396591106
##1249818393764495361##
1249818393764495361
1250223936761184258
