##1233832631218950145##
1233832631218950145
1233834794657734658
1233834954229981188
1233835156877778944
1233835292353802240
1233834285477629952
1233834865528885249
1233834966175404037
1233833082706366464
1233833222041210882
1233833320720617472
##1243968371378528256##
1243968371378528256
1243968657526489088
1243968669400666112
##1243979922915373058##
1243979922915373058
1244024097924939779
##1234742806981283840##
1234742806981283840
1234782010994024448
1234744882486534144
##1237120725560983557##
1237120725560983557
1237156972367171584
##1233150584607379458##
1233150584607379458
1237377361689092097
##1237389022688768001##
1237387847130218497
1237390362928242688
1239018226484498434
1240323492857462787
1237390333991763969
1237390601328275456
1237396141932556293
1237407899577651200
1237428001475878912
1237392160950906881
1237398920185208838
1237401859209465857
1237402994766946304
1237389002983931906
1237400041976971266
1237405646389116928
1237410222785941504
1237390089333825537
1237390400970608641
1237391715767476225
1237393472413261824
1237402206074273797
1237403017223290880
1237403134928072705
1237405848755994625
1237407320210014208
1237407460798971904
1237407669155172352
1237407686624509952
1237408919317819392
1237413399350382593
1237415822261456897
1237425850842259459
1237653099742998530
1237405388926062596
1237408792339415040
1237389022688768001
1237391301303132161
1237390935811473408
1237401538030690305
1237397334989975552
1237428703187144704
1237448184848408581
1237410308462968832
1237422816145874944
1237411001445777412
1237414296851812360
