##1249049577728049152##
1249049577728049152
1249065937388670977
1249085232902479874
1249105602443345920
##1249293815426568192##
1249293815426568192
1249298034082689024
##1246143588431548417##
1246143588431548417
1246146674000609280
1246184126593540097
1246204836862930951
1246147981813972996
1246176383870648321
1246146124307718152
1246150531573219335
1246150956972232704
1246152374386864134
1246154183734108161
1246177773003116544
1246152874075316225
1246154470892933125
1246157926466797568
1246171961899790337
1246178205654028288
1246180537003388929
1246185431026327553
1246187271562366978
1246200499830845442
1246206509882671107
1246217639288098821
1246220564802539520
1246222166716186625
1246325175035072512
1246338463731003393
1246354343948881922
1246383641858576385
1246393938417762306
1246475240470974471
1246546172925431808
1248701786245996544
1246299368904425472
1246341155245228032
1247405305497092097
1247405821417439238
1247987865570680833
##1246146931803504640##
1246146931803504640
1246149826208837633
##1238558516639666176##
1238558516639666176
1240673375258886146
1243554027993997314
1243798146846687233
1240676530625417216
1238860818130796546
1238861985716076550
1238917682818400262
1238921492756336643
1238863856761556998
1238875782124093441
##1248713803631677445##
1248713803631677445
1248714522216534018
1248715150921797633
1248714463823499265
1248714582870372352
##1245833387199193089##
1245833387199193089
1245879566587105286
##1251902683151306752##
1251902683151306752
1251939647359459329
1251963554481213440
1252071286462963713
1252613970747367425
1251902902249181185
1251925248989106176
1251905067051073537
1251909207965732864
1251948621056094208
1251903014786543616
1251904376698011649
1251906238901825536
1252064113800462336
1251909290702639108
1252064800823300097
1252064321166872578
1251904972830265345
1251911876310597632
1251912128979701760
1251936277282402307
1252029787276804096
1251919343711072258
1252011740369432576
1252210072400338944
1251933761152995330
1251906507945451525
1251909897983229955
1251912428318855168
1251902762427863040
1251903202204794882
1251948920957284353
1251920468552159237
1251903030875865089
1251903592765829122
1251906806433099782
1251903296501055491
1251904218908233729
1251904442028511237
1251905407980843008
1251906876012482562
1251907008388829184
1251907149506240514
1251907557142167552
1251907750973636613
1251908236174860289
1251909053921583104
1251905796222443520
1251906715546771458
1251905386212360192
1251905595789246465
1251911030520909826
1251914435192635393
1251904206572859394
1251925828952379393
1251909851288145921
1251903477346906115
1251907288828448768
1251904754898305025
1251904939091210245
1252183385969176577
1251907405929156609
1252015554963128320
1251926739728707586
1251904349502144512
1251910018414317570
1251932143628025857
1251904935639355393
1251913324385767424
1251904821805842432
1251905051569934337
1251906158811648001
1252031300913037312
1251915270739894275
1251924469800751104
1251922769194950661
1251903221892886528
1251928773265678336
1251903270622240768
1251905020599119872
1252027627034083329
1251914481749368835
1251988294327468036
1251941258769162240
1251903838925271040
1251905106058117120
1251910875893694468
1251911592570171392
1251905018896289792
1251905663149715459
1252068670911787009
1251903277136072706
1251903349483606018
1251921495321907202
1251936912224518144
1252144257936363520
1251905159409668098
1251906415301668866
1251906420255178752
1251908329179435009
1251909454943182855
1251909880505602050
1252036206457688064
1251927909423550466
1251934828720766980
1252006581941788675
1252008253141155845
1252008402894684160
1252008423966810113
1251903649137266688
1251903738853416963
1251904180756897792
1251908030293303298
1251913716637057028
1251916278283059202
1251916357739909122
1251920373823791107
1251921466498658305
1251926746925953025
1251928213288337411
1251934419612585985
1251942931193348097
1251950689288359936
1251964569431486472
1251968466195828736
1251968856018518028
1252004414702878722
1252006798309167111
1252008755304292357
1252015470812762112
1252095202950631425
1252111020765712384
1252176054711615488
1252180618546470912
1252192806002741248
1252228694078156800
1252237460903526400
1251906863916081153
1251928358012817408
1251940272164024320
1252186648005300226
1251904423825223680
1251976226094419972
1251929189365755905
1251903514093195264
1251908282240860161
1251902808141561858
1251914697055576065
1251905118796165121
1251927654552477702
1251949928814915586
1251907332306591744
1251939881632366592
1251939943938699267
1251912339953192965
1251913560306987012
1251914732921118720
1251909743163117568
1251910777084182532
1251911963908718592
1251903615377256451
1251979154104467458
1251914740961435648
1251914717590949888
1251917644414046208
1251931715985170436
1251912578210713605
1251903126170460161
1251905081865371650
1251904069351989252
1251904767498113024
1251909438174306305
1251905585123123208
1251905957745119232
1251909542558019585
1251914324647403520
1251914766148395013
1251904132862132226
1251906524655607812
1251963043120123906
1252038167726784512
1252057454088683520
1252152731533561856
1252198205779050496
1252236594674688001
1251971297963368448
1251980168559767553
##1255836477583474691##
1255836477583474691
1256110302275538945
1256178151270596608
1256559657952444418
1255848135970226176
1255904849948000261
1256021093195878401
1255863610036944901
1255842265630748673
1255866585258082304
1255961503599144961
1255836953972486150
1255838631908052992
1255840690543759360
1255840776183054336
1255842228888653828
1255856519742140416
1255868656430600193
1255876165421731843
1256070521369788417
1255890056885215233
1255924018600980480
1255938452778102784
1255946365605220353
1255963056020115457
1255966124912644097
1256040782093565952
1256097870794686464
1256138288664064005
1256209936629092353
1256213337484005377
1255838650463592450
1255924560802840577
1255852053701832710
1255844527253917700
1255872507573346306
1255968954184589314
1256028322108186629
##1255933274737856512##
1255933274737856512
1255941489202540544
1255963435419996162
##1246868174290681857##
1246856915256254469
1246868174290681857
1246869663583174656
1246998092290932737
1246870954288074753
1246874301246169091
1246871497169408002
1246871901923938307
1246969303309697025
##1246870954288074753##
1246856915256254469
1246868174290681857
1246869663583174656
1246998092290932737
1246870954288074753
##1244387231063826435##
1244387231063826435
1244388434170589184
1244403298037305344
1244401933751922689
##1251223331661021185##
1251223331661021185
1251223950719401997
1251227428955009025
1251232846632701953
1251393251678052352
1251226520670146560
1251228479221268490
1251531380804202497
1251232979000725507
1251281663130296320
1251344808016261121
1251354599346274310
##1248717181963165699##
1248717181963165699
1249012355180175366
1249012462889971712
1249046013156999169
1249076510897704961
##1248717184202878976##
1248717184202878976
1248717880390189061
1248718172443815941
1248718384826593286
1248723240169635842
1248749802948636674
1248971772344578049
1249410105931632640
##1255995170069319684##
1255995170069319684
1255995638438858759
1256007457551384583
##1242950796137938945##
1242934896525484035
1242950796137938945
##1251478855942115328##
1251478855942115328
1251481732978794496
1251487775003738112
1251809791934173184
1251481105242435585
1251484721638526979
##1234513972193300481##
1234513972193300481
1234513975246716928
1234526341086752768
##1234526341086752768##
1234513972193300481
1234513975246716928
1234526341086752768
##1245034212970967040##
1245034212970967040
1245035098971480064
##1228291548053299201##
1228291548053299201
1228295107104866304
##1228601087684423680##
1228601087684423680
1228819163822673920
1228673432474259456
##1228972301628190721##
1228972301628190721
1228986006499741696
##1229031127567847425##
1229031127567847425
1229042415409016833
##1230540611503185921##
1230540609854808065
1230540611503185921
1230544430844784640
##1232731770916872192##
1232708288204230657
1246101660147109889
1246102734140583936
1246105656488349697
1246116853983916032
1232732189026066436
1246103949628911622
1232731770916872192
##1240778514506416128##
1240704972334829568
1240704950025543682
1240704964621524992
1240704966425116673
1240704968253771777
1240704969981825024
1240704974142590976
1240704976495595520
1240704980396519432
1240704981910470656
1240704987958673411
1240704990613667840
1240704992060698624
1240704993914650624
1240704995625816066
1240704997433589761
1240706790708436994
1241436947106709506
1241436951867281410
1241436953683296259
1241439975821971456
1240724579141799942
1240724711559987200
1240726616558448643
1241113769834577927
1240715789155684353
1240778155104915463
1240946331415429120
1240718248724910091
1240707206997106689
1240778514506416128
1240706895100497920
1241404864678236162
1240826984378306561
1240838981618720768
1240873727841230849
1240778957173080064
1240707818216288257
1240709074322259968
1241044455165132802
1240721252102426627
1240707773936988160
1240777362981228546
1240719986093686785
1240797606328049672
1240804160154619905
1240715726945738753
1240720542317117441
1240733321228935174
1240761302362001412
1240779346287251457
1240781521600077824
1240956468922404864
1240987187396706306
1241159553145876485
1241183487887015938
1241187333187264513
1241349126563999744
1243411139246952450
1240779436598976523
1241005555004604418
1241192530257076224
##1242934282668171265##
1242934282668171265
1242996509874032642
1242936620506066944
##1242951499032014849##
1242933527043280897
1242933967503966213
1242934712085164038
1243363403940290560
1242944159511719938
1242949494997749765
1242950224504651776
1242950794611175426
1242952859903307776
1242953477699112961
1242934713058287616
1242981099036434435
1242952719859683330
1242962084406624258
1242953293871165451
1242955930804912128
1242956397777694721
1242961570185052168
1242962066597691393
1242960652165173248
1243036228343205895
1243039549607067648
1243073059499761666
1243108925345595393
1242951499032014849
##1243313100046155778##
1243313100046155778
1243313250730680328
1243313610505494528
1243313847508897794
1243315954475503616
1243319344848871425
1243314247792316417
1243318634845540352
##1243634389000609796##
1243634389000609796
1243917763992748034
##1243637338275827713##
1243637338275827713
1243657802167582721
1243644457859366914
1243639662993969155
1243642497487773696
1243675639493939203
1243676830089043970
1243730045694283776
1243822976748916740
1243871398352822275
1243637929945247750
1243641278413357056
##1243676137668124673##
1243676137668124673
1243799187537506306
##1244382485678567427##
1244382485678567427
1244383521432625153
1244383814639550470
1244383606861991936
##1244384182333247488##
1244384182333247488
1244384622592524291
1244385978976014337
1244384900637220870
1244436626283081728
1244453761764003842
1244463968351129606
1244453573834014728
1244464068255236096
1244464467808845825
1244471595869110279
1244464246030839810
1244389260414930946
1244385738675888140
1244386300360351745
1244468065045229569
1244392176680828930
1244482869248098304
1244521269351112710
1244544200634503169
1244612504766078976
1244385583117582337
1244644045982437377
1244649782985084930
1244384997575983104
##1244385242296836097##
1244385242296836097
1244389134464176132
1244389478590021638
1244389873491931136
##1244392224940535809##
1244392224940535809
1244392914849013760
1244393162757586944
1244396997836185600
##1244401964588433415##
1244401822128840709
1244401874117296128
1244401923563892736
1244401964588433415
##1244402462846410752##
1244393972681842688
1244403538782011392
1244405480392470530
1244408772858187776
1244415115312738306
1244419139453816832
1244537487269208072
1244546011994959872
1244404000155471872
1244404468529201154
1244433885963988992
1244443401912713216
1244637419091214336
1244672388828200964
1244684522081394690
1244688707212492800
1244692237272956928
1244728882781204481
1244737782267949062
1244818912119848960
1244736567232679940
1244742439447023616
1244874858531631106
1244692732838322178
1244729784774656002
1244737281153544208
1244757577273131011
1244693529626116099
1245381182520426504
1244922713640140801
1244402462846410752
1244400430295252992
1244421164124049409
1244406946356178944
1244398962771218435
1244400949285859329
1244417066897113090
1244407197435596801
1244396106580180992
1244398203606368257
1244411416205053960
1244421440046276610
1244438592329584642
1244545106537058305
1244580031688585218
1244394867524018177
1244394980787007489
1244398164465106945
1244403087185502214
1244403471509606400
1244407085330284544
1244407566500683776
1244411418994257923
1244424307952037890
1244493063298433025
1244500103517343744
1244514705747726336
1244520241138470913
1244540983284576257
1244544080329216000
1244554304708640770
1244564729949040641
1244569004758437889
1244573923490103296
1244587739099652096
1244590408572776449
1244591918052454400
1244599459448795136
1244622836750221312
1244647907044864000
1244672388693975041
1244678395235106816
1244709964523986949
1244711069047717901
1244903943198523392
1244394863895994373
1244395135770800139
1244395603376963602
1244505331633397760
1244394868698492928
1244694831269654528
1244468208268185603
1244518978770341896
1244544936961347584
1244398322674208769
1244403194765217793
1244404273879932930
1244467485879029760
1244480662360514560
1244482703619170310
1244492730576715776
1244498984833556480
1244532539567542273
1244598457660248064
1244602418081431555
1244607566916845568
1244712099177205761
1244743735339962368
1244762602594500612
1244395129869406208
1244413717661593601
1244476750672859138
1244534694873530370
1244576838149644289
##1244404435914297352##
1244403210191802370
1244404435914297352
1244404797081616384
1244407094226247680
1244407496573431808
1244544000897531904
1244569534016688128
1244572649122156545
1244577696857939969
1244412017345269763
1244412375895343110
1244490678970855434
1244573123581825025
1244522145658671105
1244572927405760512
1244470819025190913
1244573148441382914
1244547100156866561
1244572761789472769
1244541693682225153
1244572874687553538
1244575879231090689
1244420544835059713
1244430283920887811
1244497119173414914
1244557738660814848
1244691032610045954
##1244405711129530368##
1244405711129530368
1244408330375888897
1244408791627530242
1244411047378853890
1244408604607885312
1244409044691025923
1244409125833932800
1244408661964918786
##1244589895949127680##
1244589895949127680
1244594372429127682
1244604627502366722
1244672043389521920
1244677468973338624
##1244746466658304004##
1244746466658304004
1244747583903404041
1244750815748907009
1244752352952844292
1244767899740508164
1244890833297518592
1244750746089857024
1244817964790054918
##1245835902078734343##
1245835902078734343
1245836272276512768
##1245849444999991302##
1245849444999991302
1245850339409973250
1245852668502740992
##1246203266121244672##
1246203266121244672
1246206783431073794
1246205320097157121
1246259875950333955
##1246480397313196037##
1246480397313196037
1246512089868402689
##1246568414371622913##
1246568414371622913
1246569364264026112
1246569808138842113
##1246569364264026112##
1246568414371622913
1246569364264026112
1246569808138842113
##1246569559131336705##
1246569555159384065
1246569557306814466
1246569559131336705
##1246569808138842113##
1246568414371622913
1246569364264026112
1246569808138842113
##1246579563062341638##
1246579563062341638
1246580513596416000
##1246802224405262337##
1246802224405262337
1246804118137683970
1246838285542055936
1246802969565319169
1246809667747098624
1246817596810428416
1246830417359052800
##1247108265797967874##
1247108265797967874
1247109115358392323
1247117414439026690
1247117620949762053
1247117736867770370
1247125602995449856
##1247152939506053120##
1247152939506053120
1247180431415525376
1247187629424205831
1247155390468554752
1247161560004472833
1247154835675324416
1247155633553461254
1247155755096002560
1247157267918512130
1247562050848645121
1247878269589958657
1248743233745797120
1247218463158022144
1247267921912619011
1247268013092540419
##1247216129522765825##
1247216129522765825
1247219645360361473
1247221066323439617
1247265700068147207
1247216663717707780
1247216767677665287
1247218520506712070
1247223133679091714
1247248901431865346
1247259266437742592
1247260206536495106
1247270467649638405
1247365159066222592
1247506834535206912
1247245240248995847
##1247301839982407681##
1247301839982407681
1247306338784423936
1247302414262325249
1247302443454644224
1247303273767469057
1247307051065278471
1247341855257305089
1247480860351348736
1247510823225954304
1247314075232673799
1247315045270409217
1247495138206715904
##1247473780676591616##
1247473780676591616
1247475125424881667
1247475991317970944
1247497552963997697
1247498243052843010
1247590201582587906
1247474206008381446
##1247627506074648576##
1247627506074648576
1247628136860323841
1247627609522962432
1247627795938844672
1247627841119936512
1247628157034823685
1247630272285343744
1247628351390580742
1247743604300214274
1247919968504754178
1247640016114913280
1247643376683532288
##1247667947851730944##
1247667947851730944
1247669447286013952
##1247852939902885894##
1247852939902885894
1247857922727653379
1247858216798687232
1247858918572920833
1247859206927060993
1247859290045636609
1247853812695662593
1247854525836406786
1247986907780431875
1247854134251921409
1247854929315856384
1247863473142476801
1247863808309198853
1247864164871258113
1247864696675487745
1247882680131182593
1256257316447498241
1247854612708823041
1247855059121123332
1247855438017826816
1247976414101602304
1247924670206222339
1247904926128168961
1247858975028187138
1247970289230766080
1247983197411061761
1247853069624397824
1247853200805433346
1247853466778775553
1247855954793836544
1247858754068066306
1247859571768676355
1247860113106448385
1247863204354588675
1247863960889692161
1247865429529411586
1247866707974250499
1247869911252205568
1247872291771473922
1247875212143661057
1247875656182124545
1247876900770312193
1247878430869401601
1247878557860163585
1247878615963844608
1247881946069258241
1247882955323670534
1247887637253206028
1247892542311395328
1247899200223735808
1247904446811500545
1247909139768057862
1247912470259412993
1247912949064368128
1247916168083574784
1247918370768510982
1247919025243512838
1247920244909359104
1247921263416393731
1247925661831966720
1247931699213807617
1247933424268193800
1247933852212965378
1247937944045969409
1247940880004272129
1247942572477120514
1247943885722193920
1247945089596481541
1247945506937946113
1247948684177870854
1247950857599168513
1247958020379770890
1247959098013949962
1247963146024890368
1247968367291629568
1247969266655277056
1247969906135531520
1247970062813798401
1247970594223796224
1247971274153955331
1247976664316940291
1247980890036342784
1247982130732453889
1247983548130304002
1247984364677406721
1247986024120299520
1247986530867699713
1247988685091540999
1247990954159734784
1247995867749064706
1247999398891618312
1248001370386563072
1248012182270271488
1248013194804658176
1248014260040388609
1248015383040102400
1248019331327246337
1248029978589114369
1248050999257903104
1248068845010632706
1248074482599763968
1248081599641669632
1248087700827234304
1248117757884981248
1248139498095087616
1248159443315036161
1248160570739695618
1248183687436554240
1248192764778512384
1248207019498246145
1248219308041306113
1248228270178435072
1248260098817953794
1248342398985547776
1248460421117267973
1249722316830969863
1248031594314678272
1247870139262959616
1247972995202715649
1247980448698990592
1248013933744545792
##1247890854674489346##
1247890854674489346
1247891956954361856
1247904694233493504
1247915062712549378
1247920369673162755
1248216927522164736
1248357066122702850
##1248027285153886208##
1248027285153886208
1248028364578926598
1248036452748984326
1248039757495644160
1248027712519901186
##1248186846812811264##
1248186846812811264
1248192509781651456
1248202723041906688
##1248348864131805189##
1248348864131805189
1248352083729944588
1248712252687101953
1248716134083432460
##1248381977243160578##
1248380836086296582
1248383579400204295
1248384365249187841
1248388872502837250
1248398107592675329
1248436174332530688
1248461009703948289
1248632380388184064
1248469260361322496
1248497610924544000
1248465461190119424
1248681040270503940
1248681216859127808
1248705697019236354
1248402188583329792
1248397449820901376
1248402438706495488
1248406083871203333
1248413528173637632
1248396938908557318
1248485252407803906
1248704084347162630
1248390358360154112
1248476233215512580
1248382793660260359
1248454639365677062
1248573844920717312
1248461800200261632
1248573903078916096
1249016306772242432
1249016502369517568
1248381372806221825
1248388527575822341
1248383602213023745
1248383238331961345
1248413963785666561
1248425287299166211
1248417989143064586
1248382929094336512
1248398756224987140
1248381050885009410
1248388651412631553
1248495987074551809
1248401716703186944
1248384096574685185
1248381125023526922
1248420253417103361
1248460935120875521
1249510045160804352
1248382702136389634
1248389327601586182
1248406669404454912
1248381662410375176
1248425532342992902
1248382559303503874
1248411425472573442
1248523523536060416
1248396704258260994
1248424910369607680
1248381134322323459
1248381276026880005
1248381979818483721
1248480212607590401
1248390791577219081
1248420973365190658
1248400226148208642
1248405689938018305
1248382028195614720
1248390134577262603
1248398637127745538
1248413936182910979
1248450260403392518
1248509245773012993
1248511911320334341
1248402942807269383
1248381296423780354
1248382374909337600
1248381279537483776
1248381883454386178
1248381888500097024
1248381995052236807
1248382828154241024
1248382889277833219
1248383003400613895
1248383199132053505
1248385806374330373
1248385925878439940
1248386669234937863
1248595628160176128
1248386946281308172
1248387660663549957
1248389577754079232
1248395065937940485
1248397671347318785
1248401565926350849
1248403814723375105
1248408462200991746
1248409544587268106
1248415744368316418
1248424771659788288
1248428169184477187
1248428679182483457
1248424740915515392
1248931708172369925
1248772624576065537
1248563677189586952
1248571659189190661
1248924131007107073
1248928011728158720
1248929053182177280
1248931188825300994
1248381193566867458
1248421203271757826
1248423837827387400
1248418119791435776
1248412611181346818
1248509999799832576
1248556248045424641
1248381770157850627
1248381019176054785
1248391284185640963
1248392077701857283
1248381175493615617
1248384696288825345
1248381436790366212
1248381720182702086
1248392842851921920
1248393252618690561
1248436506886197248
1248383130735538182
1248403094758543361
1248478008790286339
1248381551462641684
1248381941482549256
1248382118972932096
1248385403091972099
1248386667867590656
1248388540074848256
1248408048328007686
1248427746096603136
1248382768238587910
1248544633082306561
1248396460774703105
1248414241125593088
1248382032985518094
1248403275235246085
1248391026676383749
1248429296076460033
1248429519712555008
1248429916304990209
1248432789076062208
1248434622872125440
1248435373795090432
1248437015659474950
1248437486193463303
1248438847073071104
1248446078908690432
1248448184961073152
1248450570626764800
1248452546957475840
1248453327957852174
1248457929973366786
1248460631507779587
1248461083406266377
1248465869895634949
1248466330879062017
1248470636638261248
1248475749100601345
1248475997063634950
1248480911869349894
1248481305559355393
1248483908364066820
1248486967072808960
1248496491989061633
1248498464335335431
1248500907509035008
1248520783799992320
1248536753889251328
1248553228389756928
1248574586981138434
1248606643597774848
1248613938352156677
1248624940938485760
1248629216138137600
1248649185353662465
1248672257402122244
1248703375962771456
1248722525535842304
1248725373707223042
1248825776973254656
1248381122473414659
1248392364172775428
1248385473887604738
1248391407644987399
1248396657143590918
1248426102537650176
1248381099715125249
1248385836166418437
1248382907690835969
1248395961535041544
1248382787561721861
1248402842953510912
1248451330328252417
1248549132870000640
1248606567819182081
1248550055088476168
1248380987995611140
1248380937567518721
1248417168242302977
1248384647639138310
1248397628632469515
1248402899408834561
1248491827239333888
1248381626922315776
1248381714616815616
1248381731134005250
1248381792047869952
1248381927813304327
1248382567725723649
1248381788038131720
1248383962419843075
1248384095895179266
1248384341454905344
1248385240956993544
1248385315363893249
1248385541235593219
1248388304128491520
1248388787010326534
1248390784639856642
1248391496593596417
1248393500959236097
1248394841999814661
1248395441206464513
1248396323268603907
1248397255943446540
1248403281786753024
1248403455548383236
1248407181554151426
1248408954142523399
1248409321739698176
1248409906232745987
1248412855126224896
1248419571012259842
1248419742378909699
1248427353954385927
1248428574006099970
1248429095777488899
1248429309473116163
1248429712738664454
1248429793227366400
1248435929108205570
1248437218374451200
1248439831614631941
1248449602711203849
1248474928573075456
1248522431196774400
1248523115501686784
1248542856295391233
1248543595273105408
1248551814192128000
1248562552528932864
1248584065311178752
1248381977243160578
##1248630673772105728##
1248630673772105728
1248633916459802632
1248636007513305090
1248655873087614976
##1248634144223043586##
1248634144223043586
1248635101560426496
1248636321456775169
##1248634547820023808##
1248634547820023808
1248660952997867522
##1248636905341759491##
1248636905341759491
1248638328636923904
1248638899993350144
1248967780348633088
1248978757181935616
1248647130983563265
1248651000086499329
1248680982695292931
1248708767283392513
1248716573118017536
1248748427854450698
1248783940829224962
1248953769976573953
##1248641689272692742##
1248641689272692742
1250174398964924425
##1248649441118052353##
1248649441118052353
1248650183631650819
1248666078567436289
##1248650048977752064##
1248650048977752064
1248657107022422019
##1248698514617405440##
1248698514617405440
1248700823514820615
##1248717389128011776##
1248717389128011776
1248717860458946561
##1248748039612882944##
1248748039612882944
1248749452397096968
1248750922223751168
1248751336910454787
1248752786428264448
1248753445970022400
##1248748252612169729##
1248748252612169729
1248748568141332481
1248752374962892803
1248933167374966784
1249027211425972226
1249348770195746817
1248762746772037634
##1248780250441547779##
1238949483263791107
1239330817589030912
1239377572514926594
1240055362876846080
1244471483029688322
1246071722157264896
1247270461588856832
1248337673707814915
1248340135248375813
1248775262940073984
1248780250441547779
1248398460392321026
1248429761782677508
1247280091291410432
1240063204576972801
1240064897922281474
1240292041013280769
1244476752228806656
1244624527763652608
##1248963346742853632##
1248963346742853632
1248963949971857409
1248964010013319169
##1248964901743230978##
1248961330629017600
1248959580043907073
1248959929035173888
1248960477767643137
1248960680180551682
1248961695210446848
1248961866916921344
1248962604741070849
1248963287779356673
1248963447523545093
1248963671688126464
1248963804978974727
1248964135808897024
1248964351236726784
1248964763083853825
1248964901743230978
1248965049617731584
1248994540289232898
##1248986894605713408##
1248986894605713408
1250435579268837378
1250451360883015682
1248994069658898434
1248995093849280513
1249002951479361538
1249064482929807362
1249067358473330688
1249038127857008643
1249017058140004355
1249029310759030787
1249016645001019393
1249016663724429317
1249016718460149768
1249016729159827457
1249016731584135168
1249016746138361856
1249016774084964352
1249016788278489088
1249016854619869186
1249016870084190209
1249016932520669187
1249016944935628800
1249017049864704000
1249017095146409984
1249017202466009093
1249017292140224513
1249017548986859521
1249017638568763392
1249017739844489218
1249017741769654272
1249017873718218752
1249017891338563584
1249018176979034112
1249018444177182726
1249018607696326656
1249018640315437058
1249019022856912901
1249019862845964288
1249020240538800128
1249020702017101828
1249020783818465280
1249020800193175554
1249021004313214987
1249021171493785600
1249021720515751938
1249021735460110337
1249022125677182977
1249022323409260547
1249022645456289798
1249022695389478912
1249024616162623488
1249024863270055937
1249025523986071553
1249028153944813569
1249028450394013699
1249031545769377797
1249031886527217664
1249032606370365440
1249033428600840192
1249033438423912450
1249033620985131008
1249034085420367872
1249034680806060033
1249036149009649664
1249036725084700672
1249037230540230658
1249037249192366081
1249039553735929860
1249039978946011137
1249040493050245129
1249041216295010306
1249041289691238401
1249043236552835073
1249044794183213057
1249044876991303681
1249045177483870208
1249045903773761536
1249046511301865474
1249047363135692802
1249047407272382466
1249056912274063361
1249058831663063040
1249059876778790912
1249059911255851015
1249060630277095427
1249061259816759296
1249062632860123136
1249064240650092544
1249065624560717829
1249069334888054787
1249073534552477697
1249093565432631300
1249101461981556746
1249114708935925762
1249130505922129920
1249135673388474370
1249173372459778049
1249176829853945856
1249193135978287111
1249228615285342210
1249314579009753088
1249323752250388480
1249325110571433990
1249242355921797121
1249071053927825410
1249079781926281219
1249016603603320839
1249235136513802240
##1249027826856210433##
1249027826856210433
1249028797602635782
##1249028797602635782##
1249027826856210433
1249028797602635782
##1249088505667555332##
1249088505667555332
1249090220777263104
1249092456882323456
1249093211362115591
1249093493689024512
1249094206397861890
1249094209392517120
1249095062635655168
1249096913913286657
1249098644470378497
1249141877699489793
1249145799994494976
1249162066478366731
1249224436911345668
1249232192858984448
1249247156906622976
1249289201247535104
1249289304641241089
1249321166872985600
1249414742831247361
1249436531078713344
1249447264944357378
##1249263128258457601##
1249263128258457601
1249264139199021057
1249264572206395392
1249264701156003847
1249263585433436160
1249266882210824192
1249267001991802880
1249267482248044544
1249265650977161217
1249272603912605697
1249272958566174721
1249277091784376320
1249273209591083008
1249277268179984384
1249290810497142784
1249266242395004930
1249267356385361920
1249267722564894720
##1249264139199021057##
1249263128258457601
1249264139199021057
1249264572206395392
1249264701156003847
1249263585433436160
1249266882210824192
1249267001991802880
1249267482248044544
1249265650977161217
1249272603912605697
1249272958566174721
1249277091784376320
1249273209591083008
1249277268179984384
1249290810497142784
1249266242395004930
1249267356385361920
1249267722564894720
##1249331686720057344##
1249329833466871809
1249330040837419008
1249330336430989312
1249330891849170945
1249331037588656130
1249331185467219969
1249331686720057344
1249331751530397698
1249612661140185089
1249362864659447809
1251581028273139714
1251586681825824768
1249348777024131075
1249349420740722688
1249801792407437316
1249813221005045762
1249778679984635905
1249813431210950658
1249791188187709441
1249937130261970944
1249937271853211648
##1249391298232168450##
1249391298232168450
1249391805235429376
1249394301618061313
1249396368587849729
1249398550498349056
1249400534144081927
1249403194016489472
1249439009249603585
1249540921907167238
##1249396842049273862##
1249396842049273862
1249407347384102913
##1249398735014150145##
1249398735014150145
1249401530710712323
1249404761968906240
##1249399656494309382##
1249399656494309382
1249400734493310987
1249418339795034121
1249681335956000770
1249714301826486273
1249402314840068101
1249449385433403397
##1249400203054112772##
1249400203054112772
1249402182149066752
##1249426633620172805##
1249426633620172805
1249645840081264642
##1249427613845725185##
1249427613845725185
1249428766801174529
1249431047810539520
##1249472121807527941##
1249472121807527941
1249558426948177920
1249593326497603588
1249594069367603200
1249595124314779650
1249606188733513728
1249608603255934976
1249590164143378432
##1249477261562130432##
1249477261562130432
1249580306346246145
1249914667734089729
1249483158019608577
##1249754990996004868##
1249754990996004868
1250630398637420546
1251253322285223937
##1249783563689566209##
1249783563689566209
1250129996414365699
##1249789453377441793##
1249789453377441793
1249956586463866882
##1249806310104842241##
1249806310104842241
1249807445104484354
1249809594194571265
1249821088860733441
1249807468466704385
1249975212768137217
1249818191351644161
1250145925802196993
1250163836755365889
1249808272007315456
1249836637485518853
1249949307207323649
1249809206179479552
1249810247256018947
1249857971800154114
1249873970708525056
1249888640030904321
1249806990030839808
1249811487297875968
1249810777898471424
1249910560797396993
1249806913006645248
1249810656934662151
1250013799828029440
1249839698324963328
1249806515558592515
1249807643356663809
1249809855294169088
1249811917478248461
1249815530132910081
1249831506824114178
1249856175828611079
1249867897603854337
1249813380355035136
1249823276374863873
1249824291111284749
1249828321636028417
1249839818789486597
1249840447293403136
1249845584929972226
1249853534557868034
1249857850547077120
1249861455752675329
1249870220124176386
1249887429269622787
1249887803300884482
1249890080791179265
1249899064126328838
1249926004749017088
1249932399447867394
1249957346165641217
1249958535221448704
1249961189251088385
1249961685886152705
1249983508170276864
1249987457602531329
1250001727056678914
1250002705122197504
1250007486574276608
1250013160393883654
1250082214156607492
1250110313506246656
1250129773420044290
1250130588721467394
1250371848531054593
1251254512549007361
1249809904975691777
1249906443425320960
1249863253037133825
1250022008936685570
1250136476433645574
1250139039962927105
1250141150796800013
1249870814335336448
1249813449468776448
1249889561938923520
1249807452704583680
1249807540784857089
1249807688311222274
1249814094024245250
1249815909235134467
1249819444039294978
1249821408613609472
1249884627499655169
1249903977099071488
1249911862457765890
1249941096022659072
1249990892531986433
##1250068467014938625##
1250067284045021188
1250072511359913988
1250072939745157122
1250459821368922113
1250489106737569800
1250491947497725952
1250105513846681606
1250176379519414272
1250126954025693198
1250129423875047425
1250067640820944903
1250068271191265280
1250068400052846593
1250069974258978820
1250073107358003200
1250069402202054659
1250075869533659136
1250176054448316421
1250396637920452609
1250073606023008257
1250069767735709702
1250076905614856192
1250068413105537031
1250067868957454336
1250143795640971271
1250090646381178881
1250092647093501952
1250376548596756480
1250069142398545923
1250071020377120775
1250074041479815172
1250077217880780800
1250067509962817539
1250067584847876096
1250067777538396170
1250067966437228546
1250068870867664904
1250072982493499392
1250074917070135298
1250086112086888448
1250089541521879043
1250094675429597192
1250069503280545804
1250227938341117956
1250071231862394886
1250067490232840193
1250067422306017281
1250067473141039105
1250067431751647233
1250068274659889161
1250068597541605382
1250070029758070786
1250075127154454529
1250172033327136769
1250172924939644928
1250192353165553674
1250222357442166790
1250067862296895493
1250068283472175107
1250070312412209152
1250076970735611910
1250072939858403328
1250070839460061187
1250074431944306690
1250068373179940864
1250075714839330818
1250072388806598658
1250089866601402368
1250114759501975553
1250067523145535495
1250067611725037569
1250067643022835712
1250067654561456129
1250067690858962945
1250067699125846016
1250067704670826508
1250067724329537543
1250067801135513609
1250067807016038401
1250067830525104133
1250067840109105152
1250067841770041344
1250067949563633667
1250067987677220868
1250068000306323463
1250068208440270851
1250068467014938625
1250068480944148480
1250069023628427264
1250069095615213568
1250069143006646272
1250069211738669057
1250071276019945476
1250071490978086912
1250071978863726594
1250072261937311746
1250072324197531649
1250072588300300290
1250072840956710921
1250073495528243200
1250073931047931904
1250074239702614024
1250074392681500688
1250075205608902664
1250075392817483779
1250075463810199560
1250077759071834116
1250084247169359873
1250084247299391490
1250084714255470593
1250084809390637060
1250085091180716032
1250085674713309185
1250067793346809858
1250067982723801094
1250071407075250177
1250160937467871237
1250071137981267975
1250071773187657731
1250073454461755395
1250116537278779394
1250143880886005767
1250155239082246146
1250070142324793344
1250069511316832259
1250089845747261448
1250090634083536896
1250092533109198849
1250094472769216513
1250096374970044419
1250096423842058240
1250097545042370562
1250098442191474690
1250106100973735936
1250108494340067329
1250114031094059011
1250118758552801281
1250119195486040064
1250135619042455556
1250139824956362754
1250142086067781632
1250155963916718081
1250160689039245324
1250080634376159234
1250095648336228352
1250102256634155010
1250085918255525889
1250071180016594946
1250073069454049281
1250098795951591428
1250068470705852416
1250068552352239618
1250070628830502913
1250071435634245645
1250163738713501697
1250072577923522562
1250073663023570948
1250074033284136962
1250156741964320768
1250073675015094272
1250081743710965760
1250203584152682497
1250067788925939719
1250070612296507394
##1250184540242485255##
1250184540242485255
1250399338959863808
1250402920115376128
1250403026701094913
1250198293075955719
1250203449268068354
1250231865312776224
1250232795206684674
1250231788036907008
1250238858438082561
1250255966844698625
1250259554333581313
##1250376705199439872##
457760301782679552
1223631151652319233
1235723406609461249
1242859499125424132
1247012722593726464
1247014377292574720
1258896831712579586
1260145432157736960
1247591480144863234
1264988390396747776
1263850540838137856
1247120650080223233
1252614249207287808
1239617954679062532
1244676046617796613
1256657201734856707
1257781804762910720
1257810124762157056
1262086394543058944
1265669679198208000
1259926028094488581
1260953417993912320
1266099251488141312
1260972294832259074
1239016356147847170
1245536195804901378
1249706684131483648
1250066635127472128
1250372891163664389
1250374614510944257
1251501567590752257
1252597149558333440
1265320210313236480
1251895336131612675
1245537138629914624
1248518864973037568
1241413062009200641
1242296483224977409
1245998308499357696
1247849710875967489
1251482160122470407
1259636046754701313
1266093012083507201
1248648299030237185
1250376705199439872
1250381567404511233
1248206410388779008
1248974586110193671
1250736095786160129
1257358911528730624
1260209987407810560
1252248318928998405
1263836150193704962
1264940343562317824
1263839607147368454
1249690744572579844
1249697463298068481
1262946987139387392
1263147464078635010
1251860457213906946
1242864973853974537
1245538641759424520
1245539597125390337
1265289559237107712
1245992006817648640
1249350282879946752
1249692200738357248
1250052438444433408
1252602846018777089
1242299425311141889
1243666782491234304
1244637114014236672
1244741377994473474
1260585660819410947
1245054845414932480
1248632146203377664
1266411560584478721
1245100938567745536
1245558334696161280
1246427042763157504
1249456902590926849
1249660944839565313
1249673715912183810
1250738133244706816
1261729718426009603
1263829329055813633
1264225985077141504
1223631664888369158
1246403348481355777
1246436883267227651
1247466338580381697
1248655512771670016
1250099558023036928
1264592110491181057
1265435714973556736
1251495636949774341
1256057418884268033
1245856272148131854
1245897621476184065
1246001087108263936
1253019839955943429
1255178275455995910
1258312282196639744
1259919494811660296
1260938023430209537
1264212058737979392
1245898619057774595
1245908330117246976
1246469900014583810
1246742213901660162
1247460987906777089
1247594091308888066
1247905055937724418
1257422145891774467
1261763425312653313
1265727616679653383
1266663355567222784
1266776342546219011
1266804822977757184
1258509954949902337
1249016584145899520
1250785622081572867
1248525248645005312
1251541913901072388
1251917874601562114
1266434607462916108
1250464566196211720
1253024491640369158
1254151226024964098
1258841491507679233
1259641718263201793
1261012180784353281
1258475659644542977
1264282965649039360
1264627441492013056
1264996343032033281
1265329912602296320
1265701897077436416
1246353140775038977
1248220168997699584
1248669874475450368
1248670937265967106
1246862596998934531
1248169811458342912
1248187377492901889
1248967011448893442
1223865295359574018
1225102829762818054
1247429212946018306
1248191851288580096
1248602241067614209
1248994897933348870
1248522245909217292
1248601181083099136
1248980319002378241
1249345595338358784
1250744453389746176
1260608801708834816
1252249982327042048
1259129939342831617
1250390981880565767
1260173391291731969
1259881524226392064
1261311293652439041
1261318714118594560
1261815433042309127
1242867677913321473
1242965859972382722
1223954604263714816
1243155534380969985
1245280079481012225
1247137361902940160
1244330554000134144
1245901904057634816
1248528216018563072
1246414811531010049
1257352020702441472
1244870144129712134
1258103392322367488
1249338508214448135
1249339349646422017
1249340309978390528
1253330667812737027
1259630375980105728
1266414750180802560
1263523533021470721
1224383451819843584
1233156598371147778
1234538866754957315
1234916674211602434
1238513741685313537
1238517237360836610
1240308749648216070
1244667392204169218
1245393402037964806
1245578400321826817
1246485071445602306
1266659867059793920
1266786219737956359
1245999180214087681
1246000300596625410
1246926141094494215
1247159627822714882
1224383945615335424
1246447706572304385
1248552888626003969
1251477783982850050
1253395194285867008
1246719328252301313
1246886057288683521
1247412844636897280
1248195996938625025
1260620294177390592
1251472790290681859
1251504246324973568
1260649355909804032
1266767198644731906
1225101165152604163
1239284851288793092
1245373850554175491
1239608563649196034
1239609292875014147
1241409390982377472
1244901537241075712
1245048853080035328
1245370975845318656
1243662801526304770
1244220179355176961
1247435566788087809
1258755344383315968
1243970654615076865
1258310686943436802
1225151291233533954
1244303350352445441
1252273181190127616
1246139068519514113
1261339882556973059
1248514265381814272
1262521512537579521
1248592225069666306
1248596653784944641
1249701157842403330
1257796344464453635
1225487553165504514
1250054914228858884
1250057927236485126
1260935614586732544
1252256895596888066
1259628064767647746
1261373489933500417
1263190347833802754
1253007456801828864
1260177466167042048
1254454682602348550
1266081750847041543
1254499173656903680
1255154308770717705
1226178535280300032
1255948938571587584
1258324425344253952
1257717326557954049
1260148182476095491
1260663427984437249
1238506050749423616
1238523309723181056
1242962592634724353
1241192355698532353
1259165923287711744
1226181531472945152
1263113157167460352
1232418665670348800
1238905895792369665
1240675835440443394
1241029649209200643
1241773255008096256
1242224768440569859
1242291896980029445
1227302502955089920
1242599993174822914
1244363555199225857
1245564858667499522
1246389939228553219
1247871208739266565
1249453221153816576
1251875134119579648
1251910868503351303
1259144589715345408
1227966290154971136
1266089019701710850
1266422100098777088
1266507461571366914
1227967494759108613
1229448157718892546
1229828069462069250
1229828727674212352
1230164584872513536
1233132412122673164
1245432774833713152
1250059571890204672
1250385904914640897
1246327642955137024
1246351426714025984
1246354162029338624
1246408039349043205
1246490659768487936
1246505638701813762
1246888783393566721
1233450953438846986
1234988954425774080
1235716736529334281
1235721707626868736
1236333978073862147
1236341707035283456
1237152075815047168
1237413898250264577
1237429519809724417
1237432517000601600
1237891202801733633
1238907410191966208
1238911834943561728
1239659618059591683
1240278943988580357
1240289234898104322
1240669099962884096
1240682372905021441
1241020280086110209
1241021437684711426
1241032112368758784
1241043756486463488
1241178114354483201
1241408633663033344
1241410915398008833
1241528182676901889
1241775538018160640
1242545529432784897
1242977748911640586
1243158993020870658
1243159832867282944
1243577668693565449
1243585404080709632
1243586388605440004
1243964903301484544
1244056310951424002
1244291617567191042
1244648526623248384
1246895651092398081
1246922797626114050
1244337601903017987
1247133302424776704
1247141839666319366
1247417531108917248
1247432131262980096
1247831934941704193
1247863095734796288
1247879217666240512
1248175232910794752
1248184775543787521
1248215940887654400
1248540331748012032
1248543126429544450
1248606630586888192
1249343519887708161
1250460221178351616
1253390479812689923
1253700098040762370
1254168200897576967
1256687802462461956
1257740045726990337
1259136228076793856
1259889913614553088
1261304558111858688
1262109837846069252
1262583974137864192
1263156807012319233
1263511820322643971
1263793015979749377
1264231808532721664
1264558476187049989
1235723885280137217
##1250440840054370306##
1250440840054370306
1250442152011681795
1250442423060164609
1250442933259493378
1250441872553545731
1250484870402527233
1250451286136406022
1250461987458482184
1250665053394788352
1250739316822769664
1250453416066920449
1250678050611761153
##1250519200529100800##
1250519200529100800
1250520143874097152
##1250735960993693698##
1250735960993693698
1250736617070964737
##1250881932512157696##
1250881932512157696
1250948777009086465
##1250889028540522506##
1250886078736879616
1250889028540522506
1250890856741195781
1250891980705497093
1250894184485183489
1250896456950730755
1250897837489037318
1250900850870026240
1250904611977822208
1250907877704859649
1250925124355862528
1250926321389240323
1250927048610189313
1251011138898276352
1251011310323511296
1251011428192051203
1251036312158822401
1251036507197980673
##1250900964355321857##
1250453337071390720
1250900964355321857
1250904282280464384
1251264826627817476
1251265208745627649
1251480157371731968
1251481794664431616
1252602568842317824
1252605067968077825
1253414914661605377
1253416588801306628
1253416758737698818
1253477193050730496
1253479029392449536
1254715129268260864
1254718564508012544
1255198171648704519
1255769827320438785
1255804999894011904
1251647650648244233
1251648526016303110
1251796737850855424
##1250901260858949634##
1250901260858949634
1250903793044258816
1251013161869869057
1251036225680613377
1250942338857345026
1251036341183361024
1251037993776939008
##1250911848913870856##
1250911848913870856
1251154504721915910
##1251181999416541184##
1251181999416541184
1251187550791884801
1251192245954502656
##1251208810070339584##
1251208810070339584
1251248754897965058
1251864563643043842
1251267243247271938
1251399671039344640
1251756192013180928
1251413100156379142
1251465237993316353
1251284159689097216
1251256954770665475
1251439683726426116
1251451727657807872
##1251267243247271938##
1251208810070339584
1251248754897965058
1251864563643043842
1251267243247271938
1251399671039344640
1251756192013180928
1251413100156379142
1251465237993316353
1251284159689097216
1251256954770665475
1251439683726426116
1251451727657807872
##1251284234075021313##
1251284234075021313
1251285445973094407
1251570481767108608
##1251439580315815938##
1251439580315815938
1251441378988642304
##1251462116705538050##
1251462116705538050
1251466023271890944
##1251607032068812804##
1251607032068812804
1251609169179836417
1251623585707425793
1251610413818474496
1251626633909473286
##1251609169179836417##
1251607032068812804
1251609169179836417
1251623585707425793
1251610413818474496
1251626633909473286
##1251615580513337344##
1251615580513337344
1251616636022460428
1251616785318793216
1251617111711068162
1251627905672675329
##1251623585707425793##
1251607032068812804
1251609169179836417
1251623585707425793
1251610413818474496
1251626633909473286
##1251914106078199809##
1251914106078199809
1251920201509146631
1251917180335251457
##1251972977891123207##
1251972977891123207
1251975500584701958
1251975986058596359
1251977086761406464
##1252250674592657415##
1252250674592657415
1252251817544728576
##1252362348817334273##
1252362348817334273
1252362727193899012
1252370347271176193
1252364193967165443
##1252376757975437313##
1252376757975437313
1252377113107132424
1252377276215255045
##1252624383165825026##
1252624383165825026
1252625815885447169
1252626303779561473
1252627095177629696
1252627396949393408
1252627844632653827
1252627970881130496
##1252637858147549192##
1252637858147549192
1252697117270978568
##1253035846606835712##
1253035846606835712
1253060436750143490
##1253046574202195972##
1253046574202195972
1253191781086375936
1253243727398801408
1253047127883857934
1253049448378380288
1253049769091461125
1253069701065986048
##1253076337029517313##
1253051372897001472
1253060584389607425
1253074185179537409
1253074777708941312
1253082139492524032
1253083745554501633
1253084952662609921
1253086308475588610
1253278852371144706
1253355175428882433
1253365735352610816
1253087942291197964
1253076337029517313
1253078276353986565
1253078856933703680
1253052891201486848
1253054553026592775
1253103238397689856
1253062622955614215
1253073552967905292
1253117236912500737
1253052450841526272
1253087679060807681
##1253938453433028608##
1253938453433028608
1253938458709508096
1253938463553908736
1253940106026778625
1254163134731911168
1253967494311817217
1253963954822529024
1253948923980455937
1253964317235478531
1254075457462513665
1253941223494221826
##1255120754435411968##
1255120754435411968
1255120758281506818
1255120761586663430
1255120769056739329
1255120771447435264
1255121018718388225
##1255232820718579721##
1255232820718579721
1255243354415271937
##1255862589696999424##
1255862589696999424
1255863017427927047
##1255975662483132417##
1255975662483132417
1255975724776853504
1255975731802365953
1255975741633814528
1255975744603402240
1255975756787785729
1255975759635718145
1255975774462631936
1255975785434959873
1255975812182036482
1255975815113826311
1255975816883843077
1255975818850897922
1255975820805447680
1255975822667796483
1255975824517410817
1255975826983698432
1255975829131190272
1255975831677153281
1255977907324956673
1256004952964698112
1256004979376230400
1256004985327947779
1256004989350301698
1256215561715044356
1256215837255630849
1256222528541995009
1256047979372392454
1257500215969529857
1257515466316185600
1257519804568817669
1257526309066072064
1257529021396647937
1257537763668373509
1257540191218253826
1257512120931016711
1257515158425010176
1257515954071797760
1257511511997759488
1256018662181478404
1255988610358181888
1256266485703544833
1256268912473395203
1256268760941572098
1256047757279846401
1256091790152798208
1256154790687576070
1255983605433630731
1256052998381371392
1256053182892920832
1256047481386864647
1256047846379466752
1256048163275919360
1256048477873807366
1256048850005110785
1256049542069456903
1256014613768032257
1256036728286167041
1256036962248658945
1256037235012616194
1256037360069984256
1256038029799686144
1256039289080745984
1256041375029698561
1256042922237140992
1256045830865326080
1256046878711521281
1256047639637954560
1256049418874359808
1256049824450908162
1256050041342607360
1256125807283646464
1256038398860627968
1256039431213064193
1256040331772035075
1256042217732558849
1256042394170134534
1256039800873857024
1256040897709592577
1256234318336348163
1256249681539141634
1256257792689790976
1256193256418881536
1256312715166900225
1256359985543512064
1256420207465201669
1256314579732369408
1256315521080782848
1256345828077207553
1256359877255016449
1256194527976738816
1256195191628849160
1256195638682882048
1256196096520486914
1256021236586622982
1256022364053176320
1256028434423255040
1256028927602147328
1256035883737919489
1256036859618131970
1256065192691204096
1256065579531874310
1256047519924092928
1256048102932393990
1256048660976218112
1256049265186607104
1256020520530739203
1256023397022208000
1256024410634534914
1256026108790747142
1256029932251156483
1255984343056596997
1255985232794324992
1256198918074961924
1256201380500570113
1256200256750006273
1256232648621658118
1256248216259084288
1256001543339458560
1256001992109023233
1256197957080289280
1256198129927499779
1256191129307025410
1256191195790766081
1256191353366687746
1258152825256841217
1256201772621803522
1256244271507804162
1257985180364611585
1256750561220792322
1256751533313622024
1256056347965165570
1256188805901664256
1256269215197208577
##1255996124038660096##
1255996124038660096
1255997379502800904
##1256000150415331330##
1256000150415331330
1256001728140455938
1256006884009656321
1256035561896382467
1256029052856664064
1256171604029190144
1256244292282208256
##1229478483589509120##
1229475897482383366
1229476351310204930
1229476585604079619
1229477434946465794
1229478141074210821
1229478483589509120
1229478750644994048
1229479439546953735
1229479963767824384
1229480128268455937
1229593030933405697
##1233104339264139265##
1233104339264139265
1233104404712026112
##1234608856002703360##
1234606336291299328
1234608856002703360
1234640936480759808
1234800935525855232
1234611812395573253
1234759681018650626
1234607340256714754
1234628709379911680
1234644268679094275
1234785021535322114
1234606568655720448
1234606600939241475
1234608922436292608
1234609094348152833
1234611552428445696
1234614435634982914
1234619337320935424
1234622088717185030
1234644749463609349
1234624838150610945
1234633223109586944
1234637535860740098
1234639040126881793
1234651030694105090
1234655894039932931
1234708353508618245
1234715661101883392
1234724303393972224
1234769490983911424
1234894591394025472
1234924175841800200
1234960712541384705
1235086273632759810
1234608950240256001
1234641765233238018
1235002657330388992
1235164575974199297
1235168018126295041
1235175832894795776
1235179546686693376
1235236144708816896
1235237769804472322
1235350539241693184
1234886561550012418
1235000451529138176
1234607142482649090
1234927675862638605
1234928539826376710
1234984538205380609
##1234569582087680002##
1234569582087680002
1234569875584167936
1234570370218385410
1234570595637043203
1234570960038236160
1234570388077731840
1234570446579863554
1234570926840254465
1234571207380434944
1234574001474822144
1234569845670338561
1234577346927243265
1234592253001306113
1235004519823683584
1234573618983690240
1234574474382540800
1234583139189755904
1234583343833939970
1234570855381962753
##1234513975246716928##
1234513972193300481
1234513975246716928
1234526341086752768
##1234423749732073473##
1234423749732073473
1234428684360126464
##1234994764371509250##
1234994764371509250
1234997628300972032
##1235662472188530688##
1235662472188530688
1235671112941481984
1235680448539287552
##1236364994696097792##
1236275929971818497
1236276052885987328
1236277817140228096
1236291332634796033
1236276548224847873
1236282932798590977
1236285321618378752
1236364994696097792
1236365176091430915
1236370459027017731
1236370610818822145
1236370769795571712
1236371002696675329
1236290370062909442
1236287996497928196
1236288738705235968
1236506775391809536
1236449242689998850
1236298195476590593
1236507360413310976
1236559161128779777
1236277478051721218
1236288017343668224
1236298236085899264
##1236592839515164674##
1236591625025052675
1236592839515164674
1236593634876821504
1236594370041786372
1236599152940908544
##1237079477366161409##
1237048067934900226
1237067571012214786
1237079477366161409
1237105372437118976
1237308475551682560
1237318704523890689
1237320013838778368
1237615249634795523
1237624956420345856
1237656505899536384
1237678221451300864
1237790279735955457
1237816900731777025
1237831330148335617
1237975943999827968
1237999038529708032
1238178899080740865
1238365299830857728
1238365886148497409
1238372837603381248
1238375413354770432
1238571515626602497
1238863656118607875
1238864046239158273
1238864457318744072
1238864837977018369
1238876194529071104
1238916301118214145
1239057993460846592
1239062902352613376
1239070478536527872
1239134035487723520
1239154149805219842
1239156236500811776
1239159214729199617
1239159533643223041
1239169786573094916
1239171822865788928
1239210565031124994
1239462667414364160
1239468922472194049
1239559631346810881
1239627348305235969
1239639864464887808
1239826557298003968
1239829641562656769
1239844891376705537
1240155734425374720
1240168207505412096
1240312519580884993
1240883139863511041
1240913874821537792
1240917562503946241
1240962987856465922
1240965976293871618
1241031865227771905
1241089605581103107
1241095834537689101
1241115183797407749
1241239245278318592
1241273380772478977
1241329213434728449
1241367386940375040
1241496690328305666
1241764455475748864
1241784738702143491
1241786101100171264
1241820668607561729
1242012857140641792
1242033593590984705
1242093774119079940
1242179398301822977
1242531255314415616
1242552159872450561
1242770311289896961
1242833180010389506
1242918722081259525
1244726464328720388
1245097728759214084
1245458169494716417
1245830272026894336
1247636130197110789
1248531626906320898
1248617636654538753
1248714445896986625
1249076875835686913
1249244465224704001
1255511066584457216
1255626072231677954
1255889853704744962
1256355084985864194
1256367914615222279
1256712691600764928
1257358395436392448
1257642937879494656
1257651757246750720
1257710660579885056
1258016756725100544
1258048671066750977
1258146033529434112
1258532714522611713
1258767874711326725
1258877647695818758
1258882702650019844
1259080549349588992
1259257029249695746
1259607724066852865
1259630347366666240
1259959708821196811
1260288666376769537
1260579288392310784
1260941230910906370
1261316170537480198
1261679963431976961
1262135989256032259
1259979052229758976
1240982619472441344
1238365515179065345
##1237642333702717440##
1237361499410219009
1237384140057505800
1237361853094932487
1237362119496040449
1237389841962168320
1237391820620828672
1237423239757996034
1237438993693904901
1237456268488511494
1237524922622070787
1237642333702717440
1237649839879528451
1237377702732222464
1237364201091407872
1237369616294436864
1237419242171097089
1237435497816997889
1237683768640581632
1237377107862401024
1237365246567821313
##1238909807387688962##
1238909807387688962
1238934014792208396
1238936487724548096
1238936784366600194
1239000466995830784
1239103228937220096
1238936166654709760
