##1237055522542620673##
1237055522542620673
1237074487323103242
##1237096072780173313##
1237096072780173313
1237098194489786368
##1237130544686813184##
1237130544686813184
1237134960122826757
1237130734965592067
1237130773058240512
1237131691459850241
##1237387847130218497##
1237387847130218497
1237390333991763969
1237390601328275456
1237396141932556293
1237407899577651200
1237428001475878912
1237397334989975552
1237428703187144704
1237448184848408581
1237405388926062596
1237408792339415040
1237410308462968832
1237422816145874944
1237389022688768001
1237391301303132161
1237390935811473408
##1234584982485635075##
1234024748310519808
1234427678859649025
1234584982485635075
1234588701247909888
1234711285981437952
##1236590699744759809##
1236590699744759809
1236603805900341250
1236623276933251078
1239315626193272833
1236645694292844544
1236703667488686080
1236643594414456833
1236690718707589120
1236709271141826561
##1236976026191900672##
1236976026191900672
1236983791538839554
1237044533503954944
##1237063153361604610##
1237063153361604610
1237063293073862659
1237063317631500294
1237068299185401857
1237085599804293121
1237094045073235968
##1237083237211607041##
1237083237211607041
1237370060508987394
1237419542600650758
##1237095678104317952##
1237095678104317952
1237096059266048007
1237096431040843776
1237097080038076416
1237106156629307392
##1237136063245815811##
1237136063245815811
1237138047378100224
1237209231046082564
1237220275432886275
1237137043924410368
1237248541237620738
1237137677063000067
1237173921306329088
1237137010780930048
1237139745442009089
1237140553294364672
1237173273995227136
1237229904074334213
1237250273262829568
1237320817094115329
1237361871436615680
1237438136420098049
1237464301239177222
1237615775759958021
1238398741637410818
1237142060500758528
1237138896145780739
1237151656527171584
1237145195139006467
1237148859882778624
1237162735621812224
1237372455850819584
1237226275254788096
##1237306984501829632##
1237306984501829632
1237338200684756994
1237345103582240768
1237371853183815686
1237372605964918785
1237335786552426497
##1237385902390800385##
1237385902390800385
1237407004739723267
1237638364481949696
##1237433348647239681##
1237433348647239681
1237451478673108997
1237601839970791424
1237446968172896256
1237469174454255616
1237478596371001346
1237524008033112066
##1237622641696968706##
1237622641696968706
1237633277466460160
##1237632878076407808##
1237623588972384256
1237641469059641349
1237636059921604608
1237625653308076033
1237673379890712576
1237676503921561600
1237682774938656768
1237626059333525509
1237626276493627392
1237628106111889408
1237629301291450369
1237632878076407808
1237653463326220288
1237655386943033345
1237655684570845184
1237665397748490240
1237667612475232256
1237671487185629189
1237671913595572225
1237675598799089664
1237676283385065472
1237676322375204864
1237677090637590528
1237677774938214400
1237679585103417344
1237682199962562560
1237683089696083971
1237683737363611648
1237686395545759744
1237692745218695173
1237694528557023232
1237694957533761536
1237702676592439296
1237716524636528641
1237717498440683525
1237725750360408065
1237737444604293121
1237737764373872640
1237737849367166978
1237740259829583873
1237745574692208642
1237749447368589314
1237782235132149762
1237787973472714752
1237823301260587008
1237825110666555392
1237826016543899650
1237827450274488322
1237839934767030274
1237906342851076097
1237986715945574400
1238222910113959936
1238901551755866120
1237676502239653889
1237680186956615681
1237682024556699648
1237684679639269376
1237688487807275008
1237689266861375490
1237690640827404290
1237691278550237185
1237667375937458177
##1237653514031116289##
1237653514031116289
1237663826050519041
1237664185519136769
1237658827354497026
##1238553787817766915##
1238553787817766915
1238553968051175424
##1236644956078555138##
1236644956078555138
1236681506686459905
##1237662279673536513##
1237662279673536513
1237677289044955138
