##1241087869504098305##
1241072054423752706
1241087869504098305
##1241136385114935297##
1241136385114935297
1241136387086331904
##1241136387086331904##
1241136385114935297
1241136387086331904
##1242157291597705216##
1242155756503384066
1242157291597705216
1242326721329868800
##1243298582360457217##
1243298582360457217
1243300584574398469
1243301094589190148
##1240653856717094912##
1240618373572108288
1240618376164188160
1240621836255232002
1240653856717094912
1240654609447890944
1240654696488079362
1240655992658018304
##1240771563496095749##
1240771563496095749
1240777786090049541
1240778672522526730
1240779041118007297
##1241015857872060416##
1230100365024092160
1230100366848647169
1230100368765464577
1230100370501853184
1230100372187906049
1230100373882523648
1239966648947236864
1238432258928848902
1239896650753204228
1241015857872060416
1243182369173057539
1238142229887188992
1238143459250372608
1243579805611761667
1246056627666661377
1248177369963257857
1248587680344047616
1238483949317472257
1242839185075195906
1243544297280020483
1247903467999350784
1240266179475845121
1238478111332851712
1242483980869353473
1247929713991004167
1257336281845071874
1242874796289011713
1245389279599173632
1240630514249326592
1242065757531504640
1244688451636781057
1248218423424880640
1230100377107927041
1230100378882117632
1230100380660457477
1230100382426247170
1230100384070406144
1230100385727229953
1230100387639767041
1231193394338312192
1233055665947652096
1233056456393535500
1233064167088820224
1237733185783508993
1233056265829584896
1233056465327460352
1240636946424217601
1248422159757672451
1248273300687552519
1250446296885927936
1254713453178236928
1263479800292945921
1245015889830989825
1247115766513745922
1247183247190233090
1247486932986277888
1250059205404393481
1243235851515179010
1250102337986801665
1250378626874343425
1252577422073040897
1253276348237447168
1254514658704310273
1260918356649140225
1263057400661250048
1265256906035286017
1245022826156916736
1250440331792797700
1250810305929674752
1253405897533112326
1254787723367342089
1255140229465309186
1255143156389036034
1255879246783881216
1255882528633901057
1262405734567993344
1263807908673921025
1252207424158814209
1252211891847528449
1254494600200368128
1254501530251800577
1263844349147824128
1242487294906396672
##1241140758234771456##
1241089235849039872
1241119728447389697
1241131407608623105
1241131995729735682
1241140503330111488
1241141051349446658
1241142016895057920
1241142836420120577
1241143157208858627
1241135420802555904
1241137900768694274
1241139510601269255
1241141236452528129
1241141499913437186
1241143089235984384
1241139946666295296
1241139722187083777
1241139474081480708
1241140758234771456
1241141914713362435
1241145346098675712
1241157416537989127
1241270823354236928
1241288967611396096
1241090181253529601
1241090844922458114
1241115265540280321
1241118826596630528
1241123985099759617
##1240695017577918464##
1240695017577918464
1240695020413308935
##1240782645660987395##
1240782645660987395
1240783123962638336
1240783480235208705
1240783878895394816
1240784208626319361
1240784854519812102
1245835481197109248
1241004750268760065
1241044672253853707
1241004317584379905
1243122635585851392
##1245835481197109248##
1240782645660987395
1240783123962638336
1240783480235208705
1240783878895394816
1240784208626319361
1240784854519812102
1245835481197109248
1241004750268760065
1241044672253853707
1241004317584379905
1243122635585851392
