##1238463572302155776##
1238463572302155776
1252611035124596739
1252622686221729794
1252623109179441153
1252611594988765184
1252623737775685633
1252617342997192706
1252617652960296962
1238468916575440896
1238469512921518080
1238708882836541440
1238711142857531392
1238642956602675206
1238695362728165377
1238721674712961026
1238723540704206848
1238811713191006209
1238661278039789568
1238716034691076097
1238551294350176259
1238551922560417796
1238754617472815104
1238756798330519552
1238567911092092931
1238591465481220096
1238715691768913921
1238775201783054336
1238565324930396162
1238565886803562497
1238811802970005504
1238828974828118018
1238566035894255622
1238717669085450240
1238759355706527745
1238467820658339840
1238551348163031040
1238551996283707392
1238907853307629573
1240905271968436224
1238920300399669248
1238572771900260352
1238573528548626432
1238875859253178368
1238466607464288257
1238467690936832000
1238570698538389504
1238571477055746048
1238576552209719296
1238537193737650177
1238538896507617280
1238907359671525380
1238907439745040386
1238569941277782019
1238592629845250049
1238762670968516608
1238816558094389248
1238816895605800961
1238818157583839233
1238816774759616515
1238791079534759936
1238794478737113089
1238817179451219968
1238807640806961154
1238811153796665346
1238833188228739074
1238778464498565120
1238794997799026689
1238790804417675265
1238792703892226048
1238593539103227911
1238614782107889664
1238615799088234496
1238627354559348737
1238807582996934656
1238877040603992065
1238882366443212800
1238883687388909574
1238884729149108224
1238885990107840514
1238886081036255233
1238792199640399872
1238792101980225537
1239224103980150784
1238601666288640000
1238616378531348488
1238817823402741760
1238819278998122496
1239477772210364416
1238792192606580736
1238793222475972608
1239142516655521792
1239494487639982081
1238571061802926085
1238641298900504577
1238872908765827077
1238845063360200711
1238873236743602177
1238916715452542978
1238917417163767811
1239483304023339010
1238818817192660997
1238916538364760073
1238852791801729030
1238790114307948545
1238790459524349952
1238919393188425728
1238672866109018113
1238793578165555200
1238896570332000257
1238611370888892416
1238798632180211712
1238827303460843520
1238580314420756480
1238817734110121984
1238822960183545856
1238909749929873409
1238930105336041472
1238930353479393280
1238930551442194432
1238615242512400386
1238924977505787906
1238926551649005569
1238927491760377858
1238581008951390211
1238897441652563976
1238933823569739777
1239107682184896513
1238557920339599360
1238808849961943041
1238797119026233348
1238915538023264257
1239085163050676226
1238680489139023872
1239104436431175680
1238692413344026624
1238866491845550080
1238600935951208458
1238698304520826880
1238861364648689664
1239106942485901312
1238690044682043392
1238927466745466880
1238872945168199680
1238714971682455552
1238873568743698432
1238520287278268422
1238552009692807168
1238770974486679552
1238818332578590720
1238702645105360897
1238818494323572736
1238583023614005248
1239244171661082625
1238562609630253056
1238598889839693825
1238846423128563713
1238558349068828673
1238559714276978691
1238517075058069510
1238519117444980744
1238515077973716997
1238575273928523778
1238610323642425346
1238607641657643008
1238607767352619009
1238839384109170689
1238841143674253313
1238839198611841030
1238533821819236352
1238548589753913344
1238549132371021826
1238542895361163265
1238543010482262016
1238839575927312386
1238612143685226501
1238551954562957314
1238726333674524672
1238733305245241344
1238734189052166145
1238566585608134657
1238903813077118983
1238538423431880704
1238556070957768715
1238727150683009025
1238854895291314178
1238982181143412737
1238525168735211520
1238566331156439045
1238567008213573632
1238595366863413248
1248991546176929794
1248993024262189056
1238562537211334657
1238579432882950154
1238602993907482624
1238731085514711047
1238736622608363520
1238673955692691456
1238682048723922944
1238682795708424194
1238683402154491904
1238702744900440064
1238726281715429377
1238727675746942976
1238730440040726528
1238726856272158721
1238795179924086784
1238576791746379777
1238588768556285953
1238643472950800384
1238737728646381568
1238947461177147393
1238960256153157634
1239031782831468544
1238552499616919553
1238601386595672065
1238588966590451716
1238589969389752324
1238485521724313601
1238562510527238146
1238589674026909698
1238608871851208706
1238641243711852546
1238653974171049990
1238750221682835456
1238766148193320960
1238816666831773696
1238843282576343043
1239091376597368832
1238512901192912897
1238513322481405953
1238527632326701057
1238544468283973636
1238548823452114945
1238551298821238784
1238564093830758402
1238568014729052162
1238571217415798785
1238571694039732227
1238573060468486146
1238577417653977089
1238577597061226497
1238586690685591554
1238594962993922049
1238602228576862208
1238606110002761728
1238606691345879047
1238607862106120192
1238670651948498944
1238672405620576257
1238699821856423938
1238721344210194432
1238753886867001345
1238759384462786560
1238763316757086208
1238822244589211649
1238860889874403328
1238944726222622722
1238964306022187009
1238664505669947393
1238848618666373120
1238566636560547840
1238594512236265474
1238610577678876673
1238683441354473473
1238694753333579777
1238704849715412992
1238708066046087168
1238725172867235841
1238748124501417984
1238758813982834692
1238762865106079744
1238763637688471554
1238807725255151621
1238808364857069569
1238812374217428994
1238830610644373505
1238835333682343937
1238840475651575809
1238840665175396353
1238849034204393473
1238866175414632456
1238872507886813184
1238874380144345088
1238878747375345665
1238888437987581957
1238891223408095233
1238903554598940674
1238931235734540288
1238933131694149633
1238942579271569416
1238972858690387968
1239085059006758912
1239186757335298049
1239245203132674048
1240188605198413824
1249018429153185793
1238519675077697536
1238542401406480384
1238550441664880645
1238566781196828687
1238579253752532996
1238584808177090567
##1244759778477432833##
1244701481527390224
1244701881710116865
1244706641200717824
1244762895331835905
1244815619561852928
1244962377575038976
1244708360429191169
1244757777337196550
1247473208581926912
1244701826471145474
1244861233188220930
1244716730951315457
1244743629438103553
1244965044984647680
1244714192206258179
1244702632096280577
1244705764620611586
1244740185427980291
1244877812802170881
1244744376133304322
1244704867085672449
1244710814252249091
1244703255394951174
1244718682326151169
1244937708520099848
1244740971943940098
1244857147520942080
1244790923462139905
1244923943083036675
1244793371706691589
1244924384927719424
1244707329146327046
1244727447758819330
1244705403985936385
1244760925565063168
1244966022135889920
1244702039902478336
1244703656022282241
1244711063502884866
1244953969920794625
1244974177347604480
1244974682052472843
1244788327183781888
1244713804036034562
1244721702661173250
1244724374176964616
1244823958781861888
1244728259272736769
1244719572541980674
1244723352973053952
1244979345950638083
1244980845259210753
1244977833782530051
1244979000046485504
1244985423128117249
1244832015096197121
1244905012658089985
1244711682624163843
1246187036735868929
1246192359181869056
1244724424236044288
1244954619874283523
1244954014179119104
1244706711304318978
1244715669486284800
1244721767911997440
1244798829821648898
1244720932037570571
1245118721699516418
1244738846782341126
1244976280573009923
1244722491525922816
1245004975488544769
1245013860198821891
1244775103906426880
1244984068149858306
1245045341189222400
1244981134620069888
1244704468458852352
1244708198075990019
1244716164888084484
1245875674633646081
1244856312397250560
1244984797342162944
1244702871582658561
1244708774662807555
1244704274199781377
1244710640654131205
1245031043381551107
1244857569149157376
1244703843906129926
1244705471786876928
1244711894805594112
1244711992419594247
1244722599747297280
1244736574769807364
1244738883155308544
1244750160162406403
1244758313272836103
1244769025688768512
1244706859665305600
1244707557077331975
1244711028719521792
1244717042432950273
1244721430958419968
1244722799647821831
1244731940349120512
1244740863445684225
1244751925050032130
1244762452555956225
1244769238797164550
1244811159577952257
1244822861816225793
1244834892132823042
1245557641356640263
1245548923470712832
1245413556771680258
1245041107198763008
1244859726816559107
1245060028136112129
1245547636196814848
1245548618192470018
1245550677746765824
1245551490988683264
1245553009452515328
1245567664459825152
1245567603759886336
1245553125089587203
1245553614199951360
1245556240106885120
1245556767888719873
1245573875779297282
1245558568071413761
1245558988760121350
1245574579772198912
1245567991380619264
1245561760775536641
1245558278114983936
1245558640431546368
1245559318977658880
1245559809144950784
1245560394233581568
1245560876129714179
1245561095487717383
1245561968192303105
1245562133787611137
1245562963492311042
1245564057920385030
1245564862102679554
1245567216008994816
1245568223908511744
1245568612498386946
1245569845166354432
1245571110659223552
1245573645440667656
1244716283544907777
1244705604821749761
1244707357608816640
1244709585711218689
1244713637509509120
1244718564826808320
1244756919883051010
1244718313479065601
1244709710441447425
1244721971457392640
1244724958389063680
1244725153797410818
1244706512880230402
1244729126604410880
1244745632713236481
1245413865271279625
1244702077709926401
1244768252506636288
1244710643766300680
1244702495076691971
1244704690610286600
1245554363709431808
1245554736666943488
1245561257694040064
1245557884655677440
1245559121186893825
1245559698549596160
1244835366684803073
1244858812126973954
1244950712414605312
1244963183468654592
1244970584028721153
1244992974771142657
1244995987426414592
1245025936598319106
1245036100185403393
1245134242574675970
1245366997866684420
1245446430887641088
1245634209168756736
1244743319336488961
1244704093249159169
1244725298270277633
1244714235789283328
1244769247441629187
1244775674684026880
1244774740864258049
1244776494393692160
1244774899811586049
1244776060266446848
1244825147422490625
1244930321361129472
1244910536015384576
1244906548117286912
1244907107020873729
1244906976280219649
1244907588350889987
1244909388994838528
1244909678678749184
1244911217950576640
1244911976939216896
1244911738765672449
1244915056040726529
1244917959950323714
1244918927697817605
1244921329717071872
1244925579704651776
1244931408558202880
1244933150314319873
1244925991962771456
1244926975598264320
1244929683772387330
1244931035558797312
1244932222077079556
1245068804154986496
1245227621929099264
1245565144379404288
1245562403867279360
1245562590459236352
1245563295177768965
1245564394123264000
1244742928930680838
1244707343755104256
1245568776092844033
1244708511017324552
1244702596880875520
1244715916622995464
1244716999126720514
1244731569413279745
1245055585453854721
1244708973636354050
1244793922049753093
1244838716557922305
1245039959679078400
1244728072588451841
1244772329860878336
1244734341391007744
1244759778477432833
##1222506828694794240##
1222506828694794240
1222509683384242177
1222515494424584194
##1234582453672710146##
1234582097781829638
1234582453672710146
1234582456495415296
1234582458500288513
1234582460022829056
1234583544707649536
