##1246408796840300545##
1246407993438109696
1246409665203916800
1246426846935351297
1246434037213925376
1246451029627019264
1246448822731124737
1246837009047576577
1246527059461058564
1246540687211978754
1246450878095200257
1246427644238934016
1246487986075811840
1246591947885740032
1247817375950475265
1247817511619436545
1246474265429491717
1246677655057022976
1246447006308057091
1246448396644253697
1246449131813507072
1246456603911630848
1246446103719018498
1246449266538745858
1246477969058680835
1246490295514157056
1246520122912714755
1246451397488447490
1246433001669562374
1246475300088819715
1246429758969217027
1246471529766047746
1246515327019646977
1246530848205213696
1246613747642351618
1246520562983358464
1246515471576444930
1246522779341590528
1246523599709769728
1246527983927676933
1246412501446787073
1246415062731898880
1246466253381828608
1246477701776658433
1246461834757951488
1246410511085981696
1246414803352072194
1246613585683517440
1246437414857564161
1246428941117796352
1246480645280448514
1246585846393966595
1246420992286752768
1246520960032931842
1246523677870559234
1246475227367903239
1246408861902307329
1246411339247104001
1246426229349191680
1246444189920919553
1246418669099515904
1246421867524653057
1246409850260803584
1247063383268102144
1246824078884982785
1247036397254516738
1247058105889779712
1246641028729376768
1246645850631294976
1246668672086740993
1246670815304744961
1246674521693794305
1246703541043048448
1246792524490067968
1246793636353847299
1246409991915016193
1246410285818302464
1246413021460783104
1246417890733182978
1246419209074159616
1246419507633172481
1246420623502594050
1246423116651397121
1246444538174070785
1246446763243864065
1246455997079715845
1246457635718811648
1246462880758870018
1246488222315810816
1246429880407011329
1246431782536388608
1246435553672941573
1246436205257990144
1246436435244265473
1246446236569305088
1246447140798332934
1246456204878139394
1246469456404062208
1246471439630434304
1246474349152030720
1246489527587307520
1246490033508560897
1246507496426135552
1246512886853271553
1246521929781166082
1246538378117513218
1246582949526540290
1246594266505371654
1246608468787761153
1246631472494239744
1246815048024162305
1246839441601241089
1246873083845259266
1249397757590323201
1246408796840300545
1246425189988159488
1246778244487155713
1246583450636816386
1246784115174780929
1246432602975862784
1246484016917819393
1246656532936359936
1246682983093997569
1246755582331228162
1252581703438262272
1246492118023094272
1246605418819919874
1246408431789133825
1246409594777284610
1246410187839340545
1246464013615194113
1246440590453112833
1246409830828556290
1246425067887767554
1246409048423047170
1246409205126397952
1246415151080902661
1246415482737111041
1246431201256247296
1246465291930001410
1246490672351371265
1246431240837832704
1246438547034382336
1246443124324524032
1246444427792564224
1246452093851926529
1246455863654653952
1246458050610954241
1246461534999580672
1246463895478456320
1246481252326219777
1246523132833382410
1246530963997437953
1246571512380997632
1246647572942524416
1246674111016898560
1246719196785975297
1246732301297483776
1246763597184860161
1246827099723350016
1246424080439484416
##1245845486579351552##
1245810031838150657
1245814412814016513
1245845486579351552
##1246182194537693187##
1246182194537693187
1246182980692967427
1246183705351262209
1246186515446870016
1246331001522900992
1246334844000325632
1246382511179083781
1246188543313096712
1246312952266883075
1246315886572720130
1246323942551363584
1246316092257193987
1246325603516776449
1246370677676036097
1246465986330537988
1246548500998955009
1246184053214191622
1246212759676694528
1246204244107108352
1246354940722925578
1246189628341837825
1246191577892085762
1246194505491111944
1246183551281889281
1246186321665765377
1246193837359403017
1246197558227144707
1246222539795435522
1246183214277935105
1246192475003330560
1246183752855846914
1246184702920339464
1247265551950532616
1246491618846420992
1246527496125890562
1246544664712351744
1246228475960270849
1246234909502509058
1246300442021236736
1246351879170330624
1246377307788451840
1246184084688248833
1246184870763773953
1246185182635470849
1246187171830280194
1246202985895661568
1246206801558847488
1246216325116108800
1246217715045597194
1246217717708984320
1246221324248330240
1246222721073262592
1246225068524478468
1246256348771295238
1246261415910027266
1246332391653814277
1246334800149000192
1246346515427266560
1246385388882743296
1246388934835347456
1246405774382977024
1246650973596065793
1246269887770546177
1246271634673217539
1246279284207095808
1246298001880092675
1247425394011254784
1251125533171220481
1246182913173065728
1246321991575048196
1246184037410058241
1246462364662333446
1246329522598957056
1246332481068044288
1246332943230013440
1246337453373313025
1246340630369968128
1246365826170728448
1246385754995077127
1246436061385043969
1246468388244926468
1246187044902182924
1246182681307725825
1246183321052348417
1246183498882461708
1246183634995830784
1246183913409708035
1246184051737800709
1246188795168505856
1246189491041251332
1246190456750424064
1246191227101462531
1246199318211674112
1246204181024845827
1246205829851815938
1246208135607574536
1246208656254869505
1246225506564964353
1246259749492047874
1246273332535754759
1246469460816474114
1246475289758175233
1246496195335327745
1246582966899400710
##1246191030875164674##
1246185706935824384
1246186018711179265
1246198187569876994
1246189257909243905
1246207421418258439
1246219334999052288
1246279906042019842
1246212085010366475
1246226114642665472
1246237570184417280
1246256925060345857
1246276832367906816
1246350887108345859
1246463095515631616
1246187380052242435
1246220587355320321
1246462819463311362
1246486495873073152
1246567368484143105
1246190880844845057
1246649759126913031
1246519985415041024
1246649516272553985
1246190040524435457
1246243608677801986
1246186197745053697
1246188792677007365
1246188387687706626
1246193116186583043
1246242577889845249
1246186350732365825
1246189522339102722
1246187708822753283
1246190234192281601
1246190438865940480
1246200835417219073
1246212821928599552
1246230163056201728
1246244032461889540
1246299530649317378
1246305610376843264
1246311243016736771
1246368205834199041
1246227961675755522
1246189808755539970
1246191030875164674
##1246213095028133889##
1246165326024396800
1246213095028133889
##1246215824802799622##
1246196014769373184
1246198583155712000
1246445545515896833
1246647027007619074
1246219590343983105
1246197404740681728
1246216926122082304
1246226475730206721
1246343788869672960
1246447100780515330
1246229270365642752
1246292311056605184
1246268949903355905
1246514992159080450
1246518327075364869
1246519331678294017
1246197836410208256
1246200911585849345
1246198069663870976
1246199619144515585
1246206466115190784
1246212581544452096
1246219231181656065
1246290245307568130
1246197706713960449
1246203911448539143
1246197476874506241
1246198003720953856
1246199495429324802
1246199786753142787
1246199819426766848
1246200599634489354
1246201769727856640
1246204530280280065
1246205880208588801
1246206646495449088
1246208436691484674
1246209678972989441
1246210759069220864
1246199190109257738
1246299009754583040
1246199959021670400
1246231241407545344
1246248380243873794
1246276984361160705
1246351577977434113
1246392213388623872
1246393693537517568
1246321127007322112
1246357262953844737
1246456664984862720
1246446242948923392
1246197581396443138
1246197726641037315
1246199674341658627
1246198104359161857
1249244130238218242
1246197532453146632
1246224997594607626
1246205547688472576
1246215824802799622
##1246348935586820096##
1246348935586820096
1246350080120107010
##1246460980181241860##
1246460980181241860
1246463348385943557
1246465860887339009
1246462700059865089
1246466123190669313
##1246465703634513920##
1246461417496117252
1246462635673075715
1246465703634513920
1246467032998203397
1246531939189784577
1246533149762490369
1246556153523421186
1246470282199683077
1246562086861275136
1246570218329116672
1246912431353364480
1246914136975564800
1246839493325402112
1246899039595114497
1246586326717280257
1246589027924533248
1246839692445827073
1246899249213845507
1246941653266546690
1247279462699487232
1246600087532441601
1246562588864983040
1246561989834551301
1246475922838114305
1246554075451330561
1246465039650955266
1246561430117154816
1246695711141494787
1246900054968934400
1246900878164086784
1246902344593391623
1247024751069069319
1247280303850295296
1247024649537564674
1247278707896659968
1247279123258585088
1247279176262078465
1246509831286075394
1246571222126731265
1246571611702034435
1246571910374264844
1246572339774533632
1246572484696121344
1246575245017972736
1246575443697958913
1246576326057787398
1246654155650973696
1246900813890490368
1246491545668378626
1246553326734446593
1246915490943041537
1246932755637768192
1246536795912916996
##1246468119926800385##
1246468119926800385
1246485219965878274
1246487132610408452
1246718886042636288
1246498705206841348
1246482651135041536
1246468970921820161
1246533581721174017
##1246475227367903239##
1246407993438109696
1246409665203916800
1246426846935351297
1246434037213925376
1246451029627019264
1246448822731124737
1246837009047576577
1246527059461058564
1246540687211978754
1246450878095200257
1246427644238934016
1246487986075811840
1246591947885740032
1247817375950475265
1247817511619436545
1246474265429491717
1246677655057022976
1246447006308057091
1246448396644253697
1246449131813507072
1246456603911630848
1246446103719018498
1246449266538745858
1246477969058680835
1246490295514157056
1246520122912714755
1246451397488447490
1246433001669562374
1246475300088819715
1246429758969217027
1246471529766047746
1246515327019646977
1246530848205213696
1246613747642351618
1246520562983358464
1246515471576444930
1246522779341590528
1246523599709769728
1246527983927676933
1246412501446787073
1246824078884982785
1247036397254516738
1246839441601241089
1246415062731898880
1246466253381828608
1246477701776658433
1246461834757951488
1246410511085981696
1246414803352072194
1246613585683517440
1246437414857564161
1246428941117796352
1246480645280448514
1246585846393966595
1246420992286752768
1246520960032931842
1246523677870559234
1246608468787761153
1246631472494239744
1246641028729376768
1246645850631294976
1246668672086740993
1246670815304744961
1246674521693794305
1247063383268102144
1247058105889779712
1246594266505371654
1246703541043048448
1246792524490067968
1246793636353847299
1246815048024162305
1246873083845259266
1249397757590323201
1246475227367903239
1246408861902307329
1246411339247104001
1246426229349191680
1246444189920919553
1246418669099515904
1246421867524653057
1246409850260803584
1246409991915016193
1246410285818302464
1246413021460783104
1246417890733182978
1246419209074159616
1246419507633172481
1246420623502594050
1246423116651397121
1246444538174070785
1246446763243864065
1246455997079715845
1246457635718811648
1246462880758870018
1246488222315810816
1246429880407011329
1246431782536388608
1246435553672941573
1246436205257990144
1246436435244265473
1246446236569305088
1246447140798332934
1246456204878139394
1246469456404062208
1246471439630434304
1246474349152030720
1246489527587307520
1246490033508560897
1246507496426135552
1246512886853271553
1246521929781166082
1246538378117513218
1246582949526540290
1246408796840300545
1246425189988159488
1246778244487155713
1246583450636816386
1246784115174780929
1246432602975862784
1246484016917819393
1246656532936359936
1246682983093997569
1246755582331228162
1252581703438262272
1246408431789133825
1246409594777284610
1246410187839340545
1246464013615194113
1246440590453112833
1246409830828556290
1246425067887767554
1246409048423047170
1246409205126397952
1246415151080902661
1246415482737111041
1246431201256247296
1246465291930001410
1246490672351371265
1246492118023094272
1246605418819919874
1246431240837832704
1246438547034382336
1246443124324524032
1246444427792564224
1246452093851926529
1246455863654653952
1246458050610954241
1246461534999580672
1246463895478456320
1246481252326219777
1246523132833382410
1246530963997437953
1246571512380997632
1246647572942524416
1246674111016898560
1246719196785975297
1246732301297483776
1246763597184860161
1246827099723350016
1246424080439484416
##1246478762058944516##
1246478762058944516
1246479348212928520
1246517604501635079
1246489722077184004
##1246480650997321732##
1246480650997321732
1246487550795145216
1246488761573224453
1246496625176072199
1246498726270701568
1246486315069255680
1246481858625486853
1246486706414641152
1246502532941320192
1246513085462056960
1246546169184038914
1246562237101326340
1246643729986920453
1246677368707612672
##1246519644061564930##
1246519644061564930
1246522115785973765
1246565564698505223
1246632360113778688
1246756842874621952
1246555888569257984
1246593025872220161
##1246524016116011014##
1246524016116011014
1246527752540491776
##1246527238226542593##
1246506615425163267
1246622644562264065
1246720065103331329
1246580278581223424
1246731624089255938
1246731941585530880
1246732172247138304
1246732470881566721
1246732661923741696
1246909534792187909
1246510155828731904
1246573223376031746
1246578143315591178
1246579515008200704
1246595632040751104
1246595737175109638
1246769471408287745
1246770367030530049
1246699142379864064
1246703099001135105
1246723142543966211
1246707747250470913
1246768230657454081
1246774192705548294
1246722620873203713
1246774065899192320
1246925474938355713
1246932885170462720
1246933678770569223
1246935959545024515
1246608367734476800
1246731141576564737
1246758801287626752
1246746209433325572
1246759243753062400
1246824418208333825
1246828439279226883
1246828773560942593
1246828916213460994
1246829186372812800
1246612582376538114
1246612918730358785
1246613174000005122
1246613375225925634
1246613553202765824
1246613766307041280
1246562954956464130
1246510519516827649
1246580708195393536
1246523916622888962
1246675666986323970
1246511974839726080
1246793246061334529
1246509445716344833
1246548981116788736
1246726916389945345
1247199221352185859
1246771823993331712
1246942586859925505
1246555288741838851
1246597934956904448
1246599696673574913
1246600444077621249
1246600710210420736
1246513180815298560
1246634217859096579
1246508556897189888
1246575693527474178
1246594549847412741
1246578862064119808
1246624375140503553
1246506860506755074
1246508986914033664
1246507872063762434
1246509435662536705
1246762819791589377
1246507372761231360
1246584136174907394
1246817118806573057
1246507240342933510
1246763364178591745
1246511607997517826
1246566154090483714
1246575927322128384
1246576737628180483
1246599713547333634
1246782139183611906
1246901516281081859
1246542012423327745
1246561142568374274
1246601567362519040
1246863028882153472
1246507763599097856
1246714145824784384
1246508217208844299
1246509035643379718
1246518437364535308
1246519340620447746
1246522557475536896
1246529837415661570
1246539334632845312
1246544986650312714
1246584209185157121
1246749522086199299
1246765861341405185
1246812767698538499
1246831958052810758
1246618221635145730
1246754257640075265
1246537249241673728
1246755402022293507
1246507102442577922
1246510069367406593
1246510566933434368
1246906366482145281
1247062226407653376
1246511492553486339
1246511945051758598
1246512103244038146
1246513754126331904
1246515144919842817
1246516614016782339
1246519969719947264
1246527733737406465
1246531525312684036
1246536086450511872
1246539228714016771
1246542004965777410
1246547251553542144
1246548820034326528
1246553109096271872
1246560394921074689
1246565722458914817
1246582093569765377
1246604768807657472
1246616096217673728
1246625730370449408
1246650862409256964
1246718158519652352
1246721636847562753
1246732614746152960
1246738953434251271
1246741210972278784
1246768963725471747
1246596825135689728
1246773447386071041
1246777105318318080
1246778874475827207
1246788402265153536
1246815637315485697
1246872756639141889
1246749982583132163
1246507017705009153
1246507567267840001
1246508405138882568
1246511544286003202
1246514203831271425
1246518980954767360
1246521429912322050
1246523190249246722
1246526010146914305
1246624112077950977
1246927968779284482
1247136994481836033
1247177698444705796
1247179326996570118
1247179523906551808
1247180000538832899
1247180706125668353
1247221568838696961
1258128382711050241
1246704372228280321
1246709898349621248
1246526456957730816
1246527020466671616
1246527795754348545
1246531933057757184
1246536273076064260
1246537819390083075
1246540775107825667
1246548883397840897
1246552058657935362
1246554650184224768
1246555131757432834
1246555508322054144
1246557217924493314
1246557989621940228
1246559192858624000
1246561300462940165
1246562384149430272
1246567420296335360
1246571718480625665
1246573152936669184
1246573298198159360
1246573954841620480
1246580720014954496
1246602328872026112
1246609695286218752
1246614027750473728
1246614634515357702
1246615116554162176
1246618474442641410
1246623075220799488
1246636009607114752
1246641369868906497
1246649055779971072
1246667442228772864
1246680024515837960
1246713332473757698
1246718030773698560
1246718105155502081
1246728572116533248
1246736772329099264
1246737036377313280
1246738848157069314
1246741178894123008
1246742643368955905
1246742653812772864
1246750610029936641
1246754305425707011
1246762221906132992
1246764639989399553
1246782871739695106
1246784992149213184
1246791643900121095
1246792964124200960
1246807907439718400
1246809964498300929
1246810927518924806
1246815918539378689
1246821404936409089
1246829522802085888
1246860895797547009
1246873813406625794
1246894620367298560
1246910743024451585
1246912499854856197
1246506923027038217
1246507203252686849
1246508044084789248
1246512038987390977
1246516799115591680
1246517545462620161
1246517859938951169
1246520233189429251
1246520234611179522
1246521876463194112
1246527238226542593
##1246548406593638410##
1246548406593638410
1246548967011299337
1246554512195813378
1246579771661836288
1246661516469981184
1246551835667828736
##1246549912889757697##
1246525445652299776
1246549912889757697
1246744928669052930
1246526887884619778
1246770647944085509
1246550466487607298
1246763551542390784
##1246551217507090439##
1246551217507090439
1246552627950899200
1246553932526223361
1246551390606037002
1246611876743655431
1246671206427787264
##1246553944643514372##
1246553944643514372
1246556601290457090
1246555069979467782
1246555447693279232
1246662911654858757
1246557749548285952
1246582811517124608
1246667297240031232
1246682468511612928
1246684440518184961
1246686344400769025
1246687542482796546
##1246559320403214341##
1246559320403214341
1246749136067706880
1246756015351255041
1246569355409850369
##1246560833041285120##
1246560833041285120
1246651100071104514
##1246566363356901376##
1246557775901200389
1246777418104307713
1246791432297418752
1246576946173161472
1246561647604502529
1246563510080987145
1246559246201782274
1246560357327474688
1246578978665742343
1246701760686755840
1246571469800386561
1246647178816368640
1246561056715091971
1246561836553637890
1246566363356901376
1246567220597178368
1246562430282579969
1246628691200954369
1246695834923786240
1246570122669678597
1246580669997813766
1246627776750329857
1246658423602778117
1246660764737429505
1246820187455787008
1246916339266195457
1246572516539355137
1246695829307559937
1246697775397515264
1246701408403042305
1246560596964913153
1246562041990651904
1246567273680207873
1246571881559359488
1246575262805917702
1246580228413063174
1246608964827205635
1246617883138052097
1246620829166829568
1246674915283079174
1246686499971706881
1246747982638329857
1246748479420014594
1246753349699096577
1246795709430497280
1246836447841320960
1246844642471149568
1246959556451860480
1247250951448256512
1246737602423615491
1246560888448057350
1246558225564131330
1246569411999420416
1246558496495149056
1246573144900546568
1246605175474851840
1246667642661896196
1246688451669504000
##1246568406473748481##
1246568406473748481
1246570442439241734
1246571074265001985
1246571841340297216
1246572889039605760
1246573275226017792
1246569522158583809
1246837507066605568
1246839545749962753
1247494926985723905
1248140816238948353
1246580834741760001
1246683584091619329
1246684211093921794
1246684950604152832
1246569153059860481
1246569668577570816
1246569782276771840
1246570941301260292
1246782245752406018
1246827603891290113
1246710164792774656
1246828004522831872
1246812208065118208
1246570882564345861
1246692308453556224
1246761248789876737
1246690786793730048
1246693687003922433
1246712393947889664
1246797510863212547
1246827474153017344
##1246569079298838538##
1246569079298838538
1246572172623204357
##1246570218329116672##
1246461417496117252
1246462635673075715
1246465703634513920
1246467032998203397
1246531939189784577
1246533149762490369
1246556153523421186
1246470282199683077
1246562086861275136
1246570218329116672
1246912431353364480
1246914136975564800
1246839493325402112
1246899039595114497
1246586326717280257
1246589027924533248
1246839692445827073
1246899249213845507
1246941653266546690
1247279462699487232
1246600087532441601
1246562588864983040
1246561989834551301
1246475922838114305
1246554075451330561
1246465039650955266
1246561430117154816
1246695711141494787
1246900054968934400
1246900878164086784
1246902344593391623
1247024751069069319
1247280303850295296
1247024649537564674
1247278707896659968
1247279123258585088
1247279176262078465
1246509831286075394
1246571222126731265
1246571611702034435
1246571910374264844
1246572339774533632
1246572484696121344
1246575245017972736
1246575443697958913
1246576326057787398
1246654155650973696
1246900813890490368
1246491545668378626
1246553326734446593
1246915490943041537
1246932755637768192
1246536795912916996
##1246572374155239424##
1246572374155239424
1246574562000670720
1246574753592348674
1246587149983592449
1246775143071965185
1246825366192259074
1246589438722965504
1246655702606721024
1246716898567471104
1246586916054740994
##1246573779079200768##
1246573779079200768
1246574874971320326
1246576611970949120
1246649435859255296
##1246574252171591684##
1246571312249737217
1246572069598396418
1246741203288195073
1246725219651399681
1246828123129360384
1246852073305538561
1246572988721516544
1246573836222500867
1246574148920446984
1246575017745362946
1246575125262196742
1246704263058853889
1246829240231907328
1246571538696089601
1246571997536141313
1246626819895439360
1246645785162387456
1246713868186988544
1246724974850736132
1246740951722229760
1246769262905131008
1246780694736654339
1246837079587381248
1246841476321095683
1246868638235348997
1246573481044709377
1246575328832692226
1246576719802351618
1246578117696725000
1246578490679459841
1246578981232615426
1246579390059773952
1246581102963306496
1246581154993537025
1246581165311614978
1246581626043236355
1246583843068547075
1246588562109353984
1246590403836551168
1246603119942873088
1246605833770860545
1246613005279903745
1246617896509472768
1246622896996352001
1246878364973096961
1246883426050981890
1246918483180470273
1246572404027031554
1246572531882110978
1246581682364448775
1246741023264575488
1246573077175164929
1246574252171591684
1246587567325229057
1246591749381857280
1246614773959139330
1246670794417111040
1246674323722645505
1246678027934863362
1246714927848534017
1246723626063233024
1246752106675146765
1246763256242483200
1246776546620211201
1246779481257316359
1246887871274979333
1246572234468208641
1246572785473925122
##1246575275468558338##
1246575275468558338
1246576194436378625
##1246576080120696832##
1246576080120696832
1246577763026382855
1246584671233888257
1246683650256707584
1246765729896173568
1246578239629336579
1246579126707859456
1246579421441597447
1246605094633824256
1246640229878038529
1246594300470853637
1246580953167863811
1246582101052358658
1246761807345262592
1246762000706867200
1246762297512603648
1246763351453171712
1246763662402093057
1246767777869897730
1246767900637224962
1246768163339059200
1246768833249120256
1246586181569204224
1246722940042915842
1246749676004683778
1246750002724196352
1246752505360506881
1246752969770622976
1246753604125560833
1246754878870958082
1246756682094579712
1246777514904686593
1246753926570967046
1246805294077878273
1246752950745210881
1246755877656428544
1246777224570834945
1246759763691667456
1246583664416301061
1246580129528152065
1246576742862671877
1246577175043637248
1246579025453162496
1246579844466515969
1246592531112099841
1246593053265137667
1246597641598877696
1246578467086483457
1246627178143461382
1246737560900186114
1246739406289014787
1246744293919928321
1246795720826523648
1246628338736791553
1246631037523779584
1246578388548157440
1246579054381334528
1246631064761753601
1246577279175733255
1246577861907156992
1246578424610783232
1246579160010633217
1246580733453520896
1246581962380316672
1246577072128081920
1246577296158396418
1246578118480941057
1246578695608860674
1246579483664097297
1246580084758261760
1246580709734711296
1246581902510882817
1246582102004576273
1246582405693083653
1246578096087748609
1246578781214650369
1246589602644873221
1246589849311875075
1246806976065085441
1246838689562591232
1246576383784103942
1246576749598646284
1246578729620512775
1246592277046231041
1246581178188083201
1246582250701021191
1246770139271487488
1246754359154704384
1246756285145645056
1246779941129203712
1246578732313317376
1246579453863571456
1246596969482649601
1246580372940509184
1246580896108593153
1246577781770719234
1246578255420887040
1246578720854421504
1246578375143161859
1246579004204814338
1246589367235358722
1246594522169126912
1246637590901657602
1246646607619203077
1246706149824638981
1246774841090494464
1246581741516656643
1246582299354902530
1246585856242208772
1246582518079467530
1246576205320597508
1246576233300852736
1246576317425909762
1246576356823117824
1246576734528471042
1246576779780898818
1246577096501100546
1246577171839307776
1246577175081488384
1246577307080445953
1246577410147069952
1246577900482068480
1246577734081556480
1246577735130021888
1246577851870167042
1246578028714524680
1246578246092808192
1246578564390178817
1246578923347103745
1246579323894665216
1246579624018096130
1246580217562501125
1246584151660208128
1246661680332972033
1246670554884714496
1246689782509469699
1246690575681818625
1246693854671142912
1246698026263027712
1246700871536254981
1246703391033757696
1246705211747508224
1246706369023148032
1246579643769073665
1246580259518021636
1246583344940400647
1246584815136247817
1246584826620186624
1246589099244498944
1246592280535982085
1246722623649787905
1246724297399447552
1246724669434212354
1246730589488717825
1246752792447942658
1246753259571871745
1246769521786060801
1246769896358363138
1246771658259562496
1246775170859220992
1246593295079419907
1246597501941137408
1246602082540544000
1246602793361735683
1246603816578904064
1246605076669575169
1246606419400503297
1246612931619491846
1246612942063362051
1246615823927644164
1246616458357923840
1246620357928398856
1246627217037197315
1246627475699961856
1246631064489070600
1246637481115688961
1246642515224207361
1246646233839669253
1246648689277501440
1246661365219155968
1246776938615713792
1246834145667489792
1246882521628971010
1246795534645542912
1246795969833959425
1246700406669017090
1246702647480135681
1246702759052816385
1246576530177904643
1246576700835708929
1246577723792920576
1246579238481920001
1246594724624031745
1246635259661291520
1246671498787594240
1246680452913659904
1246749021336670211
1246750131816255488
1246764835024535555
1246767879908974592
1246821772651114496
1246862349803425792
1246752128305115144
##1246576718665715717##
1246576718665715717
1246577746832171008
1246583619965124612
1246584966890377217
##1246578049312862208##
1246566949183721472
1246568165129228297
1246578049312862208
1246702937964974080
1246575395144679429
1246581969653301248
1246578851125264386
1246582877317464064
1246740467930279942
1246578686402445313
1246581852795736072
1246660062489251843
1246708473137594368
1246794769893863424
1246795274581835776
1246877893386547200
1246882574800224256
1246918797149245441
1246586162657067010
##1246578312618663936##
1246578312618663936
1246591428131803142
1246593864078700547
1246671811917611008
1246758015522476039
1246643753575735299
1246773850647547905
##1246579123750932480##
1246579123750932480
1246580103674552325
1246583622620020736
1246631965467594752
1246582062653624327
1246593278310584321
1246707284044111872
1246650847691489280
1246959562076360704
1246581718406103040
##1246580685286060034##
1246580685286060034
1247559815267856391
1246826675280793601
1246588294000979973
1246602243761209346
1246800744126328833
1246583700445421579
1246633724130852864
1246896936147451910
1247116384624091136
1254869423401418752
1263828743912644608
1246582640238624769
1246611433758081030
1246582027173933056
1246703846514188288
1246697055839498240
1248606175014207494
1246582565365923841
1246820384466522112
1246826803693584385
1249603354608701442
1262400468019490821
1262400823432286213
1246582586715049984
1246759942536810496
##1246644994150207488##
1246644994150207488
1246648726648696833
##1246663788750929922##
1246663788750929922
1246702848676630528
1246711107852603392
1246664729449414661
##1246687233488322560##
1246687233488322560
1246707978834710529
1246838178151104513
##1246771211398496256##
1246771211398496256
1246773445737709574
1246790804372369410
1246779928785362944
1246782674712264704
1247688214132989954
1246849620749189121
##1246779395001454593##
1246777984830312448
1246788912292528129
1246779395001454593
##1246781536596353024##
1246781536596353024
1246783489938206722
##1246819846681251843##
1246819846681251843
1246859485227991041
1246872022682079246
1246820873169969155
1246877393572302850
1247151876367429643
1246838368509583367
1247132154632572928
1247146505535922176
1246902639369113602
1247021775952773120
##1246890532435038208##
1246387986687832064
1246890532435038208
1246933144013615105
1246891663966044162
1246418480099966978
1246452357874974721
1246454942384226310
1248657219085893632
1246889325775781888
1246558384775663616
##1246890885125734400##
1246890885125734400
1247130955728523264
1247137699963777024
1246892252632428544
1247124956489617409
1247272570476531714
1254197520550502400
1247243235564584965
1247121995118120961
##1246901950874103810##
1246851307949953025
1246855367843295235
1246870246146945032
1246893321701724169
1246901950874103810
1246907830088732672
1246909527355686919
1246911221481246726
1246912696919998466
1247007754897809409
1247126365272510464
1246853065933815809
1246853551445377024
1246855155775156230
1246855666976919553
1246858920339128321
1246859269326229504
1246880636574609408
1246893807280500736
1246896379672375298
1246908269521702917
1246908437809827841
1246911443859013635
1246855062783131650
1246852660965318658
1246853035478917127
1246853654931521537
1246854902342660099
1246855483052474369
1246856137204514822
1246857296589791237
1246858538246451200
1246853725903294464
1246860594260688897
1246862500135657475
1246853629191106570
1246854802233049088
1246852365082406912
1246852939911749638
1246853277708357634
1246853826285576192
1246888888020451328
1246894144129245187
1247087359868493825
1247121248603246592
1247151667063259136
##1246905195235328000##
1246905195235328000
1246905797918982145
1247116456044703749
1246907405780254727
1247116491109158913
1246911154267607047
1247116413082505218
1246905644201979904
1247116365833605121
1247121326667714565
1247123987261468673
1247275967929880579
1247276297459564544
1247010149476294658
1247116617881919488
1247118293955227648
1247051570434453505
1247116582884642816
##1246912431353364480##
1246461417496117252
1246462635673075715
1246465703634513920
1246467032998203397
1246531939189784577
1246533149762490369
1246556153523421186
1246470282199683077
1246562086861275136
1246570218329116672
1246912431353364480
1246914136975564800
1246839493325402112
1246899039595114497
1246586326717280257
1246589027924533248
1246839692445827073
1246899249213845507
1246941653266546690
1247279462699487232
1246600087532441601
1246562588864983040
1246561989834551301
1246475922838114305
1246554075451330561
1246465039650955266
1246561430117154816
1246695711141494787
1246900054968934400
1246900878164086784
1246902344593391623
1247024751069069319
1247280303850295296
1247024649537564674
1247278707896659968
1247279123258585088
1247279176262078465
1246509831286075394
1246571222126731265
1246571611702034435
1246571910374264844
1246572339774533632
1246572484696121344
1246575245017972736
1246575443697958913
1246576326057787398
1246654155650973696
1246900813890490368
1246491545668378626
1246553326734446593
1246915490943041537
1246932755637768192
1246536795912916996
##1246913321917448198##
1246913321917448198
1247135769178882049
1247192886292217859
1246922340098768896
1246957259546124288
1247155989079445505
##1246923240632651776##
1246923240632651776
1247089731999064066
##1247051006225113089##
1246917596869509122
1246919778335371266
1246933795791605760
1247146277802070017
1246918890761961472
1246930829068185600
1247166751248285699
1247193047231848448
1247824633178529792
1246918304482148355
1246937086399299589
1246918943706615813
1246924246988795904
1247045828830781440
1247051006225113089
##1247078459802714112##
1247078459802714112
1247137609001951232
1247154787616878593
##1247226912302411780##
1247226912302411780
1247288759701229568
1247229781772505094
1247285838356111360
1247282809875640323
1247295200525004800
1247228116533219329
1247268517185011712
1248395439046455296
1247227650076278785
1247303955840929796
1247312386991755264
1247228310800793602
1247231204660776960
1247250539156561920
1247278174570008578
1247285681514328065
1247286475466641409
##1247234213956456450##
1247234213956456450
1247291365781909506
##1247298936978780160##
1247298936978780160
1247299451309436928
1247299842331811846
1247300088197758978
1247300295547400192
##1247569751389470720##
1247548679596183552
1247550682355417094
1247550857689862145
1247565353539993600
1247616449990086658
1247643511849132042
1247643953597485056
1247726591230324736
1247751369835950081
1247852888744919042
1247898331725975554
1247974074233622529
1248220969484693504
1248836066687279105
1247727219016978434
1248718829385105408
1249377156309962752
1247616343182053379
1247785716714594304
1248263524301889541
1247601888788393984
1247594412688932869
1247596632994185216
1247594880483889154
1247607821790830593
1247596917267345411
1248230257590755328
1247595069361868802
1247597618290720773
1247559840274231296
1247597676344020995
1247615632876752896
1247636239349661698
1250173456429260806
1247659053255442439
1247549747667382276
1247597568869183502
1247637364752748547
1250206032468619264
1247554835832078340
1247556642297851909
1247565204705234944
1247548878917951488
1247571424941924354
1247751996272082950
1247571098952237057
1247752221111926784
1247890429321723909
1249358188631207936
1250931729994592256
1264969697080066057
1248020546354364416
1247550060210139137
1247550667612446720
1247918624511266820
1247960355990581249
1247934426316771333
1251935843721371651
1247567179597459462
1247557248836132864
1247780900005240833
1247897538570539008
1249077037165412357
1249931139583705088
1247632464312520707
1247867135789092865
1248042251294556168
1250030849455775744
1251477401177141249
1248737232938250240
1249757072448794624
1247548947071217671
1247594998423531522
1247565806738776065
1247795033123643392
1247564192720224256
1249076921599758337
1249076960900366336
1247553717601173505
1247569529221328896
1247640734540406784
1247903021423443968
1247598519755497472
1247598742628380673
1247548811687403520
1247549095851499521
1247549921668063235
1247550172864942080
1247551122774069251
1247567634889093120
1247586205086167041
1247587620538011650
1247612781651787781
1247676347406827521
1247680610233135105
1252606740446806017
1247548819753111554
1247548958492295168
1247549573817675784
1247585392150425606
1248795638093025280
1247551613474086913
1249077692051439617
1247609733642682374
1247548977903525895
1247549017938165763
1247549654360875009
1247568904832126983
1247571020883595265
1247575401997709313
1247577299278598150
1247578164802486272
1247580155670863873
1247584624789733376
1247586478206713857
1247610725327163392
1247614137842180096
1247658893880238080
1247702956050350087
1247847042816319491
1247898105728532480
1248792357576888321
1249011369183150086
1248731979266297858
1248732306455638021
1248732462190071808
1248732890881458182
1247553911327686656
1247595635144101890
1247605510112714755
1247611624334262273
1247614248039198721
1247548956273446914
1247735589551534080
1247563397270515714
1247564473990332416
1248956873912582144
1248957622621011973
1249450833600753664
1249452729027657733
1247548868054724608
1247548943136940032
1247548943229169666
1247548958584553473
1247549038528008193
1247549048925585410
1247549055208697858
1247549087563632642
1247549156496998402
1247553152297177089
1247559001224732677
1247564303126999040
1247570157939183618
1247580493530439682
1247603002892001281
1247614542294679552
1247655892474085377
1250197762718732290
1250953705777696768
1247761136776183809
1247928405766615045
1249937148830199808
1248928373759528960
1248991100536266756
1247752769764601856
1247815600287744001
1247816468554711040
1247879466015002624
1247879570956734466
1247676612247785475
1247679043811651584
1247679948682399744
1247696580884475909
1247721472476483584
1247835249834328064
1248263441317539840
1248382988645052427
1250804306288283649
1247549092026351618
1247549205188673536
1247549584198586370
1247549600900304898
1247550034243137536
1247550364146176000
1247550958885834753
1247551404694257665
1247553144000778240
1247553849440731136
1247555097988562946
1247556040255832064
1247556818013995009
1247556924515762176
1247558674991714308
1247559288412942340
1247563769770844160
1247563973647462401
1247564281157206019
1247564490624942080
1247567780330815488
1247568130827640832
1247569234714079232
1247570293176098816
1247572237365977089
1247575037311238145
1247575783683567616
1247577005425655808
1247577271457779719
1247577271478751232
1247578157215035397
1247579083850088448
1247580095956635648
1247580163820396544
1247584640614961153
1247585476174848000
1247585919080726532
1247589002800181248
1247590131009228800
1247592135307726849
1247593876166184961
1247594930756825090
1247597209178320896
1247597352539623426
1247615118097240064
1247617499778121728
1247618261858037760
1247627603164442635
1247629832877494272
1247632174536409088
1247634798568517633
1247637314404311045
1247638037259079685
1247639904311488523
1247650283351617536
1247656569069809665
1247666853868179457
1247677994530934786
1247682529294987265
1247692426019573763
1247702991949508609
1247711581062025221
1247733557977477120
1247804430990229505
1247815257655070720
1247818513391202304
1247837727950856192
1247852260668903424
1247852703889399808
1247873511080812547
1247873630018646017
1247903191628304384
1247904121568428038
1247906066429599744
1247909150752940035
1247909683748274179
1247940507407462401
1247962028364398592
1247569751389470720
##1247592849241186305##
1247475300478398469
1247475306040000513
1247540293685014536
1247689020332806150
1249647887929221123
1249864130384838663
1247691070105890816
1247973844276707330
1247540375385858057
1247476896566304774
1253300447047229441
1247525777140154372
1247525870492741632
1247526223443398662
1247748186841608193
1247477309399076864
1262141573040672768
1247633600335548416
1253642817269829632
1247904177524596736
1247483299754397696
1247475596520763392
1247485051408875522
1247516287426674690
1247535512878903311
1247559197509763079
1248246841541459968
1247478375452676096
1247488432928182272
1247510853643112450
1247530911043686401
1251785285417021442
1247485500593786881
1247488493393186819
1247482106223251456
1247793605755826176
1247475463251001344
1247475718533058560
1247476432768557056
1247477648516960256
1247482210380328960
1247483805146984448
1247485145625636864
1247488355119640576
1247490462107275265
1247900669794586628
1247491715323301888
1247558884706914308
1249676203570663426
1247475626703028225
1247484375387774976
1247481492181340164
1247538280893042691
1247784985030840322
1250150668679155714
1250151735747923973
1247476693088043015
1247769801490968583
1247475643509506048
1248671956326588416
1248543994231037952
1248545142094606336
1253293267774509057
1253151613058940929
1253690179719749632
1253871706332114945
1254047909613654018
1254893966035689476
1255553917599059970
1256075999403487234
1256779694806126598
1256783697564643329
1257749079939076098
1261579542998679552
1265428335712182272
1247477884450717697
1247479014899548160
1247480682437390336
1247487117263015936
1247475729702551553
1247475773797171207
1247475929011625984
1247476110549569537
1247477540417163264
1247478928937234432
1247483775124156416
1247493197422616577
1247496775591702529
1252256848381689862
1252315451197198336
1247476427517317123
1259091862494871553
1248304520825901058
1252109962974769153
1252124473119117314
1252277009515982849
1247504678679654407
1247568547603193857
1247586381976797187
1247624625246396419
1247659670023651335
1247674892423778305
1247697765716635648
1248118902674112513
1251062274506346496
1247475640707809281
1247475650061119489
1247475655664644098
1247475663503835136
1247475770840117249
1247475774619254785
1247475793757908992
1247475981889212416
1247476011597475840
1247476097178112002
1247476178132361218
1247476271514292226
1247476441555644416
1247476451521245185
1247476516570697728
1247476523713560576
1247476579107831809
1247476612733550593
1247476621877051392
1247476905084846080
1247476917927804929
1247477059229712384
1247477202129694726
1247477227148791808
1247477284015087618
1247477562902753285
1247477679575781376
1247477694092238850
1247477702443106304
1247477739025817602
1247477772823470082
1247478003787018240
1247478055578284038
1247478113522593792
1247478318712205312
1247478606575665155
1247478617229201409
1247478933282488321
1247479079806345216
1247479340251701255
1247479668716027905
1247479867534434309
1247480028062941184
1247480760241721346
1247480930450759681
1247481294361157632
1247481557759262725
1247481750453997568
1247481925264199681
1247482092209999874
1247483202228359169
1247484150287867904
1247484152875794433
1247484624462364673
1252004113124122632
1252009343995858944
1252060092142321666
1253289007263485952
1247484767555239938
1247485732161302529
1247485918744846337
1247486175973117952
1247486558896259073
1247486698361151488
1247486907547897867
1247487000049004544
1247487317503283201
1247487488333090816
1247487772815958018
1247488448333832192
1247488675279142913
1247488678529810433
1247488873267179523
1247489957960310784
1247490210600017920
1247491127722364930
1247491292478783488
1247491399165063171
1247491410091261952
1247491835947253760
1247492012108124160
1247492094463283201
1247492604180279296
1247493059782344704
1247493595336245249
1247495568504623104
1247495632983674882
1247495851926306817
1247496052363722754
1247496666640506882
1247496867908329472
1247479451149111303
1247481433448464384
1247588954494418944
1251869672888324098
1247490088189255680
1251869916355051526
1247503333637701636
1247504794991775746
1247505852883447810
1247514016299339780
1247565070265131008
1247629192474361857
1247485827602661376
1247566618663714817
1247612326276194304
1250082490863230977
1247514620551708680
1247476295719686148
1247488146050363392
1247488294218338304
1247494552178565120
1247494677181468672
1247495109484175369
1247495377185636352
1247496388310642694
1247496511619059718
1247496814254796800
1247496973290221568
1247505848471105536
1247565233109045255
1247488636624437250
1247489288025014272
1247489948376236034
1247490205612900352
1247569693327720448
1247569858038022144
1247570099650924550
1247503148081508353
1247493793479344130
1247510354810359808
1248001822532554755
1247519009806749697
1247498953760874496
1247499101341614083
1247490122091843586
1247492818425262080
1247493422212157440
1247493493024571396
1247511562107174912
1247549494096510976
1247538300279066627
1247602356092624899
1247563861357662209
1247647774759358464
1247841561246928897
1247649146670022656
1247511061852454912
1247542117322199041
1247534225303023618
1247627708697378816
1247627012287717390
1247768030370623488
1248105645775171585
1247499016675393536
1247518234045104129
1247478907001061377
1247577365279985664
1247722303670177797
1247722787252375553
1247483833504731136
1247618079833677824
1247591486310486018
1247588903483301888
1247485239502475264
1247782417055666177
1247965545363845120
1247492026490380291
1252136874937921538
1247487710220165120
1247490406717194241
1247561280023597057
1247484325135888385
1247485602334941184
1247496049918447618
1247504986986164225
1247516164630216704
1247541287286276096
1247551355729870848
1247553698223579141
1247484339560079360
1247485379646820353
1247615598030356480
1247848235328299008
1247503108227444737
1247527382065410049
1247530385761636352
1247550870734213129
1247561224889536514
1247565497375301634
1247568072539615233
1247574610192871424
1247576444026474498
1247581301999370243
1248193981944643585
1248214474177347585
1250104484153511937
1247493197129035776
1247517906004578305
1247492414987780099
1247531306059067392
1247534969255165954
1247577417193062400
1247577101026426880
1247639762074308609
1247634467147177984
1247901307576320009
1247578567518687232
1247565182534127623
1247635468323348480
1247504687915466754
1247540162520727560
1247540256385060872
1247709762457948160
1247713457484562433
1247714898148241408
1247738719144009730
1247540277834727429
1247505794532347904
1254033119587577858
1247516951120920577
1247561717195907072
1247562178183532551
1247601860376252416
1247594083373256711
1247476444932046848
1247478193268891648
1247480659544809478
1247483897543303169
1247486345704099840
1247489196316647424
1247496567680110592
1247476334890307584
1247494699692232707
1247650714349862913
1247492414006161409
1247492145801580544
1247492473674481664
1247492644995039232
1247492883407671296
1247475573431177217
1247485658635124736
1247489197839187970
1247476807902920704
1247477639457181699
1247479114174541825
1247604589555261441
1252264905018933249
1247540123744366592
1247545433494298624
1247562895094882304
1247569219652333569
1247547387045953541
1247548635182661632
1247554000238579716
1247557294998597632
1247475676061618177
1247559517036044289
1247580611226845187
1247708277040918528
1247734209722097665
1247990572629049347
1247990967833186306
1252606820709019648
1247482119896604673
1247483177897267202
1247478324496076802
1247482678926086144
1247483668635009024
1247497087731761157
1247497719410810882
1247475579097620480
1247477806226956288
1247478030919966721
1247475596516524032
1247476022477565952
1247509286210715649
1247510424158961666
1247542207382343686
1247726405464526849
1247746009041518592
1247761030924517378
1247931299563790338
1247536738957807621
1247620900305936384
1247558163236302848
1247488657990303744
1247488749107322884
1247640090341527557
1247641006943674369
1247896543077621760
1250418939105927168
1250419520704921607
1254893750704377856
1255600240809345025
1257749167880966144
1258413237143470081
1259406110856970241
1262158398730260483
1253042002096279555
1253295761036578817
1263306079288655872
1247509890152751104
1247510075637477385
1247800987940614146
1247475644415512576
1247475593744187393
1247528532109955081
1247532206068658176
1247552520324603910
1247611968816656390
1247519361000067075
1247519714785411072
1250837143972446210
1251442951609352192
1247475590422290432
1247479646100340737
1247901572295581696
1247522377484754947
1247531721957892104
1247539006205612034
1248448082368434177
1248795752777818112
1252394761748508674
1247475537888624641
1247475652875485184
1247475937870053376
1247476111300329474
1247476231261556739
1247477248917213184
1247477366257049602
1247478679296331776
1247478707796815872
1247494105158111233
1247507944406745088
1247547924688617472
1247589336335421440
1247880843680288770
1248321711147307008
1249791440277954560
1247475583703007232
1247475639499870209
1247475642586861569
1247475664397250560
1247476462023819264
1247476703808667649
1247478403579744256
1247478567165886466
1247501265032171520
1247509950542340099
1247514748796755968
1247548143903924225
1247558544632791050
1247559829708832769
1247573774775525378
1247627881800511490
1252708755462119427
1247475607891587073
1247475630494670849
1247476003259265030
1247476032913002496
1247476152442241026
1247476363541598211
1247596384812969985
1247613852092698626
1247476940405182464
1247477242722226177
1247477589679226880
1247478612460285953
1247480427700510720
1247480877115998208
1247481821601959937
1247483605854674944
1247483960969568256
1247484258085670913
1247484577754513408
1247485778315411461
1247485944753803265
1247485965410729995
1247486077771878407
1247486163746783237
1247486519037906945
1247486899184435200
1247487493785731072
1247490199262822400
1247491734399057920
1247493015750443015
1247494925941231616
1247495204401274881
1247496104670834689
1247496202318462978
1247496931217215488
1247497599717949441
1247498757442342915
1247498880373207041
1247499468796301312
1247499758194905095
1247500615380500480
1247492576166453248
1247500870293618688
1247501414034747393
1247504178240512000
1247504754139422720
1247506850418958338
1247507980842676226
1247509838483075072
1247510560918421505
1247515392718880768
1247517144809533443
1247521750948220929
1247524911968481281
1247528644617973762
1247531114870091778
1247532952751198208
1247532977271083014
1247533609746960391
1247533623177129985
1247533849979973634
1247534868247937024
1247535282775187457
1247540443333529603
1247545674234814464
1247550992759107584
1247561025479729153
1247568425876103169
1247569963881246723
1247570394942406657
1247592849241186305
##1247662089793044480##
1247662089793044480
1247851698992840707
1247852099381190656
1247852181887254530
1247852363672621056
1247665467482943489
1247665586408247297
1247662352926982145
1247662396287713281
1247850846693535744
1247851541748428800
1247662309419487238
1247662357276393473
1247662455544852483
1247662487895449601
1247665762426331144
1247665811550015490
1248020207349698568
1247662937554198530
1247662994189926406
1247663153288273921
1247663245126766592
1247663410248126464
1247663451767439365
1247664135959121932
1247663168014495744
1247664966280392705
1247665609162338310
1247788942016917507
1247789096145018885
1247989327885479937
1247663728306290688
1247796095469547526
##1247846680122318849##
1247846680122318849
1247849092249722881
##1247982908620640256##
1247982908620640256
1248063507754635267
1247984807751098368
1248018514230697986
##1247995831673860096##
1247995831673860096
1247999098340458496
1248001263783968768
1248065434420760580
1248209234187243523
1248007469558665216
1248009648965185536
1247997657353723904
1248048548614148096
1248108443896098816
1248122089787228160
1248154327505649664
1248357587852156930
1248011913411223552
1248066593386528768
1248088017690075136
1247999988388581379
1248065785349758983
1248009689868021762
1247996814793437184
1248041063039844357
1248002156705255424
1248002744566325248
1248006985175322624
1248234479279366144
1248028776568688642
1248066822613749760
##1248005213824225281##
1248005213824225281
1248013918208806912
##1248343708417822721##
1248343708417822721
1248355242825199617
1248560993208320000
1248561248599506950
##1248351871208771584##
1248351871208771584
1248362584895619073
1248363350880399364
1248352392808206339
1248517085057241090
1248353631667093505
##1248367394428420096##
1248367394428420096
1248377431280349190
1248379607092310016
1248380150581841922
1248382480169623552
1248380505034113024
1248382698734776320
1248379846436081666
1248369702323269632
1248369938689073152
1248501332098465796
1248615268433055746
1248629036034576398
1248523633066205186
1248371578770948098
##1248390332489666562##
1248390332489666562
1248390847998996481
1248390992631193605
##1248580794873982977##
1248398189528412160
1248398576708808704
1248580794873982977
##1248745931144605698##
1248743044238671886
1248745931144605698
##1248917354970480640##
1248917354970480640
1248927620324089858
1248937716571611136
##1249159057811914752##
1249159057811914752
1249167509829410817
1249183445798006785
1249228010764619777
1249282007982620672
1249276460973658113
1249447008517132290
1249283154755624960
1249182250996043778
1249192640110829568
##1249830651433496584##
1249784497358372866
1249795803096498176
1249811181864390658
1250080681734045698
1249811848175763463
1249820657648615426
1249876244172173312
1249918549776310274
1249957702115221509
1249969599141085186
1249786649518669824
1249787398667501568
1249785113258397697
1249785894824968196
1249788564038172672
1249785233706233859
1249785637198352384
1249785675307769863
1249785905663094785
1249785910570496001
1249786092242509825
1249786203366404104
1249786729504088066
1249786791361761282
1249787010585370624
1249787172254859271
1249788049225064449
1249788261683408899
1249788531909767169
1249790580579860481
1249791165769138179
1249793795106971662
1249794186758557696
1249801154751594496
1249802712952209413
1249975153422983168
1250008526434467840
1250063238743625732
1250069835444375559
1250076555465895937
1250086187219529729
1250092745026342913
1250349151377707022
1249784929619251202
1249786576969875457
1249790203847274496
1249863874863607812
1249988377291771912
1250189874914787329
1250544156465942529
1249785613701668864
1249785770300366848
1249830651433496584
1250064388205273088
##1250557785651261440##
1250540107729428483
1250541987163516929
1250544945708118018
1250545527999127558
1250545810460327937
1250546504659501056
1250546967333265408
1250547868148150275
1250562163766439938
1250556954759630848
1250557785651261440
1250560574255255555
1250561136640118791
1250546077662621696
1250554041731612672
1250558223951814656
1250549712815611907
1250550934872219648
1250551650579894274
1250552836271804416
1250554344455495688
1250555021265121280
1250554900452425729
1250555140131749889
1250551739276832769
1250552168781840385
1250551738333122561
1250553062109974528
1250553556307976192
1250563121154056192
1250566695862837248
##1251278999256535040##
1251113945584336898
1251157912333848577
1251127854794002432
1251133715620790272
1251132724825513984
1251136089949159424
1251138994953498624
1251196584664223746
1251198076771020800
1251200236850159623
1251229635603554308
1251133826635628545
1251307076560838656
1251471554728398850
1251475228225605632
1251324778293735426
1251327995547193346
1251355507345911810
1251388779572625408
1251390529197268992
1251406458601836544
1251268728538501123
1251278999256535040
1251114460691005441
1251116349587443712
1251121854452060160
1251126409847865344
1251129326763900932
1251191719892324352
1251200483760443394
1251289626100334599
1251165980174299137
1251167192495853568
1251173658359468032
1251209639120814080
1251212846739980296
1251218360764948480
1251246556449308672
1251270741464621058
1251275555556798465
1251409691143520258
1251425749711687680
1251438714192101376
1251449798697328641
1251461784596287491
1251505222012338176
1252477136293814272
1251307955775049728
1251447121649295361
1251500265322266624
1251536921593085956
1251152350078615554
1251159243048140802
##1252378481272320007##
1252372858778476549
1252336194672832515
1252316731311300613
1252324441587154944
1252325820292632583
1252326198396551168
1252326628274909192
1252327602552999936
1252328951491551232
1252330335645425665
1252332280003076097
1252332879759237126
1252336632038113280
1252362816494776321
1252363783466450947
1252364389895692291
1252366798072066050
1252367168093577217
1252369198623252481
1252370097059946504
1252372050066288640
1252373388636516356
1252373961138040833
1252374386348187648
1252375195400077316
1252375697143656457
1252376580275318787
1252376751600099328
1252377302870061056
1252377942585274384
1252378481272320007
1252378652634787842
1252378887243264001
1252379335094198273
1252379565323767811
1252380738550329346
1252317331436568579
1252317926365020160
1252318870565801984
1252319611753807872
1252320689874513921
1252322351997468679
1252322895767928835
1252323599769317376
1252324250570145792
1252317965309169665
1252319330487992322
1252320345752850432
1252328471986147331
1252329590099509249
1252329805569196033
1252330499659399170
1252330684070363136
1252332358851756038
1252318649542729728
1252319541331402758
1252319815043289089
1252321241161228288
1252321361953017857
1252322188708978691
1252325313633300482
1252326432191234049
1252326905841430534
1252327136779780096
1252327620160688130
1252329022102687751
1252327689626832896
1252329148355354630
1252330421565734916
1252343330744090624
1252344169319632902
1252345555641982977
1252346030361767941
1252346158384418824
1252346376786030598
1252417383240593408
1252419196652097536
1252424971017576448
1252647087738626049
1252647540861874180
1252649309352361985
1252672662423429120
1252373554152173570
1252373752223916040
1252374454140694530
1252374599548858369
1252332746380320769
1252334773919518720
1252335941567610882
1252336068839436289
1252337035903369216
1252337802324447232
1252342184528896002
1252342318939557889
1252348930156724227
1252349337650163727
1252351481979629571
1252352592434233347
1252356636498227200
1252356822955995137
1252357173868281858
1252357349764825089
1252331734760411137
1252333710151749633
1252318887422631938
1252319850342514692
1252398502304296962
1252402066749706241
1252648145751859200
1252354320936300544
1252355911747682304
1252355804197343232
1252356612947234818
1252357730649554944
1252358659775950857
1252364385520988160
1252366625979826178
1252366712562790407
1252368992741625856
1252368649085612032
1252370069977366530
1252370909278564352
1252372362525175809
1252334611474067457
1252335453241577472
1252342083869790213
1252345781593366528
1252336168978599937
1252336529143455749
1252346705669849096
1252347101368905745
##1253448708382998531##
1253448708382998531
1253449328968052738
1253454987344130054
1253461543880216577
1253468551912083462
##1253816726887624704##
1253816726887624704
1253818427061538817
1253819113274634241
##1254188815767437315##
1253972015490322435
1253975888452075520
1254183627451228161
1254320861185785856
1253995445963104262
1254024505879601152
1266651769976864772
1266659903944482817
1266672026430963712
1266692417027276800
1266694693540298752
1266695504089530368
1266695594753626114
1266696976122490882
1253986845563781120
1253987704934719488
1255466249976496135
1255509054870507522
1253990504565477377
1253991247498313728
1254051949592416256
1254032519164502016
1253991607797534725
1254011757951156225
1254117003666903041
1254234961449832448
1254045539882217472
1254068596294258688
1254105003897368579
1254109897194713092
1253996989609541632
1254043238031413249
1253987746030510080
1253976737018458112
1254041917983264768
1254042485824851969
1254049446209470470
1254725812743475200
1254752955305209856
1254756755243925506
1254759024349925376
1254760422365896705
1254117952879759369
1254267293850382336
1254060050991271938
1254067821564375041
1254064559469584392
1254065049309773824
1254104492070645762
1254106362365296641
1254204245395603463
1254204792169287682
1254207080019496963
1254210413446791168
1254211968791195656
1254212634284613632
1254215832512724992
1254212939453804546
1254210922249433089
1254211021994168322
1254211787123195904
1254094750367526915
1254095114357608448
1254189614304296963
1254226978984599552
1254168656004644865
1254172090783186945
1254172438222573572
1254172609048203265
1254172891605852162
1254009971664211968
1254239148866777088
1254239998460801024
1254240245698244609
1254511854191357952
1254514177122668555
1254514751939493889
1254514884957609984
1254515074414379008
1254515192324644864
1254515354522587137
1254175686966874112
1254177762253946880
1254109385820975104
1254228787035803654
1254239609816563717
1254252163557199878
1254254783185203201
1254254895357743106
1254254999678435330
1254403726560894977
1254262787699851264
1254274752564342784
1256571589145083905
1256616243525832711
1253983871865163777
1254057288605859841
1254086374854217728
1254090658320613376
1254096804578242560
1254097916219650050
1254106361526452224
1254215130491039746
1254321628160425985
1254323713740345346
1254571205966905344
1254572126218092545
1254572482343944192
1254111015916224512
1254219204909248514
1253982468824276993
1254105923099992067
1254210648390729729
1254180280031641600
1254180482591399939
1254180657854468098
1254181679138291712
1253991336883171328
1253991926308667393
1253995499117580288
1253996940360134657
1254000460119314432
1254022256319176710
1254055513899380736
1254074184021442566
1254237783767613450
1254245611022569472
1254578113385807873
1255791406087536641
1266715765144801281
1266740878007242752
1254130593840971776
1254174745496518660
1254134030376804354
1254134892939673604
1254148422434783233
1254151210451513345
1254151887986753536
1254152146204995584
1254152445841858561
1254152788587827200
1254153327207747585
1254158832399417344
1254158577629093889
1254158549703364609
1254188905475252225
1254190886981943297
1254223391705509889
1254397812533583872
1254407556233146368
1254417555269312512
1254418056404783107
1254418170871414786
1254418892765757440
1254418697575452673
1254418622769958915
1254420307613569025
1254420602007490560
1254420725387218944
1254458299694682114
1254460392962691078
1254460513674768384
1253972778052657152
1253974973456232449
1253975158206930945
1253981121517404160
1253990166953418757
1253990645297020929
1253999234082373632
1254000453618151424
1254008573035786240
1254008630187343872
1254009471476662276
1254016818878038017
1254018103782113280
1254022451966681089
1254023983588151297
1254024408311758849
1254037225521786880
1254039979241734149
1254042447849627648
1254043223531585536
1254045893784932353
1254046022625562625
1254049925593169920
1254051242319532035
1254052490934353921
1254055630358360064
1254056948988882946
1254062262253428737
1254063099621117953
1254068312734076934
1254070068008321026
1254070490546819078
1254076892392669184
1254080015999827968
1254081440758759424
1254084733727801350
1254085574627069952
1254089176556896260
1254091117596901377
1254095334139146240
1254098360627232773
1254098946575794179
1254105314355445767
1254107474883489793
1254116460047237120
1254121571523923970
1254127103697616898
1254127069266575374
1254135099504889857
1254140674888339457
1254145116819935232
1254145830703022081
1254152439839612929
1254153063360757761
1254154074703958021
1254154201405554688
1254154568637841409
1254161549909991425
1254164111379832832
1254164748654034949
1254165313714884610
1254165417087696898
1254165851953135620
1254165948413681670
1254168765450813441
1254169701460185089
1254172455553380353
1254175038816817153
1254175307516579840
1254177147360620549
1254177243724644353
1254177356354330625
1254177468359086080
1254188815767437315
1254189742033338368
1254193347553624064
1254206228949065729
1254206436860727302
1254208756923195395
1254212367929561092
1254214616948801538
1254217800127787008
1254219032355618818
1254230527474831360
1254357343963361281
1254362640706568192
1254221830774284296
1254223718617960464
1254226935397396480
1253977117458653184
1254235659260346373
1253996980386304000
1254191318483558410
1254174953819299842
1254196261214924801
1254517660085358592
1254540514881404934
1254540827587760133
1254195966669963266
1254199083004239872
1254258874410045442
1254306007020429313
1254312429372276737
1254397774134722562
1254460073189007361
1254112063590408192
1254697344572030976
1254891348886462464
1254151076036726786
1254625491945951234
1254629281944293376
1254633055505076225
1254635171015544833
1255200753448296448
1255200831311425537
1255203931447275520
1255204743317766146
1254437073702064128
1254446303981035526
1255622056596643844
1254227896593457152
1254232208325386241
1254237865522987008
1254251043950649345
1254263083444457479
1254279143191203841
1254282183184977922
1254282763609477121
1254303926301720580
1254321544895107073
1254324802279608320
1254344658865590273
1254347417912295426
1254349346298085376
1254356825933307907
1254383768527179782
1254384305238937600
1254396733880238081
1254398463527333889
1254408836934500354
1254438560507330560
1254459872139259905
1254486335307554822
1254491874108362752
1254517756290117636
1254530970620956675
1254539807516229632
1254572811156406273
1254732793558577153
1254775681759637509
1254783771796103174
1254785536046194689
1254881478581858305
1254944163038212102
1254974777028214786
1255160615477411843
1256136127536390144
1257669706309304320
1257752761837539328
1257754317261504512
1263009706861309953
1266775632685432833
1266969891053191168
1253973472809832448
1254052889431093249
##1254910466415042561##
1254411605506494466
1254415442803937282
1254430869005221889
1254670048632987654
1254911578547380224
1255479300901482498
1254413935991808001
1254470605648379904
1254509777662730240
1254419851893977089
1254445581088546816
1254467945536905220
1254533482010882048
1254443476059672577
1254755521191706624
1254524760752623616
1254413656827269120
1254414871690653698
1254415304630898689
1254416724688097281
1254417126141673472
1254412049142218753
1254418735231877127
1254476351819714566
1254548853379993602
1254467797687635968
1254499290719936514
1254500105073373184
1254439780332511233
1254445763796570113
1254450241887178752
1254847583790514177
1254413705669943296
1254415568817606656
1254421748931612672
1254449390699327488
1254479853077909507
1255130984758022144
1255220745833254913
1255234559614083074
1254511218817146880
1254597686256439298
1254610153502126080
1254544686678753280
1254575555925729283
1254464752283156482
1254464991186440193
1254466080904482816
1254467420456194050
1254470968497627138
1254412886010671104
1254413687768653829
1254415449435095041
1254419468677193729
1254419775276679170
1254419990423494656
1254421586549096448
1254423127054041088
1254448392253722629
1254466279756496897
1254578730669944833
1254669812703297536
1254493598734782469
1254499344616742912
1254574389456187393
1254630856993525767
1254635048248184836
1255577595132837888
1254716234182074369
1254801924530061317
1254806678131875840
1254807313728274432
1254840951660478466
1254425103913431041
1254425256678359045
1254426172928098304
1254426686059352065
1254429280907468801
1254429645274931200
1254431415472656385
1254433839272931331
1254436991741149184
1254442731172245504
1254443106478546947
1254444116164988928
1254445783295971330
1254445939970002944
1254446024120303616
1254447152719441923
1254448357956816897
1254448934988255233
1254458813312270337
1254460639772381184
1254461084649623552
1254461466612322305
1254464347243524099
1254464456559669248
1254464578387353601
1254465546667646979
1254469828208996352
1254471016472084492
1254472088603316232
1254475535499112458
1254475647356940297
1254476985679712261
1254480035144257536
1254480215155367937
1254485615640555520
1254489266434052097
1254490937201393664
1254491743803920384
1254494632999817216
1254496269185298434
1254498237433679872
1254500585828745216
1254503972129423360
1254509380097265666
1254517291603177475
1254519759925895170
1254521553611624450
1254532304623611904
1254534279125774344
1254556016613744645
1254590517016395777
1254595522532446208
1254599889583046661
1254614083992793091
1254617926956658688
1254647626739392513
1254717323434496002
1254736764549332992
1254746064982282241
1254815884452995072
1254838767581618176
1254906668879622151
1255077995712258049
1254412022961373185
1254412881191473156
1254413852827099137
1254414041239490565
1254415938797043713
1254416034167230464
1254416205789659137
1254416974983110657
1254417363321192449
1254418107646566400
1254418604466024448
1254419277215563777
1254420305470197760
1254420390027411456
1254420414442414081
1254420620697317377
1254420627081003009
1254421058381373441
1254422423342063616
1254423427508834305
1254423696820834305
1254425163636060165
1254425734942244865
1254426171250487300
1254460761306468353
1256341165831577604
1256770227221692417
1265086515195101184
1254420009562103808
1254837660604121089
1254837965676740609
1254838249857613824
1254439397447086081
1254433922689183744
1254496293931663360
1254740084617854976
1255658409900347393
1255808356255703040
1255958377970180098
1254846218796220418
1254891087119953920
1255281210835841025
1255053082829914112
1254509253165023232
1254516414465085440
1254427046836609024
1254427118634782721
1254427231109083137
1254427329763434497
1254428035824132096
1254428128853856263
1254428778421510144
1254429259394887680
1254430202115100673
1254430405765324801
1254430634556211200
1254431449199017991
1254433121698811904
1254433262778437634
1254433567947599872
1254433617394184194
1254434231754915840
1254434374650642433
1254434596424486913
1254434860447477762
1254434878269132801
1254436064200216576
1254436642091343876
1254436859272474624
1254437938051649536
1254438070822240257
1254438382924693504
1254439989775142915
1254440239055110149
1254440646473125890
1254441239291838464
1254442005045874693
1254442455300268034
1254442633067462660
1254442669037805568
1254443152704000000
1254597637497597953
1254844059757105152
1254910466415042561
1254922360555278342
##1256000196204466176##
1255975099980754944
1255979824675540992
1255991599219322885
1255998262554869760
1255998955579736069
1255999476977860620
1256004591616958464
1256005086649749508
1256005202504814595
1256005493581111296
1256005665501392903
1256005893487038464
1256006579935162369
1256006771535208449
1256006887503532033
1256007384046206978
1256007612899958791
1256006048604971009
1256006198899257344
1256006569239678983
1256009389238095872
1256006287768391681
1256006026685489152
1256006082692108291
1256006147410219010
1256006168180412420
1256006760223182851
1256011648235646979
1256006406836301825
1256005344213504006
1256005622706982922
1256005813304467460
1256005980443344902
1256005771105632257
1256005933718700032
1256006123385208833
1256005078722453505
1256005204924944384
1256004645878726656
1256005256393129985
1255999619965882368
1256000813635436546
1256000211312353283
1256000421639925765
1256000015505522690
1256002937492471809
1256025435432988673
1256028707820576769
1256000135093530634
1256001502977630209
1256000196204466176
1256000876319129600
1256025052828569600
1256025908210778113
1256536482833207297
1256009825399513093
1256022097362550784
1256000006579990528
1256059461732642819
1255994044527841283
1255995672962248704
1255993673092866054
1255996979252994051
1256513468863262726
1256615193511108608
1255992917136637955
1255991757948534784
1255991775321296898
1255992114976096256
1255991910981931011
1255991911787216899
1255992000182173697
1255992615075545088
1255992646276972544
1255995628477390848
1255998191838924801
1255998670127890434
1255997896891215872
1255995632822648833
1255996200634986498
1255994098273656832
1256000089325264898
1256000224251777025
1256529402445340672
1256002287002148871
1256003352887992320
1256003577308426242
1256003667947372555
1256003947560611840
1256004240545366017
1256003414191898625
1256003666881974275
1256004506011283458
1256013572481724416
1256021258556321794
1256089869379461120
1256090831192129536
1256127026727190528
1256004375039877129
1256003508840599553
1256004388000325634
1256004481495564289
1256004880558436354
1256002696047407104
1256002467256569856
1256002717518049281
1256003223896436736
1256003615376003072
1256003805705129986
1256004743018745856
1256004871645466625
1256005643284221952
1256005933890768897
1256009704871997440
1256019886649868293
1256023045581520902
1256040686505295877
1256126291318845440
1256185094936592384
1256206435182092289
1256221690343948290
1256003840555593728
1256003949322174469
1256004254743003143
1256009801919803394
1256011941237215233
1256183763899424771
1256375455688601601
1255975490919202816
1255975900790865921
1255977009915875330
1255976163832455173
1255977022645559302
1255977293740113921
1255979329026170881
1256018741114044418
1255976513918455808
1255976630100668426
1255977143332462592
1255985506556534784
1255985618082988032
1255994265559334912
1255991005351903234
1255979101812338690
1256173830403493888
1256009512869396481
1256227614592765953
1256017047433154560
1256093352216363013
1255976126272245760
1255976878374076416
1255977056099160064
1255977942980706306
1255993544914931713
1256211869033025538
1256036409879810051
1255986057155432453
1255984047379156996
1255986181747232770
1255980109821104129
1255975180951859202
1256004173759471617
1256006120277266435
1255982526683807745
1255984476871634946
1256026575092539393
1255989990598889472
1256001036692619270
1256020944323297280
1255975473215127556
1255975876036042752
1255977241055461376
1255977318608142338
1255979900344971264
1255980633865814018
1255982238208086017
1255995587188723713
1256091668081717249
1256118450533138432
1256167179042435073
1256593966834819074
1255976877967147014
1255981587205849090
1255982989126885380
1255975214841761793
1255975220692815873
1255975284689588226
1255975330713604096
1255975338380754952
1255975356399575041
1255975398883680258
1255975423604862976
1255975428453478403
1255975478852190214
1255975571592544257
1255975610519879681
1255976885315665928
1256012080051871746
1255979968519176198
1255978900699709441
1256600761515085824
1256636125420060678
1256694855469871104
1256006177277849602
1255976501402574861
1255975871757811718
1255975908592308224
1255975932151705602
1255975939374305282
1255976052637253633
1255976202164109315
1255976427687759874
1255976480787628037
1255976516401455106
1255976684400062468
1255976727517503488
1255976856945332226
1255977038978199554
1255977129940070401
1255977312413253634
1255977359909556227
1255977366918135808
1255977639086641152
1255977913905754112
1255977933816172545
1255978024949997569
1255978123377737728
1255978697238216706
1255978731518275584
1255978768117780481
1255978834580643840
1255978957079556096
1255978980878028801
1255979020350558209
1255979167172063232
1255979450660986881
1255979489550622722
1255979581745528839
1255979745847717888
1255980106671104001
1255980724001427457
1255980798500573186
1255981033972957184
1256538331866857474
1256540773044142080
1256200374412771328
1255993965649821699
1256002272980537347
1256004526013906946
1255976409442455556
