##1242743704621846528##
1242743704621846528
1242808640991461379
1242827894939844615
1242745634588897280
1242767553295835136
1242747964956827650
1242748046515089408
1242752499225944069
1242746484258410496
1242827721237037057
1242747361782349824
1242751791499898880
1242751854989266945
1242753845463339009
1242753920298110976
1242764979524096000
1242765273926709250
1243120556238569472
1242746292591300608
1242826841032925190
##1242547704745639940##
1242547704745639940
1242573701054451713
1242610645725569025
1242827961813872645
1242835334611812352
1242674227037089792
1242722858083799040
