##1225355728682131457##
1225355728682131457
1225375882665242624
1225373016663744512
##1224780897146286081##
1224780897146286081
1224852572181356545
1224944064891707392
1224943900105854977
1225068031489069061
1224918977241108481
##1225172635929149441##
1224980360922091520
1225172635929149441
1225527887375294466
1224981296914599936
1224982299344850944
1224982605856112640
1225121804898971650
1225139026568654848
1225166299577405443
1225188186768519173
1225335887711686658
1225394221999427584
1225055895396200448
1225006689209982977
1224980837084672000
1224986412199661568
1224980756390469632
1224998047706419200
1225006796273848320
1224980782864834560
1224980869326213121
1224981466951622656
1224981998550310912
1224982013104533505
1224984278154518529
1224989226397261824
1224991931366871041
1224992234921254912
1224994232445829120
1224994907645009922
1224996482773868544
1225001450121629697
1225006160513839105
1225006458716217345
1225006764401340418
1225024949867421697
1225040025626214400
1225043553224708096
1225062211762126850
1225015088513417216
1225018867795333121
1225020765101346816
1225024426804154368
1225057730504818688
1225060028874477569
1225063357549551616
1225066194543181825
1225069418327179265
1225101166566166528
1225123372847325190
1225147408641941508
1225164758317334528
1225174665427025924
1225291733732192257
1225300776832114688
1225306339603369986
1225334822182309888
1225400900988084225
1225402835220803585
1225507583219453952
1225300173804445696
1225051320467496960
1225097705724182528
1225099140041969664
1225130040125423616
##1225297799060885504##
1225250378951921664
1225482547716644866
1225575019264315393
1225297799060885504
1225267926275588099
1225251511812415489
1225361719939170304
1225575429077159937
1225575806954545153
1225251840964677632
##1226535371799961600##
1225086682766159873
1225160051511435265
1225974956418379776
1225148919061139461
1226535371799961600
1226374313273692161
1226753881062985728
1230677166322540544
1225092868643205129
1226749578206203905
1225095378883809282
1225101178712645632
1225143165159649281
1227630608505081856
1225248612445302784
1227338475386626050
1225726918722494464
1225759990037843968
1225095855868387329
1225087678590394370
1225141103201927168
1225092331239608321
1225192160762499072
1225141249503629313
1225118604418600961
1225178067427119105
1225187761302450178
1225093661374996484
1225149509287796738
1225188243064467457
1225223954970955782
1225114744870391808
1225183621671276547
1225201881292640256
1225203792355958784
1225398611908972544
1225287875660480514
1225311627152629760
1225325180068691973
1226264889183875074
1226797792326230016
##1224747841442238468##
1224747841442238468
1225030181238267906
1224784300421320711
1224789269375569922
1224791804471541762
1224792221511307265
1225009286830530560
1224760782325452800
1224766730012106754
1224766827433164805
1224962690956787712
1224963415942275072
1226001767894306817
1225737856242548736
1224994543508082688
1225001314444304389
1224750124624117762
1224972452381503488
1224748663790018563
1224749022939942914
1224750469639278592
1224753214672732160
1224877621202366467
1224754178247086080
1224758306494984192
1224758577140838401
1225065858998898689
1225121784225325057
1225622372801224704
1226505916322807809
1227347039631151105
1224984410417770497
1224760020212092928
1224765362480259072
1224898968410304512
1224928202272968704
1224932181828624384
1224932889466494976
1224941917223489541
1224955003540049921
1224964197827649542
1224967807361781761
1224968350134153216
1224985086195576832
1224992830415949827
1224993854824370176
1224999334682427392
1225024986706038785
1225042925718994944
1225044868701003776
1224767953406656513
1224777270822416384
1224968464059764736
1225022141520850950
1225056330945306625
1225060409926918144
1225061712166113283
1225090319982776321
1225106304986947584
1225120004384919554
1225277939119534081
1225632045226815488
1225754758125883398
1224753035202768898
1224892534876446720
1224893160146526208
1224759513712136193
1224958213289848836
1225034243933339650
##1224778147910111232##
1224778147910111232
1224797214729523201
1224781944770220032
1225130994816180225
1224788756189863942
1225156983239725058
1225177146823495681
1224792428042911749
1224950327570587649
1225485795798245378
1224796215264542721
1224804593282027526
1224806333741981696
1225058610163544065
1225118777261596672
1226084830087143424
1224792257460678658
1224800568801136642
1224845613558370305
1225016102486450176
1225060076446154752
1224810851460358150
1225316076113793024
1224781220099346432
1224784615073861636
1224786142719070211
1224895421186789381
##1224802011607994368##
1224802011607994368
1225471311151030274
##1224814168869568523##
1224814168869568523
1225382757712486400
1225428967223693312
1225372392891068421
1225471334655938562
##1224828960456028167##
1224828960456028167
1224830448725086210
1225095378804137985
##1225920634032660480##
1225920634032660480
1226141303769047040
1226105577228701696
1226111807036649472
1226111583681560577
1226105948974067712
##1224901799112531969##
1224901799112531969
1224912226773032960
1224906470887694336
##1224999991246303233##
1224999991246303233
1225265977262329856
##1225128934989357059##
1225128934989357059
1225149663722033153
1225264489320370176
1225278699584606208
##1225133655657500674##
1224807569211957249
1224975024299429888
1225032295788228608
1224809812921389062
1224814191955120130
1224932478709850113
1225013781094457344
1225049224108281856
1225754013108404225
1225133655657500674
##1224753035202768898##
1224747841442238468
1225030181238267906
1224784300421320711
1224789269375569922
1224791804471541762
1224792221511307265
1225009286830530560
1224962690956787712
1224963415942275072
1224760782325452800
1224766730012106754
1224766827433164805
1224750124624117762
1224972452381503488
1226001767894306817
1224748663790018563
1224749022939942914
1224750469639278592
1224753214672732160
1224877621202366467
1225737856242548736
1224754178247086080
1224758306494984192
1224758577140838401
1224760020212092928
1224765362480259072
1224898968410304512
1224928202272968704
1224932181828624384
1224932889466494976
1224941917223489541
1224955003540049921
1224964197827649542
1224967807361781761
1224968350134153216
1224985086195576832
1224992830415949827
1224993854824370176
1224994543508082688
1225001314444304389
1224999334682427392
1225024986706038785
1225042925718994944
1225044868701003776
1225065858998898689
1225121784225325057
1225622372801224704
1226505916322807809
1227347039631151105
1224984410417770497
1224767953406656513
1224777270822416384
1224968464059764736
1225022141520850950
1225056330945306625
1225060409926918144
1225061712166113283
1225090319982776321
1225106304986947584
1225120004384919554
1225277939119534081
1225632045226815488
1225754758125883398
1224753035202768898
1224892534876446720
1224893160146526208
1224759513712136193
1224958213289848836
1225034243933339650
##1226849671630462976##
1226849671630462976
1226849947829579777
1226851045441015808
1226851144581996545
##1222621331868569601##
1222621331868569601
1222621555634712582
1222621697263722501
1222621834040041472
##1225074338115850242##
1225074338115850242
1225084458040164353
1227640644337840128
