##1253458263414276097##
1253269866750054403
1253273602138439681
1253274684029841410
1253297094242295809
1253323390175178760
1253323633683881987
1253324285617123330
1253276430177370112
1253293097397690368
1253354574687145989
1253398499904847875
1253326064698355726
1253345989286670339
1253454664235966465
1253454781106008064
1253322931997782017
1253341288994201601
1253424324976889858
1253320996699795460
1253327080827191298
1253327995009265666
1253333130930315270
1253335616546238466
1253336469302734852
1253418867482750985
1253430454889230341
1253457856256528385
1253458263414276097
1253300021384155140
1253338171552591872
1253348910766137344
1253425751786840064
1253315142374223873
1253349761207451654
1253302954725191680
1253309589027610624
1253314830846459904
1253364733467656192
1253369117006008320
1253374719505678338
1253382308951994368
1253417713369640961
1253419951194402823
##1249074380270907393##
1249074380270907393
1249075350585434112
1249121432497532928
1249076499338182656
1249101371174875136
1249078182944428035
1249079795754958853
1249089877880246274
1249116425123397633
1249148907063513095
1249195073524379649
1249203157214941193
1249286246356193286
1249075149506334720
1249076018494812160
1249076207414632448
1249077151967711233
1249077980497838085
1249101952044027904
1249078622658465793
1249092090690183168
1249095042062565376
1249107308556230658
1249117306128662529
1249190971780333569
1249193422554116096
1249242598650281984
1249251465107038210
1249292939861377027
1249295477029339141
1249296066937307136
1249325695966347269
1249342000983412736
1249361990121918464
1249438305986523136
1249829117027061762
1252319929271009280
1249083921163268096
1249396422782398473
##1254430524589867008##
1252601315697532928
1251151712775094272
1250431399552643078
1249387748751966214
1247988376516677632
1246866426335498241
1246037210127904768
1244328202069303297
1243147075531005954
1241800411473940482
1241338236959633408
1240682166146797568
1240683058648338434
1240684275864727552
1240691004836950016
1240711122174349312
1240730452576567298
1240942735869214722
1241002542265503745
1241070605132353537
1241274979548872705
1241376917221265410
1241415153733849093
1241464138905399300
1241483456103829504
1241622276430336001
1241681016164700161
1241739248736374785
1241750215331323909
1241778559452164096
1242023751438532608
1242104279575511046
1242751245770776576
1242779052190113794
1242808640928714752
1242815896265076743
1242822821065240576
1243123921370652672
1243136746377838592
1243161033428123648
1243176471222464513
1243232937409220608
1243486698249609222
1243544098398703622
1243821239229087745
1243974004727328768
1243996122827370497
1244254771172782080
1244351249962672132
1244650692389765121
1244666130452615170
1244699757311901696
1244725436745224196
1244903333271425024
1245055898848047104
1245290500858482688
1245323727212068865
1245348987776962560
1245405363823947787
1245427405466087424
1245465512320159747
1245611730773757953
1245772128068218881
1245776193401565184
1245791100461350912
1246000031565598720
1246065300556128256
1246155212257144832
1246355777893404672
1246448185192656899
1246515766742130688
1246547869399646210
1246735033802555393
1246854613376077825
1246854814610399232
1246907281003945985
1247096011522179078
1247178393315049472
1247235800749744131
1247418648945442818
1247449357680508928
1247610828725116930
1247938121741852679
1247960822422396931
1248280772529852416
1248320261851619331
1248378791136657413
1248613199978450950
1248650514121863170
1248716947447074819
1248935852178366464
1249020336034766853
1249365624259842048
1249405722938560518
1249679088102539264
1249700157882580992
1249709658459320322
1249725925702406145
1249990985272229888
1250065071079854083
1250130312539058177
1250385060932485120
1250507235505197063
1250544228402413569
1250749667375226880
1250769500162740225
1250826504289898498
1250856726330593280
1250888121148944385
1251100082407161857
1251120066005020673
1251227109718138882
1251263550317907969
1251830450680725504
1251900217760366592
1251925994719584259
1251966445564633092
1252265848091430912
1252298666775384066
1252313203243188231
1252639646942707712
1252691455052845056
1252702644075986946
1252909031099957248
1252992328727498758
1253027499145146368
1253331039738454016
1254382256707289088
1254406344385404928
1254430524589867008
1254501812691927041
1254740299814965248
1255583655071793155
1255805441512280069
1257634172602142722
1254581229892120578
1246811891449683969
1245775145106538497
1244650894534348806
1244653782438420486
1245041622506778624
1244256361564835840
1244257013380587525
1244257280125779968
1244258168567410689
1242831876500467713
1242832559022714882
1242860791419764744
1242444885560635399
1242480518156783619
1244239939920855040
1244252259317428225
1245432679941709827
1249702255198195720
1249702435188117504
