##1221866895042908162##
1221866895042908162
1221933236248567808
##1223127543605231616##
1223127543605231616
1223159057491558400
1223140791457062913
##1223294251892604929##
1223294251892604929
1223335162806784000
1223510006089293824
1223298795670294529
1223302670984806400
1223305715324014592
1223672021046976518
##1223641317701451779##
1223376610344292352
1223184318866116608
1222622938760974336
1222442115759857665
1222227180983410688
1222120125429624832
1221853877575745537
1221832246904213512
1221462971345444864
1221387511974518784
1221179329578749952
1221096568272670720
1221065581320908801
1220943584544862208
1220919919606484992
1220855908235980800
1220847070292185089
1220841285512302592
1220645954203848706
1220646090627801088
1220670715147538432
1220733799677530118
1220840636347289602
1220840971509927937
1220841480388055040
1220841770692620291
1220842674359545856
1220843279488602118
1220843660121649152
1220844138217775104
1220844565869072384
1220845386774011906
1220846166176301057
1220847459406163968
1220847772863225858
1220848155127943169
1220849079254757376
1220852125397397504
1220853400130269185
1220854034397061121
1220854295207251968
1220855022038200321
1220856538224648192
1220858627189288960
1220912474188320768
1220913364244860929
1220914970898071552
1220915302524968960
1220916826911256578
1220917428147965952
1220918294150029314
1220922158173642753
1220926265336700930
1220929505348460544
1220931425354113024
1220931596322320387
1220931698143133697
1220934192198037505
1220935688872497152
1220942991235387392
1221055615944089600
1221056135832141825
1221057801214218241
1221058500018741249
1221058868798803969
1221059400569446400
1221060031728234498
1221061014906646528
1221061712171978753
1221066069961576448
1221069448779530245
1221076390860271627
1221076538185134088
1221076699846270978
1221076883317628928
1221078657172635651
1221085611374850048
1221086278210543616
1221096864608595968
1221097160810254336
1221175823018942465
1221176082952609792
1221176219372265472
1221176446443565056
1221177021616750592
1221177401117499395
1221178542098173952
1221182732589588480
1221238876347555840
1221239445610954754
1221239925808431104
1221240382836674560
1221242069399883776
1221273658620043264
1221385486855483392
1221386089463676929
1221390191748964352
1221391297380069382
1221392444018872326
1221460988744097792
1221461245699809281
1221461596708446210
1221461884697747460
1221462239225487370
1221462460709965827
1221463656048754688
1221470337772204037
1221470530181701632
1221471004754632704
1221471323156819969
1221471712082112513
1221472456478773251
1221508442210361344
1221564719380738048
1221832892508229632
1221833241348464640
1221833733264871424
1221834859259334657
1221835807268450311
1221836388330541058
1221837389447991296
1221840047005143046
1221853544027971585
1221854263548268547
1221854710753161219
1221855614822907904
1221856057124966402
1221856471555747840
1221857058951221248
1222056059994615808
1222067663582658560
1222118571536461824
1222123593884147712
1222172916797841409
1222175479878295552
1222175833407750145
1222176943291936768
1222179332568776706
1222179726573346817
1222181118721581058
1222214830612008960
1222228412066160642
1222233466441519104
1222261358055567366
1222263966027669507
1222265015954264064
1222265718575632384
1222266353303937025
1222267725101391872
1222274175202668545
1222274286653779968
1222274446033145858
1222442384774049793
1222443261593296896
1222444148701237250
1222445088711770112
1222445610529361920
1222446883655888896
1222567057729998848
1222569778101006336
1222621547141238786
1222873629538603013
1222875657153236994
1222880811931906050
1222882034072399873
1222890425762975749
1223090010557231105
1223090470101962752
1223179562869239809
1223183959544279045
1223237378485161984
1223238563300544512
1223252909116227587
1223321611929116672
1223322529827344384
1223333150409084929
1223365254798827522
1223373503413596160
1223374600802852866
1223378770029109256
1223450997332357124
1223633705907998720
1223636554352136200
1223637034709016582
1223637201759735814
1223639594568163331
1223640415422861314
1223640762287607811
1223641317701451779
1223641986848239617
1223648021516341248
1223667929037799425
1223669065807552513
1223669839014875137
1223681422751420416
1223723229577203712
1223724096833323008
1223758950392369152
1223786290111565825
1224034752686174209
1224044431671734281
1224360779593535491
1224385116358823937
1224700029065211906
1224720738801934336
1224772104693911553
1225074066207526913
1225074332914921474
1225075228369412096
1225602088069193733
1225795956152684545
1225964854533672960
1226619920093499392
1226620212952391682
1226620718550593537
1226625281697468422
1226633363445907464
1226634303225892865
1226738323231854592
1226937464281059332
1226939376510390272
1226982036600184832
1227014227765886976
1227031993508081665
1227108293467918336
1227110097605873666
1227111293573894144
1227111716623933441
1227112739576872960
1227139060017356800
1227188575516667906
1227189341438566402
1227219151359545345
1227281643200749568
1227281923787165697
1227282275034902531
1227282565477883905
1227282822332764160
1227283357739806721
1227283698942464000
1227649514586148870
1227720404883640321
1227739364794523648
1227739939032399873
1227740971481341953
1227787929126363146
1227805039760150528
1227808327670915073
1227877999154008065
1227911874924220416
1227930431212990470
1228251607239942144
1228251897049550848
1228283449775132673
1228334657747456000
1228569209434669061
1228866296013611008
1229338445492912128
1229410034918076416
1229693430332370944
1229700536875855872
1230048635125149696
1230054598850809856
1230412805569990657
1231320253034049537
1231895883400302592
1231897484202565632
1231905603720744961
1231919619734200320
1232319958383759360
1232706205933621248
1232767669495115776
1234210407071526912
1234950171215237121
1234958148726919171
1234976187815825410
1235691460625719298
1236151916779970560
1236154701277810688
1236154898045177856
1236155094930001922
1236155307073638402
1236155863687102464
1237394346506252288
1227128606159183873
1227138769016492032
1227159051521478657
1227184556249419777
1227195087689527296
1227139276061757440
1227115533423783936
1227138638561128449
1226769314335862785
1226777163166253057
1222613350670094336
1222829916821037059
1222464766180044800
1222563223255298049
1221841741814345734
1221473750962434048
1221474800461385729
1221182172108902400
1222208983890644998
1222212722181509120
1220927656880984067
1221524059604697094
1220670842071330816
1220671204740206592
1221027734161383425
1220652052902240256
1220896938612219904
1223280912063922176
1220856434105241605
1220992033311068160
1221078412611194881
##1223721001093095426##
1221148933914877953
1220297244064276480
1220330306227638273
1220469748946952193
1220659652674957313
1221200386649927680
1221491912546439168
1223640960577474561
1220725548906926081
1220769658502098946
1220823468012425216
1220850657198071809
1220857742539284482
1220852834003976192
1220985220255690752
1221189120925544448
1221033194243469313
1221449445474213888
1221171442554933248
1221388814347907072
1220874810823147520
1221026298988056579
1221194455140749322
1222210227979743232
1222480507549519872
1222933492389957632
1223000607121969152
1223310979926118400
1223715138068459521
1223930058777063426
1224005556597379072
1224087032152166400
1224292446902706176
1224663210957180931
1224663962815553540
1224663936198463488
1224663429329432577
1224664435467411460
1224668689750011905
1224938208632496128
1224665326329135104
1224670567808237569
1224677393694109702
1224823736890789888
1224663887271858177
1224664249227718658
1224664614320951297
1224665430826024961
1224665599491690496
1224666768565850112
1224666771443081217
1224667130689392640
1224668015104577538
1224668199649759232
1224668316813471744
1224669061772169216
1224669956626898944
1224671023968202755
1224672867251556353
1224672886063083523
1224675427370913792
1224664281683238912
1224666892624965634
1224666991547514881
1224669378228228097
1224680757597212673
1224682002399535104
1224685717902766080
1224707291066327047
1224713826517602306
1224663578256519168
1224703289213837319
1224708954812485634
1224752660554878977
1224770953126785027
1224772706593210368
1224808139557568512
1224848589073059840
1224884634011545601
1227902289039499264
1224663582664724480
1224665399213658113
1224666818398302208
1224667028377784323
1224809760010244097
1224674969570902017
1224682104748941312
1224708329282424839
1224720744652910595
1224735400171855873
1224665571528187904
1224773725696024582
1224797897985810433
1224682265722216448
1224755392351219713
1224663836038455297
1224668857916370944
1224663444558925829
1224664059968196614
1224663598888357888
1224703201611522051
1224664170060271616
1224663419795791872
1224663605582364673
1224665731578630144
1224668890875285507
1224688089425162249
1224695739982307328
1224721460226338817
1225021368040935424
1224296060631363584
1224296334657835013
1224293221280419841
1224310580166656001
1224336565075415040
1224385129684045824
1224296992186273793
1224467330526261252
1224292871219699718
1224297654693306369
1224314378012356608
1224750497904693248
1224293023888150528
1224293169325649921
1224293531373723648
1224294175098707968
1224295296571781121
1224296305901690882
1224296471366918145
1224296513272209408
1224296881989263363
1224297565178429441
1224297663782445056
1224302447293804545
1224308252252540930
1224326698352685056
1224328950865940485
1224333681394929664
1224336983281016832
1224352181316272130
1224544220846927872
1224703593556692992
1224294036841865217
1224295763552997377
1224299025475756033
1224294030495944706
1224330418230636544
1224294771268751361
1224296013554503680
1224401635889352711
1224292941822382081
1224468714260705281
1224295321582362626
1224309109396328455
1224293235348164609
1224296755824558080
1224468970159341568
1224292707419422722
1224293118629105664
1224294277494108160
1224294714855370757
1224299812478246913
1224382031582416902
1224467086833078276
1224468243257217025
1224300431255461889
1224293407775956992
1224299544860667904
1224299786796457984
1224292784317837312
1224306781045870593
1224090425935507456
1224094382871191552
1224093090299826176
1224123930039980032
1224115909998120966
1224088612746166275
1224103825516175360
1224248617227210752
1224257461298913280
1224258945440714752
1224266743423623168
1224087551192989696
1224095800785063937
1224088064974381061
1224096922799149061
1224092136523603969
1224088357455704064
1224088369476657154
1224088560736796672
1224090041598849032
1224090075287511040
1224090881579417604
1224093142493941763
1224308515776409601
1224087811231567875
1224102126747627520
1224088318662598656
1224088688767983616
1224124349902467072
1224089196551462913
1224094098623168512
1224087181855264770
1224087220908437505
1224087231113109505
1224087658412101633
1224087780516560896
1224087811378352130
1224088058296926209
1224088270948225027
1224089762459475968
1224088941776818176
1224088982608404480
1224089212053544960
1224091051625009152
1224095229176942594
1224299938525450241
1224089417704448001
1224091096785006597
1224093666941243395
1224162425085317120
1224090089099272192
1224088853599965185
1224089415653433344
1224096275303407622
1224089882546622466
1224089062287532034
1224089069979938817
1224093495335575553
1224096900598718464
1224089306219864064
1224089425996603392
1224089644566007808
1224089678586032134
1224090067133718528
1224090077497843713
1224090653795192833
1224090692219293701
1224090740470505473
1224090751241506816
1224090853720887296
1224090921685438470
1224091379082649605
1224092041258393608
1224092059994402816
1224094004825993216
1224094109197094912
1224094491382112256
1224094542401544197
1224094812611190784
1224094972238090242
1224095084783853568
1224096039965249546
1224097149144748037
1224097560895348738
1224098583466708995
1224098802707156993
1224100160537530369
1224100350321401856
1224100429870641159
1224100551958376448
1224100996818882560
1224104357500792832
1224104629807521792
1224104723193696256
1224105473105973248
1224110419704500225
1224112498531500034
1224125012061433857
1224130624023400449
1224135042106040320
1224162238526828544
1224164603636133888
1224169346211164160
1224170587700039681
1224170752510959616
1224182913287294978
1224088549592567810
1224101994702438400
1224087330564321282
1224087544301805569
1224092683297329153
1224087540950556672
1224090778747711488
1224089433835810821
1224090909978943490
1224191467071188992
1224193887742328833
1224197589337362433
1224197796611395584
1224198181103251456
1224198691420065792
1224204537633873920
1224218625608994817
1224221521612361729
1224234331658473474
1224240243349561344
1224274961432563713
1224292708606521345
1224292876731002880
1224293957045301248
1224294969726459904
1224294989959696384
1224295298203377664
1224313734677585923
1224314506043645953
1224317955476840448
1224333106859122690
1224333804132798464
1224363415382130688
1224544288593391616
1224087529541992448
1224090344653979648
1224087262184595459
1224087307495583744
1224087380036149248
1224087627516862470
1224087789534400512
1224088195433934849
1224088200718835712
1224088249934733314
1224088261913731072
1224088633470308353
1224089029387395072
1224089986422779904
1224090261254475777
1224087170304135168
1224087481718661128
1224088752278179843
1224088445397667840
1224091196760494081
1224092387422691329
1224092973358551041
1224093969434513408
1224095145714507776
1224096236493590529
1224097766265229313
1224100728333127680
1224111976672120832
1224114413214556160
1224108153249370113
1224109964949622793
1224110940603539456
1224011725135060992
1224005947091189762
1224006379955982338
1224006612723040262
1224007526351503370
1224008703386554372
1224023600157659137
1224006624374927361
1224191787042058241
1224192244338610177
1224011138247077888
1224193004703027201
1224019870863495173
1225055661966401536
1225312778031943681
1223938792496816128
1223931393987706882
1223931579287949312
1223934114627248128
1223985427205500929
1223932797812989952
1223985737453985792
1223935051165065217
1223985547624034305
1223937472608047105
1223985607694848000
1224052117238964226
1224052800709111808
1223986312958615552
1224141586105131009
1224256365276909568
1224136043512979457
1224256096350736384
1223932197599678465
1223985694818865155
1223933511318589441
1223941493355896832
1223942884275183616
1223944730117070848
1223947906627133441
1225589187891605505
1223930463384895490
1223971825069252608
1223956068411330561
1223930514811375616
1223935401536249860
1223936655385681920
1223938047185772547
1223942071268102144
1223974306633306112
1223979221057462273
1224110349454057474
1223934623538991104
1223931739057291264
1223934726697881600
1223941806083186689
1223937299811053575
1223933744760881152
1223965169367371776
1224042618558074880
1223941827952291842
1223944259314835458
1224009129397714944
1223936456613343232
1223939660386394112
1223937527880568833
1223939692661370880
1223941743688798209
1223947756080943105
1223933660568662016
1223956679705997313
1223938738188902401
1223937740510765056
1223938690147323904
1223946374103945216
1223930367742300160
1223975912733057026
1223939802875203585
1223931367324557313
1223931736448471040
1223933437742067717
1223956325673177088
1223958064354689024
1223961989627764737
1224030954722877442
1224079386728652801
1224080528611119107
1224081665712103425
1224082483291074561
1224085449175715845
1224230380192051201
1223932259910213632
1223934907556204544
1224032952729985027
1223933002633371648
1223948621672058880
1223933088830558208
1223931814168997888
1223952147596922881
1223934629742247936
1224052179406856193
1224103651968540673
1224188359117021185
1224586140969324544
1224745710970724353
1226363100506578944
1223948661547261952
1224018897965387776
1223930301157662723
1223931040785477632
1223931331241021440
1223931498736291840
1223931807638392832
1223931833940873217
1223931895626551297
1224025259969589248
1224029453497577474
1224032246308446208
1223931985669820416
1223936389898735616
1223940497447755777
1223958205635661826
1224008226510987266
1224079112094003200
1223944053240270848
1223933329361326080
1223931804954046465
1223932857485266947
1223933886587133952
1223940676209070082
1223959016650559488
1223990148561559552
1223932380416823298
1223932588571725824
1223932948887502849
1223933040596078592
1223933311682318337
1223933784392962053
1223933811614003200
1223933817246965760
1223933875325480961
1223933983815274504
1223934044116783104
1223934589200150530
1223935172749549575
1223935295911055362
1223935367847518209
1223935414932791297
1223936434429743104
1223937011939250176
1223937763944419329
1223938269391609859
1223938543078252544
1223939183787548672
1223940494436241409
1223940607946776578
1223940731133419522
1223940876076027905
1223941034574524417
1223941286975234048
1223941336069558273
1223941438787989509
1223942397907869697
1223943343643791360
1223943529958985736
1223943593120976897
1223943982675263488
1223946078128570370
1223946350129229825
1223947460072091648
1223947805405974528
1223949230185775106
1223951281724837888
1223953186635075591
1223954032680718343
1223956127349690370
1223956923772547072
1223958077914976256
1223959311740784641
1223974778274549761
1224298355175587840
1223932379481415681
1223987801345142791
1223721347093798914
1223721506909442049
1223722545272229888
1223727906645598213
1223983824893370374
1223722909623037952
1223735864691515393
1223718506673426432
1223756667336175617
1223715698939133952
1223903032922005505
1223717321929306115
1223870964204736512
1223814635725447168
1223716006964711424
1223716223172648962
1223718692799832066
1223719330405343232
1223716891094548481
1223716342282498054
1223718250619510785
1223721428157157377
1223845138964844545
1223845446352764928
1223804494577852419
1223312243498127360
1223001688648355841
1223119197112164354
1223040479090159620
1223003980315398146
1222934590819573760
1222934166637043713
1222936418206539776
1223002116643598342
1222485871741620225
1222481039488114688
1222482149456187392
1222480924975206401
1222211696078598145
1222212438457831426
1222214053071855617
1224294666868314112
1222210611880300546
1222211726650880001
1221195429825732610
1221195710130982914
1221200373177888773
1221196039467741184
1221204823397359616
1221027863756976128
1221028006501797889
1221027531899523076
1221027686249910273
1220825888008429568
1220831177654841349
1221123483796721665
1220824344726818816
1221367493576548353
1220826672653570048
1221168060352147458
1220770223307087872
1220771055473696770
1220771091502837765
1220783265973448710
1221011297153757184
1220774373583396872
1220845796779753474
1221275356897980417
1220725943326642183
1220735363771256832
1220819841285861377
1220728284167786496
1220771458391117831
1220473328772833280
1220473432456015873
1220472560124600320
1220472048843096065
1222994510118105107
1220383466317062144
1220399881954697217
1220304072449908736
1223718805106499586
1223721001093095426
1223853705285578754
