##1249107705819729921##
1248803871364915202
1249094185417932811
1249111123296571392
1249013149405270025
1249122654847672321
1249129631866912768
1249044624334782464
1248804288576589829
1248849321937842177
1248949437994500098
1249111994533175296
1249105381323931651
1248997485198131204
1248816277105319937
1249023545998544896
1249107705819729921
##1249107828251529227##
1249074525339336707
1249075619339657220
1249079916320231427
1249077634815995905
1249079696198971394
1249088616594378755
1249109131748732929
1249152273579720705
1249197586621358080
1249078554974924808
1249075617812930561
1249076403263455233
1249195750745145350
1249310572396662785
1249088130222825472
1249088490802987010
1249269076352028672
1249074931897372672
1249083597375619072
1249275980490903552
1249095907687227395
1249381814164230153
1249383769066418177
1249390547648884736
1249391743558180864
1249401302024695808
1249402374449496069
1249097188464103424
1249101069495332866
1249350954627072000
1249381301980979203
1249093207847243787
1249077618974089217
1249430414743277569
1249107212007505922
1249171145632423937
1249162462190018568
1249075828975177731
1249107828251529227
##1249107870660034561##
1249074146178465795
1249107870660034561
##1249108012838551552##
1249057609711263745
1249058049110822913
1249061076500656129
1249108012838551552
1249058252320628737
##1248681124680937472##
1248681124680937472
1248684467092324352
1248968143504015361
1248682989715951616
1248693619344670720
1248705924132491264
1248889836183969793
1248723346830888960
1248683094116380672
1248684041601273856
1248720414999805953
1248681456668495872
1248690197371420681
1248728430092472320
1248757412494036994
1248769465782808576
1249006462506020865
1249847449776205826
1248684435559583745
1248683159836909569
1248681667524509697
1248685943311253505
1248688220331786241
1248681942729531396
1248682147961020422
1248682159239573509
1248684554363318272
1248685177146159104
1248686705005285377
1248686717151981570
1248689666439733253
1248693427673477120
1248699066961334279
1248699095507763203
1248708867237830663
1248681441157881858
1248681617985593345
1248682115673272321
1248682722429730818
1248684507819134979
1248685348235939851
1248690523721863173
1248690866614607874
1248697503677120514
1248699732458967043
1248681519998271491
1248687589252575233
1248819507428241408
1248681990473334790
1248691530312880132
##1248708044684288000##
1242722812537774081
1241608942607884289
1241608931476156418
1241608934248628225
1241608937188851718
1241608939910975488
1241608946403737600
1241608948681183232
1241609319428300803
1241609321630380032
1241611135880757248
1241640472738660352
1241732850317242369
1241743229776736256
1242009474761703425
1243252560095567878
1243373803335548928
1243375776164126721
1244187947148226560
1244921512479428608
1246353206503976962
1247945486104809472
1247979569094639616
1248305434781298689
1248708044684288000
1246358804125679616
1246359787400462336
1242092992892219393
1242093688991485956
1242094563105353728
1242067628409192452
1242011647927103489
1242015099902099456
1241744020247805953
1248711926680600578
1241611200036773888
1241654114733432832
1241654538559524864
1242222902692495362
1242223031197536257
1243376736617848835
1243377384663003137
1241843047064842247
1248224769465561089
1241844496092016642
1244193160307314689
1243260002485313536
1242723328613322753
##1249100589633384450##
1249100589633384450
1249102182294548491
1249102573396611074
1249102992470495232
1249103401306058752
1249118908860284929
1249101039388655625
1249102414549880833
##1249111123296571392##
1248803871364915202
1249094185417932811
1249105381323931651
1249013149405270025
1249122654847672321
1249129631866912768
1249044624334782464
1248804288576589829
1248849321937842177
1248949437994500098
1248997485198131204
1248816277105319937
1249023545998544896
1249111123296571392
##1249818225375920130##
1249818225375920130
1250043381553803264
