##1252278353299529729##
1252278353299529729
1252300144013447172
##1245398801004847104##
1245398801004847104
1245551032349974529
1245670328933769216
##1246118622570962946##
1246118622570962946
1246119085882191872
1246123225802776576
1246123806713929730
##1247854374640062470##
1247854374640062470
1247854599198912515
1247855253204226051
1247855451682807808
1247857900195852288
1247859352586915841
1247856281798533125
1247856868560683008
1247858733104992263
1247859734813855744
1247855819804348423
1247857573560270848
1247859161951621120
1247856125241896962
1247856642856816642
1247857203589132288
1248119742000480256
##1245824590934413315##
1245824590934413315
1245910154421383168
1245834118996340736
1246042039483019264
1246043321224564738
##1245839559663013893##
1245839559663013893
1245861381796057093
##1245850455986417664##
1245850455986417664
1245851031554199553
1245851424157728770
1246021422302081025
##1246065300556128256##
1244351249962672132
1243161033428123648
1242023751438532608
1241376917221265410
1240683058648338434
1240682166146797568
1240684275864727552
1240691004836950016
1240711122174349312
1240730452576567298
1240942735869214722
1241002542265503745
1241070605132353537
1241274979548872705
1241338236959633408
1241415153733849093
1241464138905399300
1241483456103829504
1241622276430336001
1241681016164700161
1241739248736374785
1241750215331323909
1241778559452164096
1241800411473940482
1242104279575511046
1242751245770776576
1242779052190113794
1242808640928714752
1242815896265076743
1242822821065240576
1243123921370652672
1243136746377838592
1243147075531005954
1243176471222464513
1243232937409220608
1243486698249609222
1243544098398703622
1243821239229087745
1243974004727328768
1243996122827370497
1244254771172782080
1244328202069303297
1244650692389765121
1244666130452615170
1244699757311901696
1244725436745224196
1244903333271425024
1245055898848047104
1245290500858482688
1245323727212068865
1245348987776962560
1245405363823947787
1245427405466087424
1245465512320159747
1245611730773757953
1245772128068218881
1245776193401565184
1245791100461350912
1246000031565598720
1246037210127904768
1246065300556128256
1246155212257144832
1246355777893404672
1246448185192656899
1246515766742130688
1246547869399646210
1246735033802555393
1246854613376077825
1246854814610399232
1246866426335498241
1246907281003945985
1247096011522179078
1247178393315049472
1247235800749744131
1247418648945442818
1247449357680508928
1247610828725116930
1247938121741852679
1247960822422396931
1247988376516677632
1248280772529852416
1248320261851619331
1248378791136657413
1248613199978450950
1248650514121863170
1248716947447074819
1248935852178366464
1249020336034766853
1249365624259842048
1249387748751966214
1249405722938560518
1249679088102539264
1249700157882580992
1249709658459320322
1249725925702406145
1249990985272229888
1250065071079854083
1250130312539058177
1250385060932485120
1250431399552643078
1250507235505197063
1250544228402413569
1250749667375226880
1250769500162740225
1250826504289898498
1250856726330593280
1250888121148944385
1251100082407161857
1251120066005020673
1251151712775094272
1251227109718138882
1251263550317907969
1251830450680725504
1251900217760366592
1251925994719584259
1251966445564633092
1252265848091430912
1252298666775384066
1252313203243188231
1252601315697532928
1252639646942707712
1252691455052845056
1252702644075986946
1252909031099957248
1252992328727498758
1253027499145146368
1253331039738454016
1254382256707289088
1254406344385404928
1254430524589867008
1254501812691927041
1254740299814965248
1255583655071793155
1255805441512280069
1257634172602142722
1254581229892120578
1246811891449683969
1245775145106538497
1244650894534348806
1244653782438420486
1244256361564835840
1244257013380587525
1244257280125779968
1244258168567410689
1242831876500467713
1242832559022714882
1242860791419764744
1243641247782375428
1242867067285635073
1244239939920855040
1244252259317428225
1245432679941709827
1249702255198195720
1249702435188117504
1242444885560635399
1242480518156783619
1245041622506778624
##1246900824556605443##
1246899416017121280
1247106811116863488
1247245018726793217
1247245653010456580
1246914476286398464
1246900621292298244
1246911563262541826
1246900849009405957
1246992127390875648
1247173992429031425
1247181545959538691
1246911305501605890
1247111271159300102
1246913031432478724
1246919051575791616
1246990372858978306
1246943199114993665
1246939711094038531
1246900824556605443
1246917340236787714
1247254728377077762
1247008463013715975
1246901419082428418
1246901506852433923
1247007760258080768
1247049967128190976
1247240905943367681
1247273846106923008
1247314103275786247
1246916382220042243
1247089449802125312
1247054700085723136
1247148067637407745
1246935832377929730
1247158560842076162
1247176202206564354
1247001653779345415
1247183887412928513
1247164472621281282
1247165076366168066
1247165632241471490
1247256082415845377
1247258716623208455
1246916100903907335
1247003979185377285
1246911929098125312
1247157328664621063
1246899799405867014
1246900432821239808
1246920656106725376
1246921372611330055
1246937080095277056
1247216155720368130
1247149705261350912
1247159029358563328
1247160210457645061
1247192677092900864
1247202868408602628
1247124257454329856
1247141122553585664
1247216635355824143
1247238972717268992
1246901893210783744
1246904921066295296
1246899831316021251
1246902378344914950
1246909265299849217
1246912423124230144
1246899984588517385
1246900133469523969
1246903769268400131
1246915451789160451
1246916737158844418
1246918477354582019
1246932426628247556
1246937365911912454
1246947206273347587
1247009520917848064
1247028762908266496
1247032352838234112
1247035162610798592
1247049410787360768
1247066353497976833
1247117537684455424
1247148363352543232
1247151991161323520
1247188135894749185
1247223770542211073
1247233952424878088
1247241541032316929
1247243479308275713
1247453506321223681
1247240749869158401
1247244617663352832
1247245318120443905
1247245495552049153
1247246406164897792
1247251618208284680
1247255605703839744
1247234133681733632
1247235081644752902
1247236661563531265
1247238345073319938
1247239126837067779
1247239322702696454
1247256129186471936
1247256832202158086
1247263451283587081
1247443984466817024
1246899928124686336
1246900135239528449
1246900169204998146
1246900419869249541
1246900437820813312
1246900511065980934
1246900552900005888
1246900691035013121
1246900757112270852
1246900811931811852
1246900824619581441
1246900854722113539
1246900865497251841
1246900977376137216
1246900989401038848
1246901049820155904
1246901087682072576
1246901260969787401
1246901265499635712
1246901279462502400
1246901362409046016
1246901460966703106
1246902107065778178
1246902138275495942
1246902464407838720
1246902540471599105
1246902587938557952
1246902620100444162
1246902631273988096
1246902722382696459
1246902981187874816
1246903095164112896
1246903346134429696
1246903491718766593
1246903539097636867
1246903808195772417
1246903965029105667
1246904286442905600
1246904375471149059
1246904470283472896
1246904720280748036
1246905014267846658
1246905186284711952
1246905554427092995
1246905828017344517
1246906461852229632
1246907515608141826
1246908179704938496
1246908200433188864
1246908490934898690
1246909083468382214
1246909326155034627
1246910086125158412
1246910621075091457
1246912035625086976
1246913668752826368
1246915636493725698
1246915825728212992
1246916206407356423
1246916287248433156
1246916361726701570
1246919583178596358
1246919820165160963
1246919963568410630
1246924062825250820
1246925964258488325
1246926597476749312
1247231245181992967
1249430434162921472
1247251328897875974
1247148868338438144
1247149458896211970
1247254766008311809
1247234880645275650
1247238900185210880
1247239442949124096
1247240954827988994
1246926723054264322
1246926967821217793
1246927747819147265
1246927882561245184
1246932749916803073
1246933925961904128
1246943162788130822
1246945182035185664
1246962225409073152
1246963738797883393
1246969958023790597
1246973692476882945
1246974056332775425
1246974471216431104
1246979500749082625
1246980571785580544
1246980643919200259
1246988015051984896
1246991696237297664
1247001907446439936
1247002092901994499
1247002643979010055
1247003372173045760
1247003383149539330
1247003904933597184
1247004730099929088
1247005301519331328
1247006556039925761
1247008671277735937
1247010113812082699
1247010930191413249
1247011921439719426
1247012161307770881
1247013223737499648
1247015331144650752
1247020558371426304
1247021600530186240
1247022659155759105
1247023892805431300
1247026992530235392
1247029074410770432
1247033588903809024
1247034286085201921
1247049478672130048
##1249095538454208517##
1249095538454208517
1249097782352371717
1249098260389609474
1249099017415360516
1249426863572779015
1249437285361291264
1249105714070663171
1249107214536769539
##1251957069118410753##
1251957069118410753
1251957070125023240
1251959042190295040
1251959660741103617
1251960106289451009
1252002007067525123
