##1249763975878905859##
1249763975878905859
1249766650418733056
##1250035236899037185##
1250035236899037185
1250038441926184960
##1250163554113683458##
1250163554113683458
1250223050286682113
1250283487040421888
1250287142867107841
1250164705156571137
1250164749918224385
##1250164123775705090##
1250164123775705090
1250166374950895616
1250164591071563776
1250164967585742850
1250165814415839233
1250167076356001794
1250170020891672585
1250176323483512835
1250177655099535366
1250164966516277255
1250165513306734592
1250165981835599875
1250166386741125122
1250167135269195776
1250167566175264768
1250167958283915269
1250168166938001408
1250166627108376582
1250166855064567814
1250167170216144896
1250167717031796736
1250164989723279368
1250240638920114176
##1250191298935562241##
1250191298935562241
1250192957334065152
##1250212506469117957##
1250212506469117957
1250294586775240709
##1250340816725262339##
1250340816725262339
1250344158444679168
1252402867480100864
1250341063731998722
1250341515169169408
1250343327141990401
1250359038157762560
1250415928375795713
1250937701005692929
1252405833578590210
##1250520328301838339##
1250520328301838339
1250730089727344640
1250735687256727553
##1254530696540049409##
1254530696540049409
1254531153933012992
##1254850856069070848##
1254455197935394816
1254850856069070848
##1250492502148341769##
1250492502148341769
1250503437369970690
