##1247267837611094018##
1247267837611094018
1247269941902036992
1247275687607767040
1247276826835193856
1247452929138864131
1247272337499717640
##1248385200913911808##
1248385200913911808
1248388642919215104
1248396856079437824
1248388165246713858
1248388959844962305
1248388386001260544
1248448171652440065
1248701252332138496
1248705220428824576
1248387533181816835
1248391733416587265
1248392217569329153
1248387844990570497
##1245778324128968705##
1245778324128968705
1245778707211526155
1245954467712897026
1245781816818176003
##1252707452090560517##
1252689318910529548
1252699647749107714
1252702670843973634
1252697550550962182
1252692520003305479
1252707452090560517
1252894101726474240
1252894567109668870
1252895524463706112
1252896952594948096
1252898229269737472
1252899121175953410
1252900225657769984
1252908806088151042
1252909217209556992
1252913158441877504
##1247623865322389505##
1247623865322389505
1247624806805225474
##1245475092760604674##
1245475092760604674
1245475585821937666
1245475697025581059
1245476524985376768
1245516413126746112
1245595060818735106
1245623596828901376
1247091449751052288
1247092983972888577
##1247618291507564550##
1247618291507564550
1247625312931905543
