##1223983919139303425##
1223983919139303425
1223984604492845058
1223984759023513602
1223992090125881349
1224015989039300611
1224024512435490816
1224075317222002688
1224258568624451586
1224320234586345473
1224363916651835398
1226168322481414144
1224039734235881472
1228600560682663936
1230011334516973569
1236535190291468288
1223994241699008514
1223986554894540802
##1224387564385263622##
1224387564385263622
1224391034085498884
##1225129155521585153##
1225129155521585153
1225134344056057856
1225133712892973056
1225134433633697792
1225134594078511104
1225136219258085377
1225212750844039168
1225447980490199041
1225429361802825728
1225447164073119753
1225453688040255488
1225456624959213568
##1232980645707735040##
1232980645707735040
1232982266076368896
1233083208931201024
##1234865745378643968##
1234865742820052993
1234865745378643968
1234865748457201665
1234866857888436224
1234867047642824704
1234867709625675777
1234868663276232710
1234872654525554689
1234872867352989696
##1237839155737985025##
1237839155737985025
1237843845477330946
1237852373327835136
1238052737339871233
1238018154590285824
1237873227268894721
1238072118455263232
