##1242949826351947779##
1242949826351947779
1243051105883471873
1242953897150484486
1242958719203368965
1242958992017625093
1242963829786632192
1243106266769248256
1242964414787182592
1242971127972012037
1243050660045742080
1243053843992150016
1243053354122645504
1243053505314803712
1243055185666113536
1243033752781107201
1243054237870895109
1243116537961218048
1243129925508517888
1242969345229230081
1242971128559173632
1242971324819144706
1242972111980965888
1243054350492188673
1243109710221529088
1243128493505986560
1242973539285770249
1242973873148178434
1242974610095734787
1242974905429360641
1242975579126857733
1242976020526964741
1242976846981074944
1242977041282224128
1242977292248403970
1242977575334445056
1242977951022567425
1243223152890699776
1242952379735179269
1242958710940581890
1242961394124967937
1242963942567182336
1242965627071074304
1242971632811020289
1243025369973874691
1243077027281776640
1243104146145906689
1243021171299319808
1243030741052768258
1243150104007192576
1243244218572816385
1243086984123486213
1243117913386520576
1243194558617399298
1243218843004211202
1242997726347964416
1243101828771954688
1243067523479801857
##1242952493514055680##
1242831448480141314
1242856383449571328
1242831925091467265
1242872454617477122
1242899130294419457
1242875077785518093
1242832715302473728
1242854823885787137
1242979048462209025
1242834067843768320
1242842610391298048
1242870464315342857
1242890910997909510
1242925484314431493
1242972843962490880
1242857687861338112
1242873272259227653
1242873561573883908
1242877147045335041
1242926814110121993
1242831907492179970
1242834099947163648
1242838398227959808
1242883227062276104
1242886734674878466
1242952493514055680
1242959721847545859
1243018112578052096
1243467430183256064
1242837033711779842
1242904729144918021
##1242954893532463105##
1163777472036528134
1163783813828358145
1223726266139979781
1232842684718559233
1223985913983913986
1232842928525119488
1234452003834793984
1223950200571662336
1175876689492152321
1255198799561187328
1219309137118613504
1254830944474804224
1221143905711919104
1249452834220838914
1204331269095604225
1209891572743098368
1204331114535538689
1220887225216442368
1232442486657675265
1163788993986736128
1200881911985582085
1224955339390488581
1226636093694644225
1230589146818842624
1234090111136079872
1242128385742123011
1163947799383351296
1200080308474961921
1200121391862956032
1199077614574592000
1175659384640286720
1232844540261863424
1245682371556519936
1177849964048912384
1200489494916616197
1234100355660730373
1230595645364490240
1232844072605437952
1245681959621312512
1264084487769636864
1203864655975845889
1204124656791408640
1242236694692323337
1230779574113492992
1223436169192583169
1219564653195530240
1256553940612759552
1225773822995030018
1232547627922841602
1164193078518984706
1172575049511055360
1254547691469770752
1254554151952007170
1219564198478434305
1235955156824530944
1219563429289234434
1261419093887840256
1210173143505084416
1166975718468849664
1234452763322585089
1234486345176944642
1172744276838617088
1261420472614281216
1210308407002976256
1227645999381975040
1237264228626636800
1194990545699037189
1232288291371847680
1263751253634490373
1163788051363094528
1222935736422367232
1223690034752245760
1261417019393683464
1208519639434715137
1250102597232603138
1179441770700115974
1210341615442763780
1200913815614951427
1211853540806811648
1227416190747906050
1171200827266097152
1249580507903352833
1249600735869837313
1249610468408176640
1249677750153154570
1236062465194156032
1163777487119290368
1163928018609483777
1166069430398443520
1168762805765492736
1231123232062877696
1265663604453449729
1220419345827991553
1242416071518240773
1209191731822039041
1226395856422739968
1245131715800109057
1209268393939001350
1261418953445830656
1209473470477852672
1232345748584439808
1233277577764200453
1236293887083319297
1179811054018125825
1231576875975221254
1170967681845141504
1249427090719625219
1175184662093869056
1167424985071333376
1217822587385937923
1224063707841429504
1224454932629094400
1266317596275728386
1222727307573579776
1224449207731290113
1163788582378754049
1163811170748264452
1163821817619861504
1164333395259940871
1164501674985164800
1164516449806966785
1167373979012816896
1169374707604434945
1169590136297992192
1169891049323421696
1169991869335515137
1170039314610360320
1171852186478895105
1187782484752322560
1203811745288065025
1207655441465040898
1208160771223564288
1210339950568386561
1214218215846494208
1222873703031156742
1223100937121648642
1223726164797263873
1223809217682989057
1224220040762920960
1224624499401940992
1232396460429389824
1239910873646456832
1247428038591156224
1250780243952046080
1252132344187826177
1263346261589139458
1163778640502546432
1163836076949217282
1163910615271923713
1163789220600799233
1164202068724334597
1208696351997005832
1212376018411020289
1163954485141618694
1223658638021185541
1225699890325422080
1231993589808484352
1231996483743993856
1224675760511819778
1224701770481459201
1235760696081739776
1163930005879054337
1163946647208046598
1166065659387752449
1167409812277276672
1169602832284246019
1169603238351515648
1169609152286662658
1220362811399950339
1249844580624797696
1261421483638886402
1261422512715399169
1261430048277426177
1261439620346068992
1249845691368816650
1200461958446800896
1222688282200412163
1249687395953410048
1249719284349186050
1236590599769374720
1223045873376157697
1231577518601314305
1202877131015049216
1202877480354426881
1210344683999825922
1226051637795577856
1187807786320703488
1234931730177503232
1223614262200995840
1261420140479959040
1223734965751439360
1261419324260171782
1224414937507926016
1171756671531720704
1172810760885547008
1180603800437981185
1211410677090455552
1245132386884599808
1200728203515645953
1203422538417737729
1221609854223167490
1215576434401599488
1217115818619699200
1250866946255523841
1250867266952060928
1223985457056428033
1224526732323098624
1169609646539202560
1169643131249315842
1170145227702775809
1171152757526618119
1172480132847677440
1173233419058331648
1173934253089984513
1173935499939110912
1174389831205568512
1174398403968675840
1175184282517745664
1175432438652243976
1175549030132326402
1176634894061068288
1176820553749094401
1177269993286905856
1179254773448617985
1179345056119033856
1179441702077161472
1179879503277019137
1180602309581012995
1180602796212543489
1180603195468288000
1180858869133824002
1181175324492664832
1181320693440552960
1181926123711746048
1182965120198152192
1183974271028269057
1184397967115116544
1170758747779715072
1170761096099225600
1223855298328387584
1262176469020823552
1262179477653774337
1262182861534265344
1262185247023693830
1264566073615056896
1219351584636919808
1242954893532463105
##1242592319586607107##
1242592313823694851
1242592315912474626
1242592317997023232
1242592319586607107
1242592321352470529
1242592323575242754
1242592325613862912
1242592327388069888
1242592329032257537
1242592330814808065
1242592332521844742
##1243980921524666368##
1243980921524666368
1243993253806051328
1243988730609913858
##1242589500552941570##
1242589500552941570
1243654298921308167
1242597633497149441
##1242897597150277632##
1242897597150277632
1242970695463772160
1242971124377554946
1243007126659895296
##1242931691292950532##
1242931691292950532
1242941991299747846
1243133432055697408
1243132339968004097
1242949027299196928
1242940016701120512
1243246498789371905
1243124676114644994
1243183274442268674
##1242933524665110529##
1242933524665110529
1242946703860383748
1242947551810240512
1243022691709472774
##1242939229572927491##
1242939229572927491
1243250248484409344
1243271512313995266
1243303565881376768
1242940083231248384
1242940518625091585
1243263371614486528
1243271242951557127
1243133804048506882
1243271775343071232
1243307026496860160
1242942020714463232
1243160281771053056
1243271055839559681
1242973622358155265
1243226210039185410
1243149222616145922
1243279611338915840
1243122169154088960
1243290459633586176
##1242951906399604736##
1242951906399604736
1242952426002530304
1242992945818750976
1243134483454480386
1242967335641767943
1243158861768462338
1242964743155056642
1243167242835103744
1242962457049673729
1242968537129418754
1243139209239695360
1243145155668041730
1243347104451485699
1243251463427670023
1243253091954241542
1243256883814764552
##1242953131719380999##
1242953131719380999
1242954070366789639
1242957074159546370
1243491789388091393
1242965889802219521
1242956164431667200
##1242968817229271042##
1242968817229271042
1242973875127889923
1242974071048060928
1242969189645680641
1242969894980915204
1242974445146386433
1242974968020959232
1242977729785593857
1242976068690198528
1242974727221764096
1242977537891995649
1242975514563936256
##1243268004302946304##
1243268004302946304
1244380116311998470
##1243302624243462145##
1243302624243462145
1243302628127318016
1243326707303624714
##1243509068444192768##
1243509068444192768
1243509725276372993
##1245036572501819392##
1245036572501819392
1245046223113015296
1245040532843384832
##1245445250035912709##
1245445250035912709
1245611611714281474
##1246935707962220548##
1246935707962220548
1246936913963073538
##1248712878020009990##
1248712878020009990
1248767030779678720
1248834476911874048
1248714445473427461
1248715214633062400
1248715862544191489
1248948725113913345
##1250198127128256512##
1250198127128256512
1250210910293176326
