##1238430471975043074##
1238427818054352897
1238430471975043074
1238431767796867075
1238432189722906624
1238432774262075392
1238439382614409216
1238443444885954563
1238442320686710784
##1232375486631858178##
1232375486631858178
1232383043966468099
##1232377386689269760##
1232377386689269760
1232391260570341378
1232391352442335232
##1232706172626579456##
1232678840201293826
1232679136717606912
1232679068337868802
1232681901200113664
1232689389442129920
1232693692567130113
1232689490868785152
1232693459431149568
1232694301433397250
1232696231937400832
1232696646917611520
1232706172626579456
1232742052540112896
1232871700460703747
1232686061815549952
1232689162911965187
1232683096111296513
1232685538509021188
1232692816528146443
1232695252940660736
1232734759056527362
1232906604053483520
##1232361460111638528##
1232294361800597504
1232343955318169602
1232345078162763776
1232386686576988165
1232402010814722048
1232419555269652481
1232601634548649984
1232353606424301571
1232637109489500160
1233096273013637121
1232636675756625922
1232637400565899269
1232639364984950784
1236050678482599937
1232638139178651650
1232358921899270145
1232384847403982849
1232382321401225217
1232598793977303046
1232438994144649216
1232439309795377152
1232555921957584899
1232501710670749696
1232505844253757442
1232545453947920385
1232585174199742464
1232646732703506434
1232361460111638528
1232397945166815236
1232416074521612293
1232464665298423808
1232387014609326080
1232303415956529152
1232308724255117318
1232314686667780100
1232380294705139712
1232301709801803776
1232303944401072128
1232322552481157122
1232348779031953408
1232349621168607234
1232357887843930112
1232390588747669504
1232391412727132169
1232397393372512258
1232402525053243393
1232415010942541824
1232506097166176257
1232510456763469824
1232518997612072961
1232644311168278529
1232533084203110400
1232571783326334981
1232303448214786048
1232300125646659589
1232303413486145536
1232384477671895045
1232406728316276736
1232416244315435009
1232297508350693376
1232300449266618370
1232313944817070082
1232336065765289984
1232381904600563714
1232385900119822336
1232420658480656385
1232424709314273288
1232433454723158016
1232507363925659648
1232537242155077633
1232566746940366848
1232571288276914176
1232614688959193088
1232295369880604674
1232346945554919424
##1232779762055176192##
1232774404083527682
1232775649166790657
1232776337775058945
1232777325386850312
1232779403379269634
1232779722398093313
1232780221784432640
1232780395462172676
1232780616816644098
1232780799168204808
1232780098937532418
1232776344561504258
1232779762055176192
1232780139555119104
1232780369067433987
1232917290942943233
1232919064005222401
1233054294548602880
1233072558943166467
1233078474220462080
1232933709608882176
1233056406502289408
1232775807195648000
1232776538694803458
1232778335358504963
1232937011461468160
1233056292484395011
1233072124090372096
1232775319247106048
1232775651163283458
1232793618261446659
1232933116345561088
1232949200587042816
1232949913140580353
1232878072199774208
##1232351751975645186##
1232351751975645186
1232452069920952320
1232452373034852352
1232999234259083265
1232999985542836224
1233000217747820544
1232773947067904001
1233585186497007617
1233589883026989063
1233590157053497345
1233590508540309504
1233591498064703488
1233591652406714368
1233591636741021697
1233590305162747904
1232834567146483713
1232837251031236608
1232838861904105472
1235388151302062080
1233643611356569600
1234236241346023426
1234235781214015489
1232652048908345345
1233736951544664065
1234030457890668545
1232363241680113664
1232519035985813504
1232641266451697666
1233644031516848128
1233496173182423040
1232471954596040704
1232621907108933633
##1232401983476289536##
1232401983476289536
1232705920762810372
##1233064167088820224##
1230100377107927041
1230100365024092160
1230100366848647169
1230100368765464577
1230100370501853184
1230100372187906049
1230100373882523648
1230100378882117632
1230100380660457477
1230100382426247170
1230100384070406144
1230100385727229953
1230100387639767041
1231193394338312192
1233055665947652096
1233056456393535500
1233064167088820224
1237733185783508993
1233056265829584896
1233056465327460352
1239966648947236864
1238432258928848902
1239896650753204228
1238142229887188992
1238143459250372608
1241015857872060416
1243182369173057539
1243579805611761667
1246056627666661377
1248177369963257857
1248587680344047616
1238483949317472257
1242839185075195906
1243544297280020483
1238478111332851712
1247903467999350784
1240266179475845121
1242483980869353473
1247929713991004167
1257336281845071874
1242874796289011713
1245389279599173632
1240630514249326592
1242065757531504640
1240636946424217601
1248422159757672451
1244688451636781057
1248218423424880640
1248273300687552519
1250446296885927936
1254713453178236928
1263479800292945921
1245015889830989825
1247115766513745922
1247183247190233090
1243235851515179010
1247486932986277888
1250059205404393481
1250102337986801665
1250378626874343425
1252577422073040897
1253276348237447168
1254514658704310273
1260918356649140225
1263057400661250048
1245022826156916736
1265256906035286017
1250810305929674752
1253405897533112326
1254787723367342089
1255140229465309186
1255143156389036034
1255879246783881216
1255882528633901057
1262405734567993344
1250440331792797700
1263807908673921025
1254494600200368128
1254501530251800577
1263844349147824128
1252207424158814209
1252211891847528449
1242487294906396672
##1235190947652214787##
1235190947652214787
1237639001798033408
1235243372526407680
