##1238577765835845634##
1238577765835845634
1238594900280688640
1238606777870139397
##1238585738868011008##
1238585738868011008
1238768339993997312
1238769514172555264
1238769755537932290
1238769911683563520
1238968300153044993
1238969848358723585
1238597671063076864
1238597831084126212
1238598341446991874
1238707233552203777
1238707692228751360
1238707878728552448
1238603602949619712
1238587798774579202
1238587965527543811
1238589367909744640
1238593023556177920
1238724889072275456
1238752581377277957
1238807029428469760
1238601095263502337
1238614072003887107
1238615413971398656
1238674245514903552
1238679845032386560
1238693135506604032
1238718318967689218
1238724696008544256
1238732930786234368
1238793387878182912
1238885589220540422
1238979606432157697
##1238607653481459714##
1238607653481459714
1238607924760645633
1238609520647176192
1238609712393998337
1238712944143273986
1238743134114394112
1238936556699877378
1238937678424481792
1238944591715487744
1238613308128858112
1238623924960845824
1238740315080704000
1238760157800214528
1238768459099578368
1238837370499338244
1238609561264836608
1238777503638044674
1238864180603523072
1238619111145508864
1238619306566529024
##1238901160096006147##
1238901160096006147
1238908487247319055
1238921022620958720
1238922416891539458
1238924022630547458
1238924096165031936
1238903854445613063
1238908045322846210
1239078315639652354
1239205138751008771
1239221015605063680
##1238976572503269376##
1238976572503269376
1239000308904329216
1239064909499043841
1238977390774300677
1239228498587389953
1239230689498759169
1239253981676941312
1239256541452214273
1238984710501683203
1239077086742097920
1239126894706073600
