##1240696501761798146##
1240696501761798146
1240718363527176199
1240867100127834112
1243956974296993793
##1240727956907065344##
1240727956907065344
1240732996610732040
##1240781728484114432##
1240781728484114432
1240934820986916864
1240936186912428034
##1241125138713755651##
1238919859645399046
1238925197211811840
1238922050665938950
1238946162188697601
1238977132484755456
1239030035119509504
1238924781170446337
1238922472856092673
1238929514207555587
1238923143588306947
1238925816085524480
1238933469780049920
1238934099877863425
1239276371601494021
1238922870484598784
1238922910762446849
1238922915577581574
1238923111384469506
1238923368138715137
1238923584300617734
1238923987679432705
1238924180315398144
1238924193556844544
1238924197734187008
1238924264738369536
1238924356761333762
1238924367503003648
1238924634558472193
1238924669291462656
1238924848937697280
1238924955418583043
1238924972816400386
1238925792513527808
1238925810582441984
1238925923384164355
1238926085464764416
1238926389656653828
1238926420786720774
1238926632334888961
1238926826656935938
1238927112628772876
1238927479169077251
1238927813954146307
1238928326976208899
1238928368218918912
1238928397612564482
1238928587044065280
1238929100934393856
1238929112657469443
1238929935525457920
1238930000038055936
1238930090538471424
1238930196817985536
1238931086773813249
1238931276310216706
1238931709057478662
1238935370819084288
1238937011597324289
1238964878104317952
1238969606754258944
1238975645641826304
1238980943848845314
1238984752155316225
1238994820128964612
1238995252981182464
1238932385833660417
1238932989393895426
1238933934928510985
1238934050586398721
1238934057016311808
1238934138385838081
1238934176314937345
1238934385484849153
1238999699752988678
1239000657262149638
1239013113892147200
1239014796743380992
1239026954625601541
1239028367502053379
1239031363069763584
1239044721290461185
1238934713303252992
1238936261089546242
1238936456959340545
1238936701810155520
1238937339835154432
1238938127617667073
1238938621513695235
1238938655265357825
1238939999632048130
1238941614057443328
1238943531328307203
1238944365072048129
1238946170879324161
1238948605408534531
1238949501148282881
1238949897493270530
1238950678548099078
1238952463643947010
1238954028035235840
1238955772773621760
1238956169894539264
1238956885371469826
1238957345918586880
1238957634964918273
1238959306386690048
1238960177254150146
1239057600966262785
1239084123714662400
1239084555652472833
1239091747067695105
1239111025028468736
1239134290656612355
1239138273890635776
1239145282073493505
1239148195558670337
1239159355225841664
1239187898165051394
1239204471827202049
1239213887490318336
1239234763862523907
1239241911279456256
1239390621187608576
1239478460671803392
1239633161883172864
1240318832746606594
1238924213798547456
1238925767813234688
1238929462697361409
1238942856112414724
1238955363011121155
1238956378468896769
1238972326445756417
1239129243138867200
1238943013629497344
1238944248013209602
1238952747132690432
1238952920810434560
1238925899237654528
1238926030221594625
1238941006323765252
1238953042462023681
1238941454753562624
1239099180703977472
1238926111167385601
1238935509063340033
1238937861346516992
1238939246918094854
1238930041888784386
1238931873369374721
1238984307051573250
1239087756694913026
1239123698633904130
1239146881273540608
1239576541295775744
1238923129671516161
1238924936443543552
1238935341358350336
1238949285250641928
1238950009665708032
1238980314304860161
1238925252647890945
1239088338180718592
1238924176435687426
1238931690522906624
1239020088289898498
1239084602188275714
1238929513528143872
1238941016478138369
1238923873212563456
1238924147180351489
1238927505630932992
1238989637357535232
1238993750178889728
1239061722037727232
1239017966316015616
1239287187667128322
1238923652739010563
1238944573017198594
1238984135345090560
1238925834108506113
1238919986497929217
1238926493239185408
1239113128765534208
1239101496169566209
1239091037773201408
1238936226578694145
1238936561779163137
1238968664096997376
1238989447363952641
1238920078927806464
1238920240932814848
1239075390846533633
1238920441252712448
1238925543904546818
1238931366559059968
1238935641662132225
1238936060585037824
1238943231682977798
1238951359463993345
1238951965461225473
1238954643373330432
1238977217474027520
1238980596552040452
1238984398407680001
1239022223228313600
1239039542461714432
1239071967698997248
1239074674467897345
1239099879932166144
1239106775632273408
1239072474731548673
1238919928809472001
1239111328603746304
1238919939702038530
1238958937921159169
1255950766709379077
1238922574014316545
1238951772590354432
1238965459883626497
1239189173556428800
1238921867576164352
1239142488398540802
1239163328217460737
1239637817535410179
1238942562951614465
1238957001692119047
1238969591281442816
1239265340233781251
1239095900485623809
1239097097548369922
1238923781613248512
1239127395317231617
1238954958449508352
1238947850878423041
1238957173071323136
1239265840316452866
1238966364624297985
1239240172547592194
1238955582985588740
1238955648265617409
1238960810774474768
1239049595948236800
1238921163826442240
1238923636058316802
1238924174195916803
1238922423979970560
1238921268050739202
1238923346739433472
1238921388427280386
1238922570147168261
1238922899865640962
1238923089120985088
1238967281859919872
1238926333599789057
1238948203644497925
1239110064323125249
1239262807880802304
1239263379467972609
1238921665733689344
1238937372626223105
1238921492555071488
1238921900325289987
1238923270134665216
1238937969886728199
1238922745834098689
1238930661047664641
1239246221803491329
1239255081188548610
1239255666742657024
1239255789640060928
1239269675583844358
1238933713020268544
1238934164868608000
1238934703647920128
1238944979365638146
1238950873872642048
1239267243973894144
1238921528898727937
1238924176234295296
1239077735072509952
1238926370694144007
1239078082063020033
1239103558890422272
1238927425343537157
1238936098618986496
1238951142966657026
1239003931033903104
1238922216877830145
1239114858924253184
1239210029766582272
1239101206422839296
1238923845333069824
1238955334221340675
1238984893671051270
1238989814697021445
1238994014780743692
1238959956424089610
1238921273964625925
1238922454271062017
1238920065438961665
1238920825396396033
1238920094182453249
1238949578206056450
1238920485146185729
1239229000528134144
1238920722933833728
1238931278000459777
1238937957953912833
1238973275625140224
1239032383757791233
1238979041622814720
1239223013540794368
1239262536459001856
1239262926990716928
1239604074582085632
1239276353557536768
1239277666886389760
1240762699899973634
1239266216889520129
1239269928328454147
1239273729781309441
1239274035772633092
1239295822837276674
1241808723028389890
1239257903044984835
1239589254197645317
1239589403095379968
1239589582355730432
1239589747837853696
1240325028312481794
1239057506112061440
1239110045666811904
1238923098918989825
1238923394004979712
1238937104379449345
1238923396626427911
1238928633181483008
1238927832207822851
1238932026809556993
1238939951481393152
1238992967169380355
1238936468321636352
1238972310620704768
1239039386710355970
1239072580981719041
1239252456372133894
1239277841017176065
1239291061622788097
1238919990222434306
1238920073361883138
1238927415939825667
1239015683838656512
1238957191547228160
1238943882798411776
1238959867550928896
1239085852011225089
1238920680701337600
1238926143786491906
1238924625830203393
1238924641009270784
1238927235500904451
1238928257774497793
1238928987210100736
1239190788774531072
1243698895068237825
1238989942111514627
1238922142550568961
1238923263469912064
1238924480245911553
1238923527606198278
1238954491644428291
1238926668691095553
1238920063463444480
1238921227567280129
1238925746426523648
1238920624082477062
1238921992587354116
1238923777179881472
1238934056320077825
1238921534477160448
1238921884311453696
1238962326495203333
1238963380930646022
1239180774521425920
1238922373459521536
1239190389392912384
1238920486626758656
1238925578176258051
1238956468814196736
1238957006561705984
1238921099892723715
1238960364269776896
1238968055084060673
1239006609071845378
1238931303577288704
1238936274444173313
1238920479928397833
1238924824455589888
1238930761878831105
1238979775248695296
1238920656680517634
1238922024753430528
1238923229651238914
1238924883863748609
1238926031068766210
1238929108626702336
1238920124016574470
1238923107533979648
1239004589552291841
1239309350407200769
1239369493643698177
1239023792837537792
1240249569801375753
1239028618585444353
1239028679772176385
1239119116025331714
1239160149698322440
1239223575900495874
1239328798413328387
1239328882869895170
1239231038276153345
1239149262749020162
1239153644643196928
1239156871828733954
1239030984760348672
1238929287383863297
1238938920827727876
1238931431742738434
1239115192262369282
1238920114910703617
1238921409067450375
1238922257277292552
1239001618101817349
1239026703755853824
1239036142617415680
1238967447299948546
1238999648083292160
1238985840375758849
1240827046537854978
1239697864785309701
1239867195116716034
1239868056534421506
1239869338951331841
1240708717328424962
1240768249937170438
1240778541228318721
1240779450670895104
1240799438664318978
1240843588587655170
1240764478775533574
1240799920841506816
1239698685870645250
1239864915134988288
1240844331860332544
1240853583576301573
1240853719807332353
1238922792294285312
1238921460112142357
1238945807203696645
1238921548146278400
1238923152933236737
1238925035697471489
1238933207455805440
1238936372532084737
1238938907087187970
1238940043378675713
1239070892572979200
1238939145655005184
1238939974332026880
1238940553993207812
1238942530261172231
1238963602964570112
1238936635980632064
1238939935224332288
1238923523399266316
1238926772906995713
1238926794390220803
1238927465629827073
1238930762461782018
1238933332316041222
1238935783719010306
1238939479307681792
1238944795005014017
1238970321430106113
1239034091019874305
1239081022173646850
1239142910341402628
1238940786810642433
1238947549853167616
1238952464323411968
1239067221495857153
1238920180425768960
1238924489972420608
1238925701585174528
1238947978657873922
1238948445186142209
1238943301211914241
1238943696277639173
1238950583589011456
1238947865780785152
1238948114763067395
1238948200461058049
1238949091335376896
1238948676116119552
1238956839225757698
1238976580522848256
1238968910889844744
1238976419398586369
1239160033742635008
1238927402270670852
1238941696378929155
1238945220575858695
1238920190194257920
1238920492662341633
1238920527588270080
1238932259341840384
1238921525291597826
1238925651673059331
1238934329629310976
1238937035467116544
1238920635839102977
1238920933081055232
1238920944925712390
1238921140279615491
1238921821044473868
1238921821199761411
1238921752782278659
1238922280857669632
1238922965699477507
1238924451821035521
1238925247048540161
1238925475239641088
1238927471573073920
1238939348642549760
1238926061641105408
1239113939193139200
1238921843693797381
1238922941431250945
1238922942433701888
1238922995906871296
1238923003813081090
1238923321024155649
1238923446375059456
1238940532119928834
1238952859003166721
1239072800759037954
1239103177963814913
1238943831183241216
1238985706837549066
1239047719647395840
1239061099212914691
1239074032533803009
1238931194504454149
1238932622287519745
1238932718672588801
1238937028764545028
1238938860417101825
1238939538334134273
1238931678577471494
1238937585164136451
1238942514222153729
1238942596032081922
1238946844069318656
1239060884259065856
1238935472455458816
1238936297869316098
1238936677353218053
1238931332849418240
1238934018801926144
1238937951003971588
1239111983133229057
1239145301509890048
1239196994519908355
1238923697462874112
1238923703469121537
1238923858687688707
1238924084458782726
1238924146018594820
1238924499728445446
1238924564324851713
1238924704863444992
1238924717689626626
1238924763952746501
1238926441535979531
1239138947986526208
1238921345754423297
1238932690277105670
1238926240083574785
1238925242581557250
1238925339192995841
1238930036805287939
1241125138713755651
##1241143678204293121##
1241143675951906816
1241143678204293121
1241143680397987846
1241143682490945537
1241143684592214018
1241143686689325056
1241143689424048129
1241143691596771329
1241143693635133442
1241143695996522507
##1241505182589968384##
1241133302943285249
1241134177313067009
1241505182589968384
1241505686078570498
1241510246335594498
1241511477485473792
1241512092680835072
1241512811219554306
1241513920457838593
1241514532549386240
1241516080755081219
1241516816888926208
1242326736953659393
1241514060803424259
1241518421969379334
##1241506665226256386##
1241505389105098752
1241546098931642368
1241656518820462592
1241506167861452802
1241506586998329344
1241506841034702852
1241545310343778305
1241648677741113344
1241655241730396160
1241672087087038464
1241680732264824833
1241681941281284096
1241683818475642882
1241512756857069568
1241506665226256386
1241566640594137089
1241612665950175232
1241616914843140097
1241617248135057409
1241617458680795136
1241617694958501888
##1241766269256372224##
1241766269256372224
1241766271412310022
1241766273425510401
1241766275296174083
1241766277422747649
1241766279477899264
1241766281730195458
1241766284259360768
1241766286360752128
1241766288248254468
1241766290337026048
1241766292895477762
1241770616321200135
1241778143490441218
##1242195376955961346##
1242195376955961346
1242197905466851330
1242199090848501760
##1242533068759543809##
1242533068759543809
1243170355327512577
1243208590900551686
##1242585351656550402##
1242582052089794562
1242582209485320193
1242582391316721664
1242582574398128129
1242582913784446980
1242583138674659334
1242582555754446848
1242582802463428613
1242583183486484481
1242583629500485632
1242584120473137153
1242584549651030017
1242582791612706818
1242583579512713223
1242595864448847872
1242597709250547714
1242585351656550402
1242585329900687362
1242588474886291456
1242582656375762944
1242585180700803073
1242591997040431104
1242596625303908353
1242685624198537216
1242585149465862145
1242636304313135105
##1242589778551472137##
1242535662533869568
1242538438798303232
1242542938393055233
1242536549696356353
1242589778551472137
1242687220210958337
##1242892248490160129##
1242890209764802560
1242891167777292288
1242892248490160129
1242892734588911624
1242893692257669123
1242893922982117377
1242894862497824773
1242895656013963273
1242908872936951808
1244424398943268864
1248289243996270594
1252425051648884742
1255304774850883585
1256280640032555008
1260633854513156104
1255320497790877697
1255320624324587523
1255305097611022337
1255305196852387840
1255347018463154177
##1244404561122656263##
1244399918447579144
1244404561122656263
##1244734097265696768##
1244734097265696768
1244891832640831489
1244735366835339266
1244737173435400193
1244734493384151042
1244738180919767040
1244742879492390920
1244746703720325121
1244741714297917445
1244747675318325250
1244748276940836864
1244749220835295233
1244738123550134273
1244761363827875846
1244815272348958720
1244928433026719744
1244931205214228482
1245402689275670530
1244755632743419915
1244772307035394048
##1243314358051958784##
1242894640765898753
1242894643211177984
1242911097113501699
1243104949711536128
1242898744716206089
1242906579898376192
1242931993589035017
1242987294732300288
1243087050255077376
1242958380618199040
1242969510447112193
1243058248757981185
1243063607358885888
1243071103314137094
1243072100006494214
1242952229914583042
1243118645783474178
1243150840745136129
1243174496913235971
1243201033721053199
1243314358051958784
1243054254484533250
1242929402608070657
1243103477225701378
##1242140307782864896##
1241849239686217728
1241951113051541505
1242140307782864896
##1242895656013963273##
1242890209764802560
1242891167777292288
1242892248490160129
1242892734588911624
1242893692257669123
1242893922982117377
1242894862497824773
1242895656013963273
1242908872936951808
1244424398943268864
1248289243996270594
1252425051648884742
1255304774850883585
1256280640032555008
1260633854513156104
1255320497790877697
1255320624324587523
1255305097611022337
1255305196852387840
1255347018463154177
##1245181469099806720##
1245181469099806720
1245186100194414593
##1245296490219790336##
1245296490219790336
1245303841119260672
1245310275097632770
1245297796871315457
1245298847716433922
1245299667786743810
1245299862423384064
##1246189751838953472##
1246183343563161601
1246184673149095939
1246186047840628736
1246187134874238984
1246189751838953472
1246190994153975808
1246192208174292992
1246194052263018500
##1246577473501958144##
1246577120698081280
1246577473501958144
##1247270190267748352##
1247270190267748352
1247275777881669632
1247347228110397440
1247372502332039172
1247437418338430977
1247372705445351425
1247346833304834048
1247271327557443593
1247347461829595137
1247353504429223936
1247346573249560577
1247277634008027136
1247303075502710784
1247305599374757888
1247305822507540480
1247279746985136129
##1247666131105701890##
1247661028202217474
1247657719470927873
1247662554274500608
1247663678331248648
1247664881123446784
1247708427041767424
1247787848033431554
1247862028791951367
1247869257087623168
1247872360683835392
1247873474900758528
1247874572793372672
1247904064660070410
1247893419248087040
1247904269493133319
1247908610191089665
1247666131105701890
1247668088952193024
1247668371996499970
##1248378252910977025##
1248378252910977025
1248379858624712706
1248380534083837953
1248382293598593024
1248409725005258754
1248431712041762820
1248535506922737664
##1250552078377848837##
1250506407197265921
1250531928413016065
1250542822849155081
1250630105807888386
1250682181674041345
1250518897624846339
1250650517333839877
1250523191308673026
1250537087293624322
1250506766611349506
1250513623660875777
1250516908845211649
1250523020503982081
1250515640684863488
1250563111007989767
1250616544574537731
1250793054128275456
1250567603409518592
1250713268999651330
1250574837967446017
1250759342833483783
1250760057857417216
1250506734713614336
1250507851715526658
1250509817128648704
1250511676211965952
1250512878991560709
1250514988931973122
1250520667252023296
1250530616858337282
1250531500694605825
1250533605639585792
1250536195479699456
1250548185292058630
1250549868579389445
1250551209645178881
1250552078377848837
1250553397020934145
1250557253318520832
1250608688718643203
1250614368900984836
1250617898114191360
1250651333960630275
1250672402687758340
1250694033938231296
1250733449234784256
1250735675768475648
1250740299741237254
1250748927034511361
1250749010832510976
1250774969581256708
1250510805767991300
1250509556976934913
1250513555960594438
1250518522368753667
1250521806269829124
1250548561428824064
1250508612343980032
1250506830767362049
1250507208099594249
1250507785747468293
1250516749809786880
1250523168592269318
1250547448315097090
1250562742014132225
1250581866530451456
1250597363380621313
1250653639863152640
1250794125940662274
1250517164626493442
1250629055713628167
1250527216078934019
1250705642442063873
##1252348098421993478##
1252286442350485505
1252286854247874563
1252289315968819202
1252290265282379780
1252291693191274499
1252331427200471041
1252287112872972289
1252287644618326017
1252291663545974787
1252292715695542277
1252298400806113281
1252320312198389762
1252322172078522369
1252332153381289985
1252299489777459200
1252311466964914179
1252348098421993478
1252351548937474049
1252366232642129921
1252414627402530833
1252474523766738946
1252623822764810241
1252466121615249408
##1255637576800706560##
1255631341267357702
1255631575364100096
1255631811125948416
1255631989857824768
1255632273220800512
1255632460718710792
1255632702994362373
1255632896074944512
1255633271314137088
1255633734159777793
1260635737646665731
1260635893934612480
1255633535853043712
1255637576800706560
1260635626547929089
1260635800695214081
