##1237874745762185216##
1237874745762185216
1237877109407666181
1237875014797529088
1237874977698770944
1237875021227257857
1237875063438938112
1237875097299562496
1237875167784611843
1237875599378538498
1237875863082983424
1237876191433863173
1237877004264828932
1237878434358906882
1237879800963854337
1237880497734209536
1238008221031374848
1238058836109426694
1238234555531829249
1237874972816744448
1237875528314437633
##1236041549777166336##
1236041549777166336
1236042324175728643
1236044237441044482
1236048515375259648
1236180003190120448
##1240034684559437824##
1240034684559437824
1240036593836187649
1240223928922095617
1240035987402698755
1240045543293947905
1240125770565070853
1240351436187238401
1240035095077158915
##1238589089739427840##
1238589089739427840
1238590506269097985
##1238975033567043585##
1238975033567043585
1238975354347413504
1238975459259494400
1238975566423916544
1238975760683147264
1238983039243505664
1238984786649194497
1238984060061523968
1238979557308465153
1238979926705012738
1238980543733170178
1238981158890864640
1238983386863149057
1238983593852108800
1238992683269525504
1238992922013347841
1238993170890981376
1238993286485798913
1238981738476470272
1239141897135931399
1238983727822319616
1238985317585235971
1238987018643935232
1238987361255636993
1238990654459588611
1238976669895012356
1238977217583034369
1239195142227202049
1238991042332037122
1238993115085713408
1239311844873056257
1239102897666904064
1238985283472949248
1239080706795503618
1239285885348216840
##1233466685333569536##
1233466685333569536
1233469430614646790
##1233484875660963845##
1233484875660963845
1233485730678267904
##1233489254053031936##
1233489254053031936
1233492443397578753
##1247278973844930560##
1247278973844930560
1247279143907143682
1247279270747090945
1247281004781412352
##1255231395896733702##
1254520073328476160
1254176891566723072
1253792675549138956
1253627168921444355
1253075467814477836
1252332057268813827
1251590851958112259
1251218308638146561
1250898107359014912
1250439341450514434
1249816450258305024
1249739412029739008
1249439884038848514
1249317356377169920
1248925583049994240
1248673175522684930
1248572243019472898
1248317040773025793
1247921534657859587
1247568820514013187
1247227352125448192
1247191375826817024
1246858303801626630
1246535675534430209
1246179736465944576
1246124918380670977
1245756142497775621
1245663876840112129
1245369736797532162
1245016675839287298
1244682060662480896
1244313296829906944
1244231564084600832
1243946315551293440
1243851287550201858
1243542835212804108
1243495695790850050
1243217909457063937
1242902695117234178
1242819738352443395
1242514973722624003
1242201901564903434
1242111161040068611
1241769270037676032
1241450557631537157
1241107235700424704
1240341095327940609
1240181658474688513
1240298836674969600
1240604085977579522
1240604435853737989
1240612660254818304
1240652161786265600
1240677682167386112
1240701835708485632
1240902433217314816
1240930606466437120
1241102890611212289
1241125870640738304
1241317560001445888
1241323522745683968
1241328541578469376
1241330684238667777
1241335460900855808
1241337145593344000
1241345422146383873
1241362729279139840
1241452505374089219
1241454194273419264
1241470085035933697
1241485574541905922
1241655243806556161
1241660123153608704
1241668999378866176
1241676440002801664
1241682342567174144
1241780950218018817
1241782162506100736
1241784614366121987
1241786067839266816
1241821086632816641
1241829599505453057
1241841427728011265
1242102294646272001
1242103851639083010
1242122140201226242
1242126483956600850
1242130594022199298
1242153651596079105
1242155524960985089
1242180054437761024
1242183246278021121
1242190035446910981
1242192917063708673
1242491410441478149
1242492506362634240
1242493512446357506
1242494631079751680
1242496139695468544
1242498026310193153
1242499521927688192
1242510214852677633
1242512453474402312
1242519287807557633
1242528858475200516
1242549251030364161
1242765568673021952
1242766892231725057
1242767929764130818
1242769491488116738
1242776149509496833
1242779126181830657
1242831316816723969
1242832814590083074
1242834419163029504
1242858262795563011
1242861955020468224
1242877795077959688
1242892531714719744
1242894255594618890
1242896825931239426
1243180396881358849
1243181013267812358
1243207614214930433
1243208589378027524
1243210131833270272
1243212689570217984
1243213849173659650
1243214883052756998
1243216304837976066
1243224845862744071
1243227647246839808
1243230817381466113
1243233813792264194
1243247491983839234
1243250679046647814
1243257967094489088
1243260649800708105
1243263021151129601
1243270051744153603
1243502354839875586
1243503671184363522
1243509825415372801
1243514251907604480
1243515509016059906
1243517713705832450
1243520305148157953
1243535535618088962
1243537667930886144
1243560540892430336
1243605115224940546
1243607755002445826
1243609999777173506
1243625349818322946
1243626471249321987
1243629155868123143
1243630633588609033
1243643882845454337
1243854352827265025
1243856299286282240
1243857871407898625
1243890737940434944
1243890968291692544
1243891392604262400
1243942421290983427
1243944211910733826
1243945543346393088
1243952523003727872
1243956214725332992
1243962905260892161
1243995772607180800
1243996524935286784
1244216968330317824
1244218157025439745
1244221921148973056
1244225771465584640
1244238565678161922
1244240376422170626
1244250909573603329
1244268323942150146
1244275377956179969
1244299530687909890
1244301404501573635
1244305316231237632
1244307716186812416
1244589311804178433
1244612044051091456
1244661174903410688
1244662197097312256
1244665330816909313
1244666329690447875
1244669854638059520
1244672423687073808
1244673538583408641
1244744243517808640
1244942036698087424
1244945310721421312
1244946006048935937
1244947150745800708
1244950967654776832
1244957899924877313
1244971297567899648
1245008642702802944
1245018195188162562
1245019298550218754
1245021354379948034
1245023214079746051
1245032617751252992
1245059024946712577
1245096810223468545
1245329492702347264
1245331919878922240
1245374929937317888
1245397413671600129
1245403014778826752
1245403947667464194
1245405253702475782
1245417508682846210
1245428243005571072
1245449662506598402
1245660783884660738
1245673029868412928
1245675980376682496
1245678025817153537
1245679957830963200
1245753759076167682
1245754048084664325
1245754684398329857
1245799087053721603
1245800160929644544
1245828782914707457
1246025445277081600
1246031166005743616
1246032010386309121
1246036860088057856
1246037735720321024
1246124314698579970
1246125937466408960
1246126301267857409
1246127014073053184
1246133689987346433
1246140058744258561
1246153872089010176
1246158227382943753
1246446443499532289
1246470574613897216
1246471438879674368
1246475252332462088
1246477172849750017
1246483555817074690
1246522004599115778
1246523281609539584
1246524565934792711
1246546276071673856
1246811133010423810
1246816823225524225
1246820668567666688
1246823367317086208
1246825404964487169
1246836082173513729
1246839837388345345
1246846477957292034
1246882033030348802
1246890911004610564
1246899279781933062
1246901158083530752
1246903149505523712
1246904246685007872
1247180953316986880
1247182527858696194
1247188410479108098
1247195875824340993
1247197432712232963
1247198450430742535
1247208342625439744
1247210431241957380
1247218624265441281
1247220969397157894
1247225175348842496
1247226091145760768
1247228500567896069
1247230090775273474
1247538661551255559
1247544259324063744
1247545506991157249
1247547522526203904
1247552736805216256
1247554247367036928
1247558706058985472
1247569216498262018
1247571407204122626
1247575177283735552
1247629913366069248
1247632820987625473
1247634276180537347
1247635627472027650
1247916938350690304
1247919128083673091
1247922802881159171
1247930840551698441
1247933662060072963
1247991626095570945
1248310222919213056
1248312501705506816
1248313362825560068
1248314502787018752
1248315861926100992
1248327546749325313
1248546605801918464
1248547093389729794
1248547532755566594
1248554609821573120
1248556692473819136
1248559775606071296
1248567825104621568
1248571352367484928
1248582759901270017
1248584311613333505
1248587830642782208
1248589619714822145
1248592677773488135
1248597805633069058
1248604746975309828
1248607403404185602
1248608613582561280
1248673807453339648
1248676112323969032
1248677477838458883
1248678104748392452
1248686961319124995
1248689523900461057
1248692673852080129
1248714473315151872
1248911475948879872
1248927924650233856
1248960180139802624
1248971831836577793
1249012143736979456
1249020379693285377
1249045719375282177
1249073824823414785
1249078019618213888
1249092316733767685
1249355960398819328
1249356892146720770
1249358151318675468
1249376787844550657
1249380783254581248
1249381583112601606
1249382811267747841
1249383279033298944
1243948767419777025
1240289482798219266
1240204496174821376
1240309451044925448
1240352259575349249
1249443928841097227
1249447619929280513
1249449907469062144
1249451133397065730
1249719765825982472
1249720782487539712
1249722489892110336
1249736244986368001
1249747529740230665
1249749428497534979
1249779571186118656
1249780681464479745
1249781781290725377
1249787342283575297
1249800322782056449
1250004448010698754
1250012419478499334
1250082199136882688
1250095385160318976
1250098998750445575
1250101716885950468
1250423806251786241
1250432831026638848
1250434987788095493
1250511427850436613
1250802392179900417
1250803296585027584
1250808819808075776
1250813234879365122
1250840137099087872
1250860362246864906
1250863475179601921
1250869904728821761
1251112877668401153
1251135011836788741
1251145484581736451
1251146256472092679
1251147481909301248
1251148441171800064
1251150682872115202
1251151818895155201
1251158717040431108
1251229187236659201
1251453722753994752
1251460314555711489
1251532651581837312
1251533837227696135
1251534752160628736
1251536367689052162
1251547749511843844
1251568867278807040
1251620337608986628
1251627942779727872
1251874870574661632
1251939260829184003
1252258203796221952
1252321554261835779
1252325287762825217
1252327333727526913
1252330589698523136
1252340672981581824
1252983876403769345
1253007586951135233
1253007808804651010
1253008149780606976
1253008405729509377
1253008753986846722
1253009191624728576
1253071342993358848
1253077826112282633
1253340901746696192
1253341645526798345
1253343259675500544
1253405095611510784
1253409304511574018
1253412695862243328
1253415639810633728
1253453653589078018
1253629295269904387
1253631582151364608
1253634053254918145
1253635411143995394
1253636775177850880
1253665850005086209
1253747845603176449
1253786608417017859
1253789810445234176
1254037000434352128
1254111221751656454
1254118535615459329
1254127385613676557
1254131061036134400
1254132702242103297
1254133998328184838
1254137486047162368
1254164602285436932
1254183157261352961
1254418082707144705
1254470291662782465
1254473539299807233
1254476448569659394
1254492248617689090
1254495658754572292
1254513764336046089
1254765865079173120
1254770508815429632
1254771733585747968
1254772509032902661
1254776634990710785
1254778029894590469
1254779048925904897
1254851747970981888
1254859310439346176
1255136618236661768
1255195920192409601
1255231395896733702
1255233852991307776
1255237054612549635
1256286215021740034
1256286949410779137
1256289214318161921
1256290345412943880
1256293048880947207
1256294601624821760
1256312225414868993
1256314294209327105
1256326713870446592
1256340885345906688
1256343802081619968
1256344795620007938
1256350666458628096
1256536615012446209
1256537713576161280
1256540977982029831
1256541863051497473
1256699219773132807
1256702528667951104
1256724632226484225
1257025075179597829
1257025828178796549
1257030270739456001
1257034027745370115
1257038040746397697
1257041791540506624
1257042726756982787
1257047622252212224
1257051566311432196
1257052896190967812
1257095398419816449
1257383438665101323
1257384451077701632
1257387713759719425
1257442895218520066
1257445512267157507
1257446301316374532
1257447387280347138
1257449410260340736
1257450860860366849
1257451957607940099
1257454578305568769
1257456127224295424
1257669036483149826
1257746566703648770
1257747978485469184
1257755032784637953
1257760445420769282
1257764378763497472
1257782458470326272
1257794353726205952
1257796737676259329
1257798391674830848
1257799794657046534
1257818497780011008
1257820477361459200
1257825813753405441
1258094041968848905
1258095045942611969
1258102217439051778
1258103720430231552
1258108220222169089
1258110929570541568
1258115330251112448
1258116639851261952
1258166472364490753
1258167987170881542
1258170969895600129
1258172255684755458
1258177417027424259
1258190463741419522
1258366288042184705
1258371516850372613
1258389590983016450
1258504287921061889
1258551951190487040
1258747207467098117
1258749653383892992
1258797290246017024
1258903002817220608
1258908738980843526
1258910153107296257
1258913552087363588
1259123776077389824
1259187449529499650
1259196554537246720
1259205039312252934
1259261226640703488
1259263622385205251
1259265097173815296
1259268104846221313
1259618451011907585
1259619184012595200
1259622098038927362
1259623282283884545
1259931133225115648
1259932019691270149
1260583637617201165
1260977634252636161
1260989067380039686
1260990468936040455
1260992030722924545
1260993036236066818
1261003671002845186
1261005523870236673
1261043639905669120
1261044881553862659
1261046933562576898
1261050784969625609
1261070817766641665
1261278803021742083
1261355234128879616
1261358470592294913
1261360571053535232
1261362922191638530
1261378795845672961
1261378987277729792
1261379302001487873
1261379613487321088
1261380242888949767
1261671383437922304
1261733240869707776
1261734810046914562
1261743313377468416
1261744366005170177
1257079443362807808
1254118797193158657
1254119754639593472
##1234604394777366528##
1234604394777366528
1234606718111420417
##1234592971699490817##
1233761901689131010
1232724542281437184
1232289711856791552
1232259015897440257
1231518982311743490
1230164713075609600
1229072668734971904
1228645000155684865
1228046294498906114
1227007306874937345
1226098816098750466
1224806700638789633
1223678801554681857
1223616907187802113
1222639109937750017
1222306103301722119
1222275698032857089
1221118886373941248
1220009281426272261
1219001005901328384
1218581344680325122
1216683674646798336
1216002622173458432
1214657193976483841
1213502833896697858
1212755043742552064
1211708987093274625
1211290672671731712
1210294051486019585
1210213953160306690
1208890360375713795
1208713132333568000
1208487591387041792
1207783062685331457
1207413632977506304
1207417170692624385
1207453947331514368
1207597684674244609
1207620103862398978
1207680878215942144
1208338664247431168
1208396254482448385
1208399139312148482
1208422263302828033
1208425302311002112
1208462577577209856
1208479052350275586
1208481461369741322
1208483618106040320
1208489477515173889
1208491082650128384
1208492529651458048
1208494878793064449
1208498176052867072
1208498247389601799
1208506108924616709
1208678667410444288
1208702459323047937
1208721666093801473
1208732898104430592
1208742202156994560
1208745483583283200
1208769607475122179
1208778810461696000
1208800129781784576
1208820182560518144
1208820192463249408
1208830158020521984
1209085946106384384
1209420655755759616
1209420742741368832
1209858544553668608
1209945316067348480
1209956183550910464
1210182574229852160
1210201124998922240
1210204287055409152
1210243087483707393
1210243135344979969
1210243159025946624
1210245802309955589
1210245820467036161
1210249696872214528
1210249756297048064
1210277376610975744
1210283937811062785
1210317796955099136
1210601354881839104
1210649506607439872
1210649977795629056
1210678292057133056
1210925483787014144
1210929522813624321
1210954701736468485
1210969834013503488
1211303174960746496
1211312426802712577
1211319539683745802
1211333640371802112
1211333689931714560
1211337119270129665
1211337135002935296
1211369964722098178
1211612086863892480
1211798867135606786
1212074267866742786
1212085143264989186
1212096714565455878
1212326946203406336
1212337356063330304
1212347542907871232
1212382136029855745
1212407802989289472
1212811985320067072
1212827522196480006
1212843576914255879
1212847091334221825
1212854231033667585
1212854520390279175
1212873586719023105
1212886958319505409
1213464091060248576
1213518173166813185
1213815112634687488
1213872196893978631
1213878517416509443
1213929272089468929
1214215287375052800
1214233534275227653
1214244302219554816
1214538926234505216
1214855128383184896
1214974252274868224
1214986381870665729
1215031476468768768
1215269665678725120
1215280156379697154
1215329681794371585
1215644998965874688
1215687464976818184
1216038523108843526
1216043932175519747
1216060919630979073
1216084863289319424
1216326083768979456
1216326147283267584
1216387423598452736
1216424877537878017
1216427152998064130
1217515767383646208
1217906940409516032
1217911067596206081
1218150370972786689
1218224379164856321
1218238912591794177
1218518952390864896
1218536748063580166
1218539188318101506
1218910132861652993
1218912809838424069
1218921394140041220
1218927002075455492
1218947659907596289
1218961936534077440
1218964474813730821
1218971056662294533
1218994118078189568
1219009734239571969
1219070650079436800
1219337427397021696
1219400237602787330
1219606562798493698
1219692079145680896
1219742645771173888
1219755275214839810
1219966396827865089
1220024438462263296
1220029681119920128
1220110827031814152
1220422244389834753
1220465079067512837
1220504444766474240
1220681206964084736
1220681376833425409
1221072462424788994
1221121133447127040
1221187719646404614
1221466885553823744
1221510853213724672
1222203274998231041
1222232530113482753
1222237078836187136
1222237114227662849
1222272505043390466
1222277839761870848
1222279789714771974
1222280928778772482
1222283069530476544
1222287739195994112
1222292114345730048
1222298374889754624
1222301774301859843
1222305346112425984
1222317868303384578
1222521060790296578
1222524951464267778
1222525017336033281
1222533188804845568
1222569875526340608
1222594035350745091
1222616943737409543
1222626338655424514
1222636942350790659
1222642734860853251
1222665038709821440
1222827947826012163
1222849317440049153
1222872296928530434
1223272782513037312
1223301700989177856
1223581308561035265
1223610302304063488
1223617579824054272
1223624720492437510
1223635548432105472
1223644917685260288
1223649465803976704
1223665420026175490
1223665564297678848
1223669767514599431
1223673480480247814
1224388872379011072
1224394750935158784
1224426794708865027
1224707982837080070
1224719555194507264
1224721381545455616
1224749931698802688
1224769721339346945
1224773763033653250
1224818175755325441
1224820225612361729
1224836147660165120
1224844827772313601
1225038051224838144
1225148436753854464
1225421191223091202
1225448939924705287
1225882648914145280
1226135391071350784
1226189596121321473
1226195885840850944
1226485852433457152
1226518565081276418
1226528190904053766
1226560609623388161
1226565532012470272
1226678121761583104
1227023009556332544
1227288096133337090
1227614336459452416
1227617428135456768
1227671981585293314
1227673674054017027
1227695860970139653
1227745262816415744
1228011696561803266
1228050136028282880
1228053818740334593
1228058719289847809
1228062960490340357
1228109018822008834
1228293995274657792
1228351557659439106
1228634316714004480
1228638799913275392
1228700101385818118
1228719871229333505
1228726092040736769
1228729745157783553
1228737773852676097
1228768581590159360
1228768644722761728
1228773091465101312
1229033122509049857
1229134060372602881
1229135033962827776
1229443286852608001
1229463409894338562
1229734998359597056
1229843318642823170
1229855796080660480
1230132926978961410
1230133174526672898
1230164716070359040
1230164718997901312
1230478063777001472
1230918564384845829
1231175946897690624
1231220111480152065
1231258065825038336
1231264418245304320
1231298384876707841
1231560964551606272
1231562484080947200
1231591769864900609
1231599227287089152
1231623185965207552
1231676651618082823
1232020233365442566
1232054476820930562
1232072768356855809
1232259023321391104
1232259026639114240
1232259029587591170
1232259032347443202
1232259035094712321
1232259037850460160
1232288359592202240
1232288677470097409
1232289109273726978
1232293010165157889
1232306213028757512
1232335560309645312
1232390041462280194
1232406515291709440
1232429600384454656
1232631545527181313
1232699404148248577
1232722843202465799
1232748481485381632
1232799030725529600
1233026856733020160
1233030344154238977
1233034022575538177
1233057544396038144
1233124130851115008
1233374348636979201
1233378689385222144
1233470473595432960
1233793139242086400
1233841059928707073
1234075351103438849
1234141590425350144
1234152890840887296
1234165293997535232
1234194808970842118
1234229667307098113
1234592777377341440
1234592971699490817
1234593250297643015
1234593580083224576
1234819420494663681
1234885023330963458
1234898812763807750
1234911361852899328
1235140691442966528
1235211869775974400
1235269735748640771
1235281427413032963
1235325762607239170
1235555552735793152
1237415563028238338
1237817722760765445
1237826454471270403
1238129975838101505
1238157435908620289
1238160807793438721
1238776776098287616
1238966001397620737
1239130814308331520
1242040318922498050
1242132797722112000
1242151592499052544
1245039182898225153
1235635635291131906
1235641013739417601
1235961068620570624
1236257012746522624
1236260664789872640
1236275566128648192
1236292676586274817
1236297816747782146
1236311299002425345
1236340892950241280
1236405861230272514
1236408439296987138
1236437736195854337
1237081868555689987
1237095542154502155
1237137027298099204
1239168461726777344
1239174246145888257
1239217361397350403
1239256987508113409
1239522182499270661
1239530472255995904
1240592899596836864
1240628136372506637
1241115645116387328
1241115888247603200
1241116602101305344
1241765830687428613
1241785509778620417
1242474022165606402
1242487656434544642
1242821975216619522
1242841702248910849
1243162454202429441
1244284974158745603
1244284977979760643
1244314457918124033
1244656385809358856
1246100362668408834
1246801237959417857
1247268599699570688
1247499854672211969
1247503207498223617
1247511926483156993
1247511930337722368
1247971774018584578
1248227992670810112
1248948574441934850
1249443085664354306
1250389677007306752
1250405788495077377
1250563413136343041
1250565370819289088
1250783195693531137
1251501050684678144
1251928745327439873
1251935290547109893
1251954285459496961
1252280788718141440
1252553687362404352
1253305938884407300
1253362268043173889
1254208547585392641
1254378134465585153
1254381438427893761
1254513185060802562
1254571787406446593
1255279631189639172
1255842350875770881
1255963552256491536
1255971377066237953
1256184964493774849
1256345751308902402
1256348814920777731
1256593506321207297
1256664674747256833
1256670836481761280
1256671024202072066
1256953861107060736
1256959264893153282
1257644758572380163
1258405768748990464
1258746774417784833
1259847026373730311
1259851628670267394
1260341061618106376
1260355679346401293
1260389830137184256
1260576618508148736
1260585030524469248
1261000395322806272
1261000399399661568
1261000403258429441
1261052350481027075
1261301932255256577
1261757529962483713
1261765986958573570
1262061509318004742
1262122532347445248
1262157622893043713
1262488178906333184
1262864118773669888
1262875521286881282
1263180904488460288
1263183326720000003
1263582408646918149
1264541482708619264
1264561657520574465
1264595883955490818
1265013660327575554
1265287618037723136
1265343380307030021
1265398213395316736
1265418971404275712
1265594049743982593
1265611253394935808
1265733435114639360
1265744850852470786
1266004409487691777
1266075605562535937
1266096282751426567
1266498371897999364
1263145760767586310
1263152367803011072
1263284913211609089
1264966696000991232
1261053476882219008
1260514814855655426
1260350063907418116
1260510392427655168
1256956783576461313
1256700324150116353
1256347182275481608
1255860873727545345
1260742241041121281
1244329699456802818
1242155577825988609
1236257365776904192
1235225679412826119
1233272693761421313
1232751102938013703
1232800116819529735
1232712334864453634
1232342484853952522
1232289278534832129
1231179077240983552
1226566454121844737
1224820545591615494
1223645395328348161
1222665919316602880
1222281228323295237
1222282232351674368
1221025305483206656
1220340288406937601
1215342386517286912
1210653099209166848
1210649981864034305
1209948335676755972
1208795042854375424
1208704556542169088
1208501214675193857
1208489809653710854
1208484678476455936
1208483552620425217
1208505027347845121
1208487031870910464
1231204957703020544
1231205555106123776
1231207570548936705
1231208925065809923
1231209187281121287
1231210129846083584
1231210424600813573
1231210918006140928
1231211092241768448
1231213621004427265
1231212109637267456
1231215038234533888
1208848548847972352
1213512545459429377
1237421365852016641
1239130896235724800
1210683715682283520
1218995985201926144
1221473464214859778
1208713927087013888
1208714516420349952
1208717278684037122
1208714435327602688
1208855980739629057
1208717534666641408
1214658044862357511
1232724960742912000
##1238214575318843394##
1238214575318843394
1238220068955344896
1238223317343113218
1238226892743946242
1238227681294065664
1238422367203975168
1238225950757847040
1238214730537459712
1238214884535480322
1238214806580142082
1238214963342249984
1238215037560459265
1238215106737123330
1238215280104484865
1238215318427893764
1238215412820647936
1238215913083736064
1238216302717816832
1238216355117228032
1238217217751355393
1238217416670314496
1238217739065536514
1238218938858831872
1238220667574722563
1238221508704600067
1238223922333704195
1238224205776330752
1238224369652060160
1238224446261022722
1238226190130991105
1238231421443072000
1238234037975687171
1238241553455501316
1238245638204162049
1238248731868356608
1238425132252778497
1238539872169754624
1238215284923777027
1238215577480675328
1238216282199252997
1238220850807046146
1238216303028174848
1238216310770761731
1238266686844866560
1238694130181701634
##1233514242491527168##
1233514242491527168
1233515534110593024
##1240411912833306625##
1240411912833306625
1240412474123452416
