##1234562992647393281##
1234562992647393281
1234826998918385665
1234847261361831936
1234851666400350219
1234854898732281857
1234855271605972993
1234856863839195143
1234852307659108354
1235035146321047553
1234899942101127171
1234901695752216576
1234902016436113408
1234904520553005056
1234914525796806656
1234920643545751553
1234920975537405953
1234921646340890631
1234880200078495745
1234881722728304645
1234841906095501313
1234848297719824385
1234667852512153601
1234847838594650113
1234848968544333829
1234849382123626499
1234918944730943489
1234921056785379329
1234824555132309504
1234847371584049152
1234830730066305026
1234848204723834881
1234883657770446849
1234883898154287104
1234908109338021891
1234911681396039681
1234912243504074752
1235417084974297088
1234931543665266691
1234931864315584515
1235173117221367809
1235470228638834688
1235470000556830720
1234590415095029764
1234779848247300097
1234667799223525376
1234792263139590145
1234858383582400513
1234904044537335809
1234916405918814209
1234914931553787906
1234919659423641600
1234964980509954051
1234974814558752768
1235061250301685760
1235096507340050432
1235111473531072513
1235272724840402945
1235278466259603459
1235349889917177856
1234744322509201409
1234566167244804096
1234773465649074176
1234892311609380870
1234919319840141313
1234929704534204419
1234940037772476422
1235274635152891905
1234707412285841408
1234847587297112064
1234850493530243073
1234850945902751747
1234851111976173568
1234851205723107328
1234879822108729344
1234881749089476613
##1235032292755730434##
1235032292755730434
1235314016521723904
1235033653765427201
1235033746992177153
1235033927229886465
1235036119122743296
1235036412698923010
1235039202234044418
1235236999021371392
##1233825740577263617##
1233825740577263617
1233845344435363845
1233995398366289921
##1233305551158874114##
1233305551158874114
1233306257026625536
1233308467554811904
1233308852227125248
1233309269790949376
1233307050882609152
1233308776150818816
1233309311046234112
1233309494291107840
1233320071654715392
1233320156669018113
1233474406846017537
1233306679992868864
1233308609196576770
1233346755045068801
1233347572842082312
1233309717788844032
1233312421877633025
1233312828007776256
1233311133710376961
1233313631330328578
1233319616962867200
1233321918721335296
1233345798286577666
1233347424506302464
1233435518836277250
1233471114409627648
1233307357293293580
1233308925673582592
1233308986369290240
1233325794988040197
1233326007396028416
1233333064857772032
1233333939537874944
1233342172671418368
1233344283530362880
1233347188140519424
1233344585532944384
1233347299780300801
1233362113399283713
1233385958298521600
1233457761331109890
1233470240966746112
1233444846519582720
1233472446801547264
1233316491166179328
1233320005934161921
1233346395286986753
1233326343401754624
1233493492996898817
1233344007507468288
1233346833277235201
1233405668469739521
1233468357472550912
##1234191790800080896##
1234191790800080896
1234532647541641217
##1233124358060748811##
1233124358060748811
1233303558478540800
1233306397573623808
1233124576210673664
1233124954536906754
1233143734952505346
1233161012557340672
1233150231392477184
1233161312005476354
1233357543428313090
1233358346704629771
1233125763517427712
1233324226276478976
1233331120281878528
1233331898358927360
1233343831824904192
1233346233269444608
1233348915996614658
1233349748083580928
1233268943885869056
1233268989884817408
1233125045842644994
1233133644056866818
1233164007558852608
1233316578336411648
1233133481590431746
1233268861664931846
1233335420777369600
1233295793924247553
1233300218537500672
1233306983354261504
##1235877692291125249##
1235877692291125249
1235880118444228610
1235925791885623297
1235926100045434880
1235926236247060481
1235926312176496641
1235878398553014272
1235925878896553984
1235879848809283585
1235925580786343936
1235881901325463552
1235888871927410688
1235925977886310401
1235925646150373377
1236025628362706944
##1235907351280070657##
1235907351280070657
1235908304095846402
1235908652659355649
1235909662073073664
1235913810789179392
1236300687639605248
