##1238490137593430017##
1238490137593430017
1238540780513476608
##1238490184993452032##
1238490184993452032
1238512409754636288
1238534727201632257
1238490688720982016
1238504878193983491
1238592267956387846
1238782164092813313
1239042007944888321
1238530107033243649
1238640289561993216
1238505766182629376
1238505042250018816
1238528082438426624
1238954278171168770
1239110460869423104
1238490573952159744
##1233333692183044097##
1233333692183044097
1233402472414240768
1233406783265398785
1233407240046096385
1233408677614407681
1233408902013779968
1233408998415753217
1233449916980178944
1233458541408772097
1233334161278193665
1233346759117721600
1233381644893085696
1233384765618900992
1233334963052912640
1233345753717858304
1233423689502412801
1233422301686837254
1233422651844067330
1233423559189549056
1233449269069320192
1233391186158792705
1233353396993826816
1233360853971406848
1233397342189105154
1233398157733769217
1233497733467713536
1233334989347049473
1233338618959278080
1233351852001021954
1233366870205632513
1233489642680455173
1233508693129486344
1233334528502116352
1233424740683059205
1233452286032125953
1233425215524417536
1233551682375684096
##1234608096233820160##
1234608096233820160
1234618175104389120
1234625653858865153
1234638270417580032
1234827957266505729
1234613848843456517
1234759953342226432
1234828570205270016
1234608681242841091
1234609859796049925
1234676074845335553
1234840050308915200
1234755614175305728
1234828793195507713
1234790662874247168
1234829281857015811
1234829474211999745
1234787986300162049
1234827828685832193
1234863884395302912
1234939835691012098
1235135826603974657
1234914715278729216
1234938576070234112
1234666659559821313
1234610103338373120
1234755065593901058
1234828907506995201
1234835940012646401
1234840861441167360
1234856557466279938
##1234790176926392320##
1234790176926392320
1234796484622721025
##1236556387053965323##
1236550157346299905
1236542733218537472
1236540672557092865
1236542130773880832
1236542557984886784
1236543137360863232
1236543462268219397
1236543889328259072
1236544188365197314
1236547771911544832
1236548120059637761
1236548624299044865
1236548934278901760
1236550551690604545
1236550758008381441
1236551853837406208
1236552443053273089
1236552615145525248
1236552963163709440
1236554472370954240
1236554717313912832
1236556387053965323
##1228733126366695427##
1228669503841742848
1228733126366695427
##1229000543978360834##
1229000543978360834
1229005581454843905
1229291257429741568
1229290957104910336
1229011810319294465
1229291146368704512
##1229075640848179201##
1229075640848179201
1229091067913547778
1229091720052322306
1229459032898973697
1229459288776679426
1229459654176071685
1229468059133456384
1229230271477751812
1229298909211697155
1229299437723377665
1229299822957600768
1229301321360138259
1229302444183687170
1229127483926237190
1229130060629782531
1229130597223759872
1229131229133451264
1229131677194170370
1229271279464742912
1229283218400129025
1229287833485160449
1229367095646965760
1229459445303959553
1229466347811344384
1229467620748996608
1229861552506929161
1229466784023097346
1229488706223996930
1229494558679064576
1229080976933957632
1229081701399322624
1229148669884194816
1229152297634144256
1229425822345420802
1229433852684271616
1229179058547830784
1229298939817537542
1229078760516980736
1229369782757216257
1229612592055885824
1229688203948560384
1229728793843159040
1229253614855737345
1229660833644457985
1229498494341218306
1229499220543049735
1229345316928991233
1229338606382264320
1229184049048162304
1229258290238050304
1229268245485703168
1229302877904154624
1229337959029256192
1229425654157934595
1229444224443199488
1229497988319522818
1229529628315963393
1229675784866058240
1229445707460902915
1229452161383305219
1229481826755993603
1229516045309956101
1229410283443118082
1229419678155595776
1229325761028423680
1229342136350494720
1229346099779063808
1229351901776564225
1229354363967000579
1229359263287578624
1229366287958265856
1229373416106549251
1229318832566788098
1229318895267467264
1229331148565811202
1229341030253780993
1229350511805161472
1229352655195189248
1229356469285531648
1229525740657561601
1229590358390079488
1229213075309383680
1229424747466936320
1229431189238427651
1229512015938490373
1229507761672785927
1229452084401070081
1229488801912893440
1229358227311222785
1229361691722493954
1229270602214760448
1229246396185948160
1229121099193028608
1229180170021502976
1229182484761501698
1229267824771837952
1229299624009240576
1229308069189947392
1229316599993204736
1229360956439920641
1229400636917026816
1229404364210671616
1229414062905319426
1229430062375743488
1229430089005355009
1229542903787216897
1229592644529065985
1229706104160030720
1230803623589928960
1229312881986064384
1229454717794881544
1229634535953969152
1229728378330210304
1229725048866508800
1229728663295418369
1229744221671903233
1229766646610395137
1229185009430548482
1229347957088059392
##1224817870154223616##
1224817870154223616
1224817962495938565
1224818446774546432
1224818575220842498
1224819609183883265
1224819116650962951
1224819270246453253
##1224817962495938565##
1224817870154223616
1224817962495938565
1224818446774546432
1224818575220842498
1224819609183883265
1224819116650962951
1224819270246453253
##1228408418479824900##
1228408418479824900
1228419105377615872
1228431451173138440
##1228808111986814977##
1228808111986814977
1228828625803337729
1228808304203268097
1228808580792541184
##1230057301765230592##
1230057301765230592
1230058017036607488
1230058315826290688
1230058595636695040
1230058765623418880
1230059420601798656
1230060028138270720
1230061324480237569
1230058021931405313
1230058241549361152
1230173647626698754
1230173828875157509
1230200915162017792
1230201111119790080
1230057577100316672
1230058929947848704
1230059825503055872
1230138813319647232
1230091248456863745
1230096197328789508
##1228376697130692615##
1228376697130692615
1228383734455554048
##1229014928931074048##
1229014928931074048
1229015357861646337
1229015625961525249
##1235588799050199042##
1235588799050199042
1235593267506446336
##1238313719555334144##
1238313719555334144
1239346204363849734
##1238742869999063040##
1238739548303233024
1238742869999063040
##1224070499258392578##
1224070499258392578
1224070501523279872
##1231092763770474497##
1231092763770474497
1231263319677423616
1231264693723029504
1231098664090816512
1231099576133849088
1231428256202731520
##1233264516840001537##
1233264516840001537
1233289542989418496
1233301758941810689
##1233323349838876672##
1233323349838876672
1233325988530081792
##1233639218867400704##
1233638584193822721
1233639218867400704
1233639734502731776
##1233742259134324738##
1233742259134324738
1233743139019612160
1233743563936215040
1233744189202092032
##1239653602995712000##
1239653602995712000
1239654566280531970
1239655013519183876
1239658578425806853
1239659261912920066
1239659599411777536
##1242122926670983175##
1242122926670983175
1242137527055781890
1242138356605124609
1242139002213449729
1242245883976192000
1242195222852927498
1242301109743558662
1242156045046288388
1242124315304374280
1242150722600386560
1242223385909891072
1242225668043280385
1242227083365015552
1242128237683265537
1242131155673063430
1242140250727763968
1242145272613961738
1242147799761932288
1242157494421663745
1242137945139806209
1242302133946499072
1242181387483877376
1242187021910769664
1242187516708622336
1242195233451933697
1242208828017475588
1242211827855044608
1242218039912914944
1242219816217456640
1242258642247856130
1242351828848848897
1242372967935467522
1242132218866274308
1242123900751876098
1242124136195002368
1242124684092747777
1242225039006674945
1242231361307652096
1242452236330024962
##1242604440735166466##
1242604440735166466
1242609842466041856
1242610150181142528
1242610350794706950
1242938908159234060
##1243301397610876931##
1243301397610876931
1243302853772546048
1243441192358023168
1243509681466888192
##1243310968022667264##
1243282063828094976
1243283065784250368
1243286163290345472
1243301097772650497
1243286683853959169
1243290602483208193
1243301707456618502
1243307315220172802
1243293291237576705
1243332879658020864
1243299706400174080
1243300461471399937
1243348082730979328
1243293488827031552
1243353865824669697
1243383818565779456
1243318176613650432
1243332407580856323
1243332789451272195
1243502449920487424
1243291865409105921
1243300158860918784
1243301084631683072
1243309928074350593
1243335428700282880
1243357437475749889
1243455246761934848
1243479513671110656
1243366415563780096
1243403799915454464
1243411294100701184
1243370048347136000
1243395076123848706
1243294689480126464
1243379481072545792
1243391998184194052
1243398911386980359
1243415142588502016
1243463463680143361
1243296666892955648
1243292081759625216
1243283191730970630
1243299276324777984
1243300114204155904
1243302668233322500
1243579889460162569
1243282386579869698
1243302142485684226
1243322877342089216
1243322417377882112
1243302258906988544
1243285923422486529
1243286572369313792
1243287496588476419
1243288190808723457
1243282288034689024
1243298607354314755
1243336520209256453
1243288726689796096
1243283367564644353
1243284151962386432
1243285474510323719
1243385963239206915
1243288587782717441
1243319185331150849
1243301280380051456
1243406128551084032
1243282228689481728
1243286228109312003
1243293413874819072
1243293575984668673
1243283937146761219
1243284708458463234
1243282292149190657
1243282982007263232
1243282655170437120
1243282894367477764
1243323964161753093
1243284318270742532
1243304826907373569
1243296693380096002
1243283656921305089
1243283895849803782
1243287316057206784
1243305041148153856
1243289982154014721
1243282357425246211
1243282508931903490
1243283525501177856
1243284126163185665
1243290894620475392
1243299500753641474
1243312041626144769
1243282309337485321
1243282672186568704
1243282891586576391
1243283010927108099
1243283378264301571
1243283558761934849
1243283729352704000
1243283853256646656
1243302247959793664
1243485007404060672
1243485273226383360
1243512045699575809
1243570262592958465
1243322651592007680
1243446420717305856
1243475709898690566
1243476675230420992
1243283023283585024
1243291912058126337
1243479110028050433
1243472020265934848
1243285110914453507
1243285500871561221
1243285654081015808
1243288162350309377
1243288666694471683
1243288686009159681
1243290313642385413
1243490199927169025
1243283254985330694
1243334010920632322
1243495228264402944
1243364552542007296
1243432713111166977
1243434496399159296
1243782359281020928
1243800503168819202
1243282202428944385
1243282234758565897
1243282696501157889
1243342615292059649
1243282329994440705
1243283966708326400
1243358005329969153
1243283016606199809
1243345062567829505
1243290710591311872
1243291864691888140
1243299233425502208
1243299837057130499
1243300283482099712
1243302646393589761
1243304847673262081
1243488599980609536
1243472630365278209
1243419862111629312
1243493133108862978
1243494029561597952
1243442029700485120
1243489221735825408
1243282194107437056
1243290371700011008
1243462401665703936
1243286248770416645
1243287266866409477
1243282985144725506
1243286929124331529
1243291425099460611
1243296401141964806
1243309838354038786
1243311777410056195
1243315032101961734
1243320735877214213
1243325330628190209
1243333223381454850
1243333543444516867
1243343426743042048
1243352155811086337
1243355828398067712
1243361554659069953
1243366285380968450
1243368348399759363
1243371336929607681
1243371528781250566
1243372792172724224
1243380288891150337
1243389850193035270
1243434865434988544
1243448653785808896
1243453934473285632
1243455257830703108
1243282207810162689
1243282836205043712
1243282228278427649
1243282554205155328
1243284143091388422
1243282195923468288
1243282244799791104
1243282718315732998
1243283533038321665
1243284325757485057
1243284328332877824
1243286381310496769
1243289549649969159
1243293585652539398
1243297690965983233
1243306293550612491
1243312289626968067
1243319658335342595
1243320182401097730
1243321811498143753
1243328813959970817
1243396286931292160
1243449395573665792
1243451577509306369
1243286446192164869
1243547251584237580
1243310968022667264
1243319106948026368
##1246179642786144259##
1246179642786144259
1246181741666144263
##1247305432592498691##
1247305432592498691
1247305631519907840
1247305962563809282
1247306109800419328
1247307553127780354
1247348157131960320
1247593519692251136
1247314194313117698
1247593965379084296
1247594046933139456
1247305993928704000
1247307334315098119
1247306018050146304
1247306153710825475
1247319267823009794
1247306249307381761
##1253042129766699010##
1253042129766699010
1253042275984293891
1253042971659972609
1253043800068567040
##1253049901019287557##
1252943182289006593
1252945395128373249
1252944020151640064
1253049901019287557
1252954376106381313
1252943691712466944
1252944986301227011
1252943252854112258
1252943254359887872
1252943260789719040
1252948553703608322
1252949933851893760
1252950647508516865
1252952257978564610
1252953863805636609
1252954114880933888
1252954192001601536
1252955128233177088
1252955198391189504
1252946741189652481
1252946878590746625
1252947223622627328
1252947268413636609
1252947564271370240
1252947584886476802
1252955289059561472
1252957641846018048
1252958697690664960
1252943324262121472
1252943329748291584
1252943344185065473
1252943351185375233
1252943357803929600
1252943387248021505
1252943553879252994
1252943580714467328
1252943581255516161
1252943702437306370
1252943776487804932
1252943946092871681
1252944042566000641
1252944140561780736
1252944352957038594
1252944487900422144
1252944569819443201
1252944728099885056
1252945168568901633
1252945404502704128
1252945622212268032
1252946191492485120
1252946560654225408
1252961421698174976
1252962032195960832
1252968455663427585
1252970166163582976
1252972254842900480
1252975369193488384
1252976308671389696
1252978095021326337
1252980837697675264
1252982031820238850
1253030031879741441
1253049608961474560
1253052378502356998
1253086687124688896
1253100954083381249
1253299830245462017
1252943349419573248
1252943511906930688
1252944307612463105
1252944709162598400
1252944869124907008
1253151628909326339
##1233031230419062784##
1233029509424852992
1233031230419062784
1233031976917008384
1233032472360837122
1233033135631282176
1233034862497542144
1233035085940699136
1233035346730004480
1233035778781057026
1233036354755403776
1233037010002219008
1233037432418971648
1233037899765080067
1233038089913851905
1233038436069670912
1233038653795991556
1233038843122724865
1233039717953871873
1233040569020092416
1233042146132885504
1233042738100219906
1233043907094687745
1233044681753231360
1233029611803553793
1233030697511723009
1233032004427538432
1233032903598186496
1233030269239689216
1233030886888820736
1233031105672073217
1233031769315840001
1233032498508161026
1233033154719559680
##1233078575269654528##
1233078575269654528
1233078724607840256
1233081303089733640
##1234518790500765696##
1234518790500765696
1234562115572314112
1234519000568205314
1234525180329852929
1234563640512122883
1234697698089021440
1234661008469155841
##1235286878745702401##
1235286878745702401
1235287584517107712
##1236224182108803073##
1236224182108803073
1236224522405232640
##1236931667585044480##
1236897095380066304
1236898296947453952
1236898506935341056
1236897705835757568
1236897977697996800
1236899459516203008
1236906812093366273
1236907266344980480
1236932555586318336
1236950115170082817
1237007782831968256
1236902017450328066
1236932810402926594
1236910544168407040
1236931667585044480
1236934934943748096
1236970775581732866
1236899242251296768
1236920664549924864
1237090345453748229
1237270697656926209
1237465030766891008
1237470898732621824
1237480151623049216
1236898495908458496
1236899601640239104
##1238392542456143872##
1238392542456143872
1238400686305554432
1238511574786203649
##1238444760098095104##
1238430102024867840
1238430247093186561
1238431462124326914
1238432525434978304
1238434012470939654
1238434576852234240
1238436972420620289
1238454257084440578
1238465133116039171
1238478242035744768
1238580381097627649
1238554824737726469
1238580288046981120
1238507702252380160
1238580115593998336
1238584654195720198
1238434005458051073
1238434514461954053
1238435502061223937
1238435590103851009
1238435785969369089
1238437175324225537
1238441801150803968
1238437909172228098
1238576121702121477
1238504699902464003
1238437986347429889
1238442130424594433
1238442907083866112
1238443638700589059
1238443932520001536
1238444985487446016
1238444760098095104
1238457180250165251
1238479650885701632
1238480037281705987
1238724638131343360
1238431189179994113
1238431649903398913
1238547288701702146
1238574792833466373
1238547916513357825
1238912303808086018
1238912548705128448
1238588806267371525
1238589305867718657
1238459198834380800
1238464946838687744
1238609758388719618
1238705301408317440
1238524925952000000
1238576170037280768
1238517983305175040
1238555115285594113
1238777727379025920
1238474775615483904
1238511292371087361
##1238554965393711104##
1238446260727820291
1238565411689504775
1239835629346848773
1238482524067725312
1238831781161426945
1238876555188862977
1238714401424891906
1238763088603684864
1239114500072235008
1238446621513441280
1238449756185284609
1238462494433312769
1238446567255834624
1238448092065804295
1238448728937238537
1238450202866003968
1238482944160935937
1242357044017074176
1238606753941590017
1238448645625843713
1238454961622716417
1242203641966198785
1238835471284830208
1239504951115644928
1239548612486537219
1239653744033366018
1238534478076805120
1238537727819370498
1238563042922844161
1238589393750933504
1238589760844845061
1238590143684100096
1238609952308166657
1238611316811628545
1238612843395768320
1238648894185144321
1238670755350659072
1238450784242741250
1238454663483215876
1238467735920795649
1242512855645270020
1238448812319965184
1238554965393711104
1238918080673316864
1240870517827153920
1238451660764123136
##1238557609025777666##
1238557609025777666
1238910933487026176
1238660944659714049
##1238560659530539009##
1238560659530539009
1238560661707337729
1238560911553634309
1238562279051997189
1238562516206305287
1238667120998846466
##1223018947068469254##
1223018947068469254
1223028373754130432
1223150435793559553
##1238525804264513536##
1238520768654426113
1238522654908432385
1238522980407414785
1238525804264513536
1238529346534543360
1239399884488400896
1238523180710531074
1238523388332847104
1238523776909877251
1238523825979035648
1238523598333079552
1238522029554511872
1238576708468555776
1238577329728884737
1238577842117644289
1238529020607770626
1238540000276500480
1238546431293763592
1238526205248372736
1238522079420592128
1238539165639327746
1238541324980293636
