##1243497742594453505##
1243497742594453505
1243498254312112129
1243511874626478080
1243497899998183425
1243497936388083713
1243497980545695745
1243498099038924800
1243498482591248384
1243499639887794177
1243500075218866176
1243503099710488578
1243506779570540546
1243510550719606784
1243513050965082113
1243547543826358273
1243552438986178561
1243568534011162625
1243695627084738561
1243504127344287744
1243500714900574208
1243504878401527808
1243515664456916995
1243523618509918211
1243498345685045248
1243498355717783553
1243500144210907137
1243507312352006144
1243501183131582464
1243511431393357825
1243511648519888898
1243521174270808065
1243526762635628544
1243646653871075328
##1243498872158269440##
1243170203372003335
1243171580999581697
1243293402059476992
1243482145651384322
1243491160477151234
1243491843158966277
1243492463462973440
1243498872158269440
1243499437357481984
1243500855019606017
1243506875129348099
1243523422698844166
1243507782122450947
1243575205592739847
1243583695010893825
1243587537026850839
1243609345364983808
1243916781812699136
1243929988719685632
1243965200119840769
1244551621327097856
1244662645623607296
1244695104033611776
1243620350400909318
1246900191019622403
1247250956233986048
1243541136511242240
1243545542971490305
1243562655836770308
1243483023041081345
1243484701651845126
1244242417596936193
1243202737082335233
##1243528352536965120##
1243507311672537089
1243528352536965120
##1243668248022794240##
1243668248022794240
1243679178412736519
##1243679343349346304##
1243679343349346304
1243722781373710336
1243803341647499269
##1247164157067063296##
1247164157067063296
1247166212305371139
1247185767274864641
1247186534735974405
1247186983107145728
1247188033096626178
1247164540464164866
##1243510832140615681##
1243510379206062080
1243510832140615681
1243566005185642496
1243601972252610561
1243608230888181760
1243608960424386560
1243610768341336064
1243533428810747904
1243510722761502721
1243511045064396801
1243511295099502592
1243532827452485634
1243521285935767552
1243522469299978240
1243593604712534017
1243616121443553287
1243627920482058240
1243628514865287170
1243528536419446786
1243672986554679297
1243756706242453504
1243567472613228551
1243573508782854145
1243587154548346882
1243552475703058439
1243564379045531655
1243566526965395456
1243510592419364865
1243510869113417729
1243511018715832320
1243511065666871296
1243511291827847168
1243511303475470338
1243511783392006144
1243511844142288896
1243512259055362049
1243512309806399490
1243512400248213505
1243512467357159424
1243513557515452416
1243513630332801026
1243514222291623940
1243514328306909191
1243514881787277313
1243514897197142016
1243515752835166208
1243516509521096709
1243516874521968641
1243517657296580614
1243518066031460352
1243521389828755456
1243522241557561346
1243524359530188800
1243525310819307520
1243530329731796992
1243530450695577601
1243530513723404288
1243532023102398465
1243545314423910407
1243539992439336962
1243541829523570689
1243544432395386883
1243545572528853001
1243546730974625805
1243556354423427073
1243563705801072641
1243564995411095552
1243575061044396035
1243577488707670018
1243592668988477443
1243598343370129408
1243608611840016389
1243623043706097664
1243630432429711361
1243633620914503682
1243646070669938688
1243650096438349824
1243672079469289473
1243672537386684419
1243749787385704454
1243778139819593731
1243794322480340992
1243958034243649536
1243510747067494401
1243514127718506496
1243596856367726594
1243679913619701761
1243514726220541952
1243515345958297600
1243545962510983168
1243924243097812992
1243677123283304449
1243510510118731776
1243510558076424193
1243511042468130821
1243511172961374209
1243511725674172421
1243511799057694721
1243514555155861505
1243515013916221440
1243516170818531329
1243516325416271872
1243518844699906048
1243536048602439681
1243563974551093248
1243568461768515585
1243573235884711938
1243823481072074752
1243829493040635904
1244197440384876546
1243513472450727936
1243822804849524736
1243838689664536576
1243875866314235904
1243890595992670215
##1243551506562981889##
1243282141288566785
1243284111940292611
1243285783483744263
1243551506562981889
##1243635729592352770##
1243635729592352770
1243637991656108032
##1243681176507879425##
1243632550238699520
1243645443256483841
1243654142951919622
1243654495793446915
1243654688584675329
1243681176507879425
1243804245410877441
1243644315219484673
1243645033993179138
1243645830315347968
1243632756984348673
1243633867719876610
1243634495955382278
1243642736756101121
1243642991782363140
1243643281763905536
1243643658513113088
1243643895562543104
1243649760516616194
1243654285986013185
1243685467578646529
1243634101804052480
1243634488518705152
1243634662712446977
1243642766149779459
##1243497717852241920##
1243497717852241920
1243500381969305600
1243497959079149568
##1243500171301990401##
1243500171301990401
1243500559526748161
1243502217824555009
1243514474075770881
1243519065999716352
##1243501050834964481##
1243501050834964481
1243550254185811968
##1243501434903109632##
1243501434903109632
1243639808368525312
##1243508429609713664##
1243508429609713664
1243509288993198081
1243509534922100739
##1243509862081933313##
1243509862081933313
1243510662871080960
1243518686281052161
1243510014364581888
1243516015134326784
1243525040076926977
1243511149590708224
1243549330000183307
##1243515672715497476##
1243515672715497476
1243516305443098625
1243519230340890624
1243520167897858049
1243553279038099457
##1243553362903261189##
1243553362903261189
1243564863915462662
1243577785681162241
##1243617065279332355##
1243617065279332355
1243622558961983488
1243619982283550720
1243623771774337025
1243622169164288002
##1243637145849327616##
1243637145849327616
1243695437942530049
##1243657280832200706##
1243657280832200706
1243657823545896964
1243657955297431552
1243659802095562753
1243674273748787200
##1243676637494800384##
1243676637494800384
1243700014196482049
1243701895857725440
##1243680669026394114##
1243680669026394114
1243846458509582337
##1247105821709828099##
1247105821709828099
1247119235479941120
1247131894052990976
1247109862439424001
1247131736359698434
1247188996624703496
1247125122433134592
1247131442582376455
1247134179407605763
1247106596464922624
1247110487780798464
1247111780083601413
1247189830771015686
1247108661392089089
1247110760578326528
1247111822764843008
1247112288898867200
1247112584324513793
1247131078072172545
1247259805196210178
1247113665486172160
1247131638854811649
1247106571764731904
1247110810515767297
1247120823141445638
1247131346348183552
1247132597496565761
1247146800290676736
1247150316971339776
1247151603691302914
1247168372443189248
1247218136627253251
1247107055711850496
1247121053987545089
1247132865588051969
1247144058063110145
1247176653773705218
1247178764041310209
1247179485436395521
1247179635978375168
1247179973187833860
1247107958787518465
1247122844401754117
1247184894721228802
1247185353733259264
1247185629173202947
1247185718767689728
1247185827056287744
1247185925152661504
1247186019335708677
1247123290788974592
1247131984624844800
##1249339065931116546##
1249339065931116546
1249340312012677120
##1255922107793526784##
1255922107793526784
1255923178389594113
1255923795329720320
##1237518977015799809##
1237518977015799809
1237562219195334658
1237524909087064065
##1237521378011746305##
1237521378011746305
1237528476841693184
##1237526825519034368##
1237526825519034368
1237526893429047297
1242782928091918337
1237627351237885953
