##1229697946624647168##
1229697946624647168
1229700094129246209
1229702072184066048
1237674519940259840
1229716199916875776
1229719354209599489
1229828250160988163
1229962242336133123
1229702662003789824
1230045039310622720
1229770641802432512
1232200612990914560
1229712533990363138
1229758188934836224
1263674294544093184
1229705333800607746
1229720672781381632
1229770812825251841
1229713848741093376
1232427255411986432
1229732914641952773
1230549192415690754
1229705054661283840
1229976866699849728
1230038226448080897
1229772963450380294
1229774256940179457
1229798413929152512
1229743068959645696
1229750274924990465
1229880873518030855
1229701701604605957
1229734328302809088
1229726692308127745
1229757072411123717
1229823860297682946
1229976113876783105
1230013973862453248
1230017753081405442
1263594373666598919
1263668322844979200
1229705565435289603
1229721270650048513
1229734318668419072
1229737042428428294
1229734474939797504
1229744193125462016
1229714444231593985
1229726281727725568
1229857996332773377
1229741392815153152
1229772519047127040
1229779810009960448
1230066372333441024
1229720939744710657
1229721201674768386
1229713656633532416
1229721523071672320
1229728240731901952
1229751354551414785
1229771340221239296
1229762747098902528
1229766910658666499
1230061250161389568
1231922310652796929
1232338315032039425
1229781461814980610
1229733332482740224
1229734391074709504
1229743904255348737
1232039719816638467
1232041409923952642
1242530635954163714
1237217237372723200
1229759467199356929
1232508658682138625
1232014586762670081
1229754873954078720
1229699096946126850
1229755584108539904
1229784194089353226
1229855305632305153
1229924030544781312
1230015799244607488
1230093288616624134
1229713866193559552
1229714307992166403
1229817948816187397
1231998806406897666
1229744234401542144
1229782845155139584
1229699384058818561
1229715212477116416
1229740344738295808
1229756068269563904
1229751418308976641
1229724671328890880
1229740630248693762
1230192557122105350
1230227398425292800
1229720435639627776
1229712530571960320
1229720490815762445
1229719133807431680
1229700294927429632
1229702762948067328
1229703695857745922
1229704317902389251
1231945785597681664
1229701540589510657
1229706861567520768
1229701998020382722
1229707048549568512
1229700274220077056
1229702637915906048
1229706215296507904
1229741798144212992
1229717785971961856
1229706782962077697
1229720489469366272
1229822187583963143
1229701686182207491
1229711781699956736
1229717360162025472
1229770514350190592
1229928401579974658
1230024084479758336
1229802765720920067
1229699679689924608
1229845709362360320
1229701536563056641
1229867389908586496
1230012005538463744
1229700050902831105
1229701105514405888
1229709244527792134
1229728675890892800
1229736142880243712
1229727981570076672
1229806048875294721
1230132417920425991
1229704630826868736
1229716169558560768
1229724920600416256
1229785620312215552
1229698173356081153
1229749396683796485
1229700232352608259
1229710846445707265
1229834772677111808
1229933837871910912
1229976360552140804
1229699237555920896
1251345718155128833
1229700860302807040
1229702452896763904
1229701003261415425
1229713793418235904
1229716474677338112
1231946850401427461
1229698146630066176
1229698169480499200
1229698465187409921
1229698577728929793
1229699627651403777
1229699905381437440
1229700345716264960
1229723433669402625
1229764047505100803
1229919128485539845
1229698161993756673
1229699057175683073
1229699070924595200
1229700120477937664
1229700196206026752
1229703240700309505
1229707820691525632
1229712642463412224
1229718113752625152
1229722844508172289
1229734463703339008
1229757158360801280
1229791253769936898
1229793430659878913
1229832184053293056
1229833991659892736
1229914432773533696
1229996411804114945
1229752719226867712
1229729779848556545
1229717083409330176
1229979717501059072
1229717022684131328
1229801155783516160
1229734013574811648
1229836302658478083
1229836486176055297
1229836463161913346
1229936505990340608
1230094617716166657
1230094716064206849
1230095952322744321
1229706724128567297
1229707429383933953
1229713068130734080
1229704457551859712
1229741795585724418
1229717142611861505
1229985604311621632
1229698135791935488
1229698135859122176
1229698460322017280
1229698488541360128
1229698522003496960
1232236731019284480
1232239462664613891
1229858036686172162
1229858298792480770
1229860492572864512
1229861156573020162
1229861443727691776
1229710078443446279
1229739347353751557
1229699681560801282
1229706949081673728
1229708170941140993
1229763684374851587
1229801127727661056
1229802289843576833
1229832119083585537
1229698495898099712
1229702542071881728
1229698596183904258
1229699617710800896
1229704221425065984
1229700362384355328
1229701353947226112
1229705458518282240
1229717003449049088
1229718026917949440
1236029071412338688
1229831923104612353
1229835130866487296
1229857659093966849
1230062744264683520
1229700466176647168
1229808396460810240
1229821187225739265
1229823793302056961
1229698534024368128
1229698797028159488
1229710560813559808
1229698927617871872
1229698956273311749
1229699387825250304
1229700012235542528
1229700032452026368
1229700035459403781
1229700069466746880
1229700758104395777
1229700861498183680
1229700973318279168
1229701154793312261
1229701351136997378
1229701572638265344
1229701842801655808
1230004348656201728
1230037268276162560
1230044989239025667
1230094292825378816
1230117886821380096
1230121235146657793
1230147944306880512
1230156369795440640
1230685444783951872
1231174405163757571
1229950122546597889
1229982298575187968
1231916775400407043
1231922141303595009
1232023847462981634
1232331579298582528
1229702914924589056
1229703796567281665
1229704468075294720
1229703331548975107
1229703583295246336
1229703734789361666
1229703770046681088
1229704098368360449
1229704781075185664
1229704796149616640
1229705638219014146
1229705786894569472
1229706171407306752
1229706432414715912
1229714974337064960
1229769972509028354
1229721668031041536
1229706871856123904
1229707004437987329
1229707455367729152
1229707887628472320
1229708117715431426
1229709618181439488
1229710733585285123
1229710739012759553
1229712231060910080
1229713163333099520
1229715146584530944
1229715983545356288
1229718133151277056
1229723256346890241
1229726255408349190
1229727197558120448
1229727520628580353
1229727915744600064
1229729542048296960
1229730225069666304
1229730274751209472
1229731495520108544
1229734441821577219
1229734700786290688
1229734834660093953
1229737835181178880
1229743560553005059
1229745022754598912
1229746241279602688
1229748258890768384
1229748434455977989
1229749218304315393
1229752515983544320
1229725308322013186
1229754276836237314
1229755270278078466
1229758884950298624
1229766132481056768
1229769943215984642
1229770147411435523
1229776428050386945
1229779502760419328
1229783027036905475
1229786113474207744
1229791568917385222
1229803784068587522
1229806651353550850
1229809997040832512
1229813290450092033
1229814183933464581
1229816142505660416
1229816892740849676
1229821776491876353
1229826056590385160
1229839804206022657
1229840497872474112
1229864072818065411
1229880313385537542
1229887171223572485
1229705463383588864
1229700999503339521
1229890441442660353
1229892490850902016
1230059565229756416
1232000037405761537
1229809936017874950
1229810036081340416
1229853773683732480
1229888140162273281
1229901894816030720
##1230210101128114177##
1230210101128114177
1230228756851253248
1230235512893583361
1230236307357655041
1230417303822651394
1230432607197945857
1230487855727861760
##1230139008719687681##
1230139008719687681
1230239877322739717
1230365044732518402
1230228077017473035
1230558046327201794
1230559997429346310
1230231711528759296
1230248105054023681
1230357390115164161
1230361933561434113
1230406279757287429
1230410856321687553
1230405799010238465
1230263074508169216
1230349316377714689
1230358613534945280
1230373779915837440
1230480710655512576
1230586794397327360
1231248497086750729
1230683615924801536
1230321688245567491
1230352660722790401
1230355463700721664
1230321402533773312
1230422511977979906
1232611183963918337
1230265336731140097
1230369462777458688
1230395463947497472
1230435299945259008
##1241324072899878914##
1241324072899878914
1241324176914493443
##1241324176914493443##
1241324072899878914
1241324176914493443
##1228493500305592321##
1228493500305592321
1229553985037750278
1230263498552348677
##1229138148770357251##
1229138148770357251
1229138595174322183
##1229992324643655680##
1229992324643655680
1229993032348577792
1230006264773718016
1230009884676149248
1230010275702747136
1230011101812752384
1230008440136904704
1230008227385036800
1230132094430580736
1230025425981771776
1230079681430421505
1230152373865254914
1230062297130950659
1230070871785639936
1230072528657436673
1230018146427375616
1236641114687516674
1230022107003789313
1229996325665726464
1229997416457416704
##1230183652874690561##
1230183652874690561
1230401526146961408
1230432258093350912
1230487780591050752
1230491632245596160
1230487903500996608
1230527783107006464
1230529320956891142
1230530401820725248
1230530935407480833
1230532599858200576
##1230188386109067265##
1230186258481242112
1230187468684713985
1230188386109067265
1230190880281288705
1230191155620536320
1230191526422159366
1230203719058325510
1231174956702142464
1230191616234840064
1230192248337444866
1230192473449824258
1230198151568556032
1230198337657327616
1230198851438620672
1230192730845913089
1230192621152296962
1230203439680032774
1230203738880696320
1230192727947694080
1230215185241116672
1230227296247828485
1230227554419793923
1230228114942418946
1230228283440222208
1230196150919147526
1230187730170191872
1230187978493919232
1230543751967313920
1230204093920137220
1230204242092318720
1230204341069500422
1230204724034625537
1230204786252886016
1230425710101237760
1230188028603326464
1230188957062909954
1230580942349180928
1230583659822034944
1230192487458836482
1230203912092880897
1230429051992539139
1230192075112636418
1230204013452414976
1230202633199247361
1230203076428095488
1230429477278306311
1230566893737496576
1231490457215131648
1231545218446569472
1230186697817808896
1230186807402336256
1230187341937086464
1230187759316455429
1230429084238389248
1230209197230501889
1230428923525292035
1230186403641856004
1230186590447820803
1230186682395348992
1230186629563846656
1230187173372211201
1230187786537459712
1230186700825071616
1230251031575060495
1230428947575377920
1230436624305184769
1230194608614920192
1230203966547472384
1230204199180349442
1230203866752442368
1230497748018921472
1230517052798111744
1230517319664885762
1230187297280229376
1230187926736310278
1230203570072539136
1230189459104202752
1230190192272793601
1230191078059520000
1230195055274708992
1230197322346369026
1230198216571834368
1230198561234673672
1230216408560209922
1230224886133657601
1230225438783528964
1230256877013028864
1230259710286278656
1230265880006709248
1230374401411080192
1230397580720427009
1230397936678338560
1230438935442206721
1230455432914915328
1230467823459348480
1230538633779826688
1230752341663477761
1230859512413917184
1230187190237507585
1230218923108438019
1230340312071012352
1230355745000042496
1230359418782523392
1230894872128782336
##1230203624887848960##
1230203624887848960
1230203708237107204
1230203816441720832
1230203873622708225
1230203938105851905
1230203973090586624
1230204115998867457
1230204184252776454
1230203754386948101
##1230211494492680198##
1230211475618369542
1230211484426424320
1230211494492680198
1230211501736284160
1230254688525864963
1230491198529380353
1230214622659194882
##1230381075387625472##
1230380872836288512
1230381075387625472
1230381189778825216
1230382001913548800
##1230498776101638144##
1230498666961657856
1230498776101638144
1230498909325275136
1230499065474973699
1230499254088732673
1230499353816633346
1230499482007146497
1230499609904058374
1230499792964476929
##1230524857684779008##
1230524857684779008
1230528983944613890
1230532244604887040
1230533210485985282
1230548102592913409
1230527772709224460
1230528401359896578
1230533702633041920
1230526799429488640
1232342167911358466
1230585292865835008
1230586614126194691
1230525977907908608
1230528331772243973
##1231130365525417984##
1223947189690478593
1223948672330870787
1223950185342042112
1231130365525417984
##1231665105311420416##
1231665105311420416
1231669093427748864
1231669853905440769
1231670647077703681
##1232528804716765185##
1232528804716765185
1232528807162081281
1232532549592846336
##1232764659943563264##
1232764659943563264
1233075776041422849
##1233365538786750465##
1233023498261598210
1233365538786750465
1233366207925039105
1233366575467630593
1233366855391367168
1233036530429693959
1233023861597171712
1233024020490182656
1233024079550124032
1233024186110676993
1233025160229335040
1233025489880653825
1233028558823546884
1233034936090812416
1233035833432854528
1233050566433136641
1233056027836342275
1233123150671630338
1233173121370292225
1233215203166257153
1233029623396655107
1233036806159028224
##1233456515127877633##
1233456515127877633
1233476005093945346
1233459131622797312
##1233878144194576385##
1233878144194576385
1234604923226030080
1245742767751467008
##1244307980767694849##
1244307980767694849
1244313816411881472
1244316346961350658
1244318001312268288
1244321709525786631
1244323838399336450
1244337153217163264
1244342150990618627
1244543779035656192
1244546135710195715
1244470243080253440
1244506859832254467
1244308389351563267
1244311007067090948
1244323820351127553
1244335958197260293
1244309222189391872
1244317022671994886
1244320379964928002
1244321124110000129
1244319557046714374
1244320859705282560
1244321362765918208
1244314021798576130
1244724278660141065
1244906462020882435
1244908912152842240
1244507411534229505
##1229475108768534528##
1229473202201477120
1229475108768534528
1229478415826178049
1230521540917288962
1230763592233844736
1230764661177344002
1229507990522343430
1229508179681103872
1230368877533650944
1231058680000503808
1230233903631360001
1230251224571744262
1231340750258016260
1230609553596833797
1230308586770903040
1230310500526952448
1229484385445064709
1230456410023968768
1230315003569410048
1230317632991219712
1230321727936356355
##1229700536875855872##
1227930431212990470
1227649514586148870
1227189341438566402
1226982036600184832
1225964854533672960
1224360779593535491
1223669065807552513
1223637034709016582
1223322529827344384
1222890425762975749
1222445610529361920
1222265015954264064
1222176943291936768
1221856471555747840
1221835807268450311
1221471323156819969
1221461245699809281
1221240382836674560
1221176219372265472
1221076699846270978
1221058868798803969
1220931596322320387
1220914970898071552
1220852125397397504
1220843660121649152
1220646090627801088
1220645954203848706
1220670715147538432
1220733799677530118
1220840636347289602
1220840971509927937
1220841285512302592
1220841480388055040
1220841770692620291
1220842674359545856
1220843279488602118
1220844138217775104
1220844565869072384
1220845386774011906
1220846166176301057
1220847070292185089
1220847459406163968
1220847772863225858
1220848155127943169
1220849079254757376
1220853400130269185
1220854034397061121
1220854295207251968
1220855022038200321
1220855908235980800
1220856538224648192
1220858627189288960
1220912474188320768
1220913364244860929
1220915302524968960
1220916826911256578
1220917428147965952
1220918294150029314
1220919919606484992
1220922158173642753
1220926265336700930
1220929505348460544
1220931425354113024
1220931698143133697
1220934192198037505
1220935688872497152
1220942991235387392
1220943584544862208
1221055615944089600
1221056135832141825
1221057801214218241
1221058500018741249
1221059400569446400
1221060031728234498
1221061014906646528
1221061712171978753
1221065581320908801
1221066069961576448
1221069448779530245
1221076390860271627
1221076538185134088
1221076883317628928
1221078657172635651
1221085611374850048
1221086278210543616
1221096568272670720
1221096864608595968
1221097160810254336
1221175823018942465
1221176082952609792
1221176446443565056
1221177021616750592
1221177401117499395
1221178542098173952
1221179329578749952
1221182172108902400
1221182732589588480
1221238876347555840
1221239445610954754
1221239925808431104
1221242069399883776
1221273658620043264
1221385486855483392
1221386089463676929
1221387511974518784
1221390191748964352
1221391297380069382
1221392444018872326
1221460988744097792
1221461596708446210
1221461884697747460
1221462239225487370
1221462460709965827
1221462971345444864
1221463656048754688
1221470337772204037
1221470530181701632
1221471004754632704
1221471712082112513
1221472456478773251
1221508442210361344
1221564719380738048
1221832246904213512
1221832892508229632
1221833241348464640
1221833733264871424
1221834859259334657
1221836388330541058
1221837389447991296
1221840047005143046
1221853544027971585
1221853877575745537
1221854263548268547
1221854710753161219
1221855614822907904
1221856057124966402
1221857058951221248
1222056059994615808
1222067663582658560
1222118571536461824
1222120125429624832
1222123593884147712
1222172916797841409
1222175479878295552
1222175833407750145
1222179332568776706
1222179726573346817
1222181118721581058
1222214830612008960
1222227180983410688
1222228412066160642
1222233466441519104
1222261358055567366
1222263966027669507
1222265718575632384
1222266353303937025
1222267725101391872
1222274175202668545
1222274286653779968
1222274446033145858
1222442115759857665
1222442384774049793
1222443261593296896
1222444148701237250
1222445088711770112
1222446883655888896
1222567057729998848
1222569778101006336
1222621547141238786
1222622938760974336
1222873629538603013
1222875657153236994
1222880811931906050
1222882034072399873
1223090010557231105
1223090470101962752
1223179562869239809
1223183959544279045
1223184318866116608
1223237378485161984
1223238563300544512
1223252909116227587
1223321611929116672
1223333150409084929
1223365254798827522
1223373503413596160
1223374600802852866
1223376610344292352
1223378770029109256
1223450997332357124
1223633705907998720
1223636554352136200
1223637201759735814
1223639594568163331
1223640415422861314
1223640762287607811
1223641317701451779
1223641986848239617
1223648021516341248
1223667929037799425
1223669839014875137
1223681422751420416
1223723229577203712
1223724096833323008
1223758950392369152
1223786290111565825
1224034752686174209
1224044431671734281
1224385116358823937
1224700029065211906
1224720738801934336
1224772104693911553
1225074066207526913
1225074332914921474
1225075228369412096
1225602088069193733
1225795956152684545
1226619920093499392
1226620212952391682
1226620718550593537
1226625281697468422
1226633363445907464
1226634303225892865
1226738323231854592
1226937464281059332
1226939376510390272
1227014227765886976
1227031993508081665
1227108293467918336
1227110097605873666
1227111293573894144
1227111716623933441
1227112739576872960
1227139060017356800
1227188575516667906
1227219151359545345
1227128606159183873
1227138769016492032
1227159051521478657
1227184556249419777
1227195087689527296
1227139276061757440
1227115533423783936
1227138638561128449
1226769314335862785
1226777163166253057
1222613350670094336
1222829916821037059
1222464766180044800
1222563223255298049
1221841741814345734
1221587216780099585
1221587842629087232
1221588118547107843
1221589395658231810
1221601298186895360
1221601586968977408
1221602858744852482
1221603176094339076
1221603921300541441
1221604970425921537
1221611676954394624
1221613434216775681
1221613772730765314
1221615775242506240
1221619266199465986
1221626902206656512
1221627344219201538
1221630044482801665
1221630635946717185
1221651461681094656
1221652444574371841
1221654160682164225
1221656129207447552
1221681469434793985
1221681784750006278
1221682622562291712
1221683293512441856
1221688846477418497
1221689400523984901
1221706616543891456
1221706981834182656
1221707537864699904
1221722476293562373
1221723813009940481
1221735791417872384
1221737558868217856
1221741188065189889
1221752008329351169
1221680494032707584
1221588911677493250
1221591370974081027
1221473750962434048
1221474800461385729
1221465547767996417
1221465789250908165
1221592819858595843
1221595068483743744
1221561345352642564
1221627658976612357
1221078412611194881
1220927656880984067
1220856434105241605
1220992033311068160
1221524059604697094
1221027734161383425
1220652052902240256
1220896938612219904
1223280912063922176
1220670842071330816
1220671204740206592
1222208983890644998
1222212722181509120
1227281643200749568
1227281923787165697
1227282275034902531
1227282565477883905
1227282822332764160
1227283357739806721
1227283698942464000
1227720404883640321
1227739364794523648
1227739939032399873
1227740971481341953
1227787929126363146
1227805039760150528
1227808327670915073
1227877999154008065
1227911874924220416
1228251607239942144
1228251897049550848
1228283449775132673
1228334657747456000
1228569209434669061
1228866296013611008
1229338445492912128
1229410034918076416
1229693430332370944
1229700536875855872
1230048635125149696
1230054598850809856
1230412805569990657
1231320253034049537
1231895883400302592
1231897484202565632
##1235331504168939521##
1235331504168939521
1239342594385235968
1235510006335918080
1235864284208328704
1235865200152076289
1238235857921945601
1236216291578478597
1236356799781093379
