##1234558285103161346##
1234558285103161346
1234566838606012418
##1233498657514807296##
1233498657514807296
1233498738607435776
##1221707664385880064##
1221707664385880064
1221707967420157957
1221708057106952192
1221708276091498496
1221716838658269184
1221717423633715206
1221722698797277184
1221726713094254592
1221767060444844034
1221749603344752641
1221821579191115777
1221712635999277061
##1225015275722092547##
1225015275722092547
1225015398648745984
1225019309501681666
1225942129932980224
1225015699128692736
##1221644063503474694##
1221644063503474694
1221649964683665412
1221655380394115072
