##1235138095474933761##
1235138095474933761
1235166589982593031
1235167820222263296
1235169307321077761
##1235219472606208006##
1235219472606208006
1235244687054835721
##1235227493407346688##
1235227493407346688
1235246083892285443
##1235228771415883777##
1235228771415883777
1235240417819582464
##1235176601651949568##
1235171884360036353
1235176601651949568
##1235176824784719872##
1235172583252692993
1235174240183255041
1235174324727951360
1235176824784719872
##1235137643538612224##
1235137643538612224
1235330008958332930
1235356403470123009
1235367549975408640
1235295487693139968
1235295700428169220
1235312601682399241
1235312768099790848
1235240908666392576
1235499541119594502
1235505469390798848
1235607862438580224
1235816817915875330
1235145649995292672
##1235304749467131905##
1235261599323172864
1235504988459134976
1235514444219928577
1235542911951024128
1235634135680667650
1235547066245492736
1235321259900243968
1235278598031978501
1235292726318551040
1235378767595483137
1235287315720830981
1235290230485331971
1235293907493277697
1235264650264092672
1235267589863075849
1235261836012007426
1235280679035973632
1235261800360402944
1235281836600893443
1235289796895010821
1235290241881313287
1235304954933514241
1235524819245916160
1235263296976171009
1235273096472465409
1235274827579170816
1235304749467131905
1235332030633779200
1235352108855111681
1235440680681472000
1235488048269479937
1235569622730051584
1235656351424143360
1235690428286095364
1235262914216505351
1235263889098579970
1235322139676422145
1235378932423237632
1235265485249425409
1235273026910015488
1235287878500048896
1235262033018445824
1235263033347276801
1235265870491942912
1235282788770865152
1235410370975629313
1235262535080833026
1235274779982286849
1235277037914468354
1235278415391055874
1235410694557839363
1235484244417355776
1235528421561765888
1235545392718069760
1235617489930694656
1235655006340157442
1236873960081498112
1237156729407840260
1235263122480533505
1235268663374159872
1235266118496980992
##1235304954933514241##
1235261599323172864
1235504988459134976
1235514444219928577
1235542911951024128
1235634135680667650
1235547066245492736
1235321259900243968
1235278598031978501
1235292726318551040
1235378767595483137
1235287315720830981
1235290230485331971
1235293907493277697
1235264650264092672
1235267589863075849
1235261836012007426
1235280679035973632
1235261800360402944
1235281836600893443
1235289796895010821
1235290241881313287
1235304954933514241
1235524819245916160
1235263296976171009
##1235304701203296256##
1235304701203296256
1235306217016303616
1235306690452557825
1235456149882834944
##1235191418563350529##
1235191418563350529
1235208360296878080
1235324291555692544
1235285381647675392
1235193253043019776
1235202538695208967
1235536502710398977
1235199281629466625
1235207263507410946
1235348361047355393
1235427134291750915
1235323964555223048
1235192537289314307
1235193534032027648
1235194236259233792
1235198867622318080
1235199743887839232
1235207576364564480
1235208391619948545
1235215196144140290
1235228853439795205
1235252352086691858
1235266850541441026
1235288976082243589
1235298517415010304
1235331040077586433
1235345001036607495
1235421840698413056
1235454740890185735
1235246323261222914
1235191817714511876
1235384248112013312
1235407898831990785
1237123938767065089
1235228060242366464
1235325472998928388
1235242838029414400
##1235298009614880768##
1235291946215772162
1235302541124087813
1235292502728597509
1235307619436371970
1235292646005932032
1235292884120801280
1235292280342401027
1235292834791649280
1235293073095249921
1235293172999348226
1235294052641370115
1235295474439028744
1235296183930806273
1235304630726332416
1235305720435879937
1235307532509491201
1235313696483807233
1235328235170385925
1235366007629365248
1235294809465720834
1235309049664720896
1235294136993013760
1235293201621274632
1235294328437735425
1235295435989929984
1235295990397259781
1235393371880947712
1235407748851998721
1235424083510210560
1235426875276693505
1235293938292051968
1235431645995339776
1235298009614880768
1235302277608542214
##1235300217966260225##
1235240123245006848
1235241707937112065
1235242816600670208
1235243062282129408
1235304270947373056
1235240803397586944
1235266872943218688
1235268627626151936
1235273887249768449
1235276354175873024
1235278340501712902
1235292502661500935
1235307668534943744
1235285229667000327
1235296901173579777
1235567385827872768
1236303006133637121
1235292664465100807
1235300217966260225
##1235265607181967368##
1235262432156807168
1235486904235237376
1235491546373312512
1235498738505994240
1235265607181967368
##1235040304748625921##
1235040304748625921
1235062716378669058
1235129197489803264
1235507615284723713
1236015159115739136
1235067006279278592
1235072589237604352
1235115125515968513
1235177943384588288
1235327301816115204
1235818601338138624
1235822644236173312
1235886974147457024
1236069035193884674
1236857720722149377
1235072726278139904
1235177166062710784
1235129366272757761
1235326185787269124
1235207794829254656
1235220222736506880
##1235064449293094912##
1235064449293094912
1235302027774824448
1235303999122952194
##1235107640486719488##
1235107640486719488
1235130319239614466
##1235173630402846720##
1235173630402846720
1235543906550517761
##1235218324272934912##
1235218324272934912
1235254379961348096
##1235221244338794501##
1235221244338794501
1235224632468226048
1235366942946537472
1235370880949202952
##1235151087058989056##
1235151087058989056
1235154034778140673
1235194114569838594
##1235288075376488450##
1235288075376488450
1235292752549687297
1235294627122556935
1235300808222269443
1235296446854959105
##1235240855893663744##
1235240855893663744
1235261467743703044
1235853304438992896
##1235147394901323776##
1235147394901323776
1235148869375320064
##1235262495163588608##
1235262495163588608
1235534230387675136
##1235297546437873664##
1235297546437873664
1235314466226610177
1235307728052027392
1235323715556175872
1235342327524339716
1235386893484920833
1235387216689430529
1235297732606267393
1235543714401062920
1235588967807901698
1235628724961370115
1235335995681386496
1235369489975463936
1235311445530857472
1235306350110003201
##1235297940903809025##
1235297940903809025
1235300694091067394
1235304960054743042
##1235162959237787648##
1235162959237787648
1235318177405562881
1235249993516306432
1235219298194460672
1235321167650709504
1235529917418389506
1235201690665701377
1235207292624211968
1235280295261327361
1236957819343077376
1235165500285607936
1235170988079435778
1235174902849732609
1235191642371567618
1235196140905254912
1235248649992638464
1235249306531172352
1235265386725208066
1235279077688430594
1235380138726039554
1235280513419612166
1235310168432398341
1235338883170291712
1235461363973214208
1235807052670222336
1235841779003346944
1235450808189227009
1235504259812081664
1235506564842295296
1235572759939465221
1235502117818859520
1235277596734128132
1235288389764689933
1235333235120500742
1235579668172083201
1236569121829138434
1237686387308212224
1236277291191283719
1236316929675190276
1235349387641073664
1235505762421665792
1235233839070486537
1235249705824681984
1235265701595828226
1235277889861562371
1235984727561158657
1235167590554701831
1235202056115322882
1235221071034486784
1235349715518136320
1235166601521045505
1235232869829795842
1235275970300596224
1235621241547116547
1235806776122986497
1235984488817188864
1235275213161541633
##1235168668260143104##
1235159477810323457
1235159865196269571
1235160128300646400
1235163816364777472
1235166398009274368
1235166959928586240
1235165242591719425
1235160481746345984
1235167035308433408
1235160237281284096
1235166920648904707
1235162847564484608
1235167633240182785
1235164456822411269
1235167017017249794
1235168697247035392
1235169005238980609
1235169426284130304
1235170193426599936
1235170373756428292
1235170681249312773
1235174098671751170
1235176086947926016
1235182709359513600
1235191370765217798
1235239200833798146
1235291113298239490
1235372710785683456
1235483249109065729
1235164091301474305
1235182554296311810
1235165449056382976
1235166353398681605
1235167128761896960
1235168713323708417
1235169960776937472
1235170195548884993
1235170447362273281
1235206341834223617
1235208713776005123
1235169628910997504
1235168668260143104
1235163464282386432
1235164517937672193
1235168225605955584
##1235289978047025154##
1235289978047025154
1235290819537637378
##1235301069116379142##
1235301069116379142
1235341360133267458
##1235306884808273921##
1235305828812546051
1235306194111287296
1235306725886091267
1235306922401771520
1235307523751714817
1235340568949116928
1235306673499238402
1235307100445773826
1235307754467848193
1235308731023400960
1235309342347448320
1235309603023474691
1235309762897727492
1235309777435144193
1235311033801150465
1235311752218324992
1235311892312322051
1235305935188439040
1235306489834766339
1235308430619037702
1235309138034425856
1235307730908393484
1235308384167096327
1235308544674668546
1235308407109947395
1235308986037133313
1235311606562725893
1235311773252755457
1235306582768070663
1235307046645493765
1235308777643167744
1235309351629398017
1235308809788305409
1235309376849801219
1235307085367316481
1235307627661361152
1235314225846923270
1235317858218975235
1235311838298017792
1235312135028297730
1235313009515540480
1235306803145121793
1235307042203721729
1235307270940119044
1235307611077169164
1235308171394154498
1235308406497566721
1235316433984380928
1235317115424567300
1235317433084366849
1235306560617943040
1235306941154553857
1235320314701238273
1235320661939281921
1235329720096559105
1235307732082872321
1235308448285372419
1235308683652931585
1235309288907837441
1235306704465784833
1235307131886280704
1235309066437746689
1235306375166689280
1235306886439854081
1235307364942860291
1235308244140273665
1235309440255090688
1235309684783042562
1235307925180223488
1235311177296736259
1235312811749904389
1235313793242103813
1235319145257979907
1235319669931888640
1235325919897817091
1235308727869329409
1235306884808273921
1235307356734574592
1235307623152594944
1235308244018638848
1235308811315007493
1235309021780987905
1235309988689727490
1235309481292189698
1235310427065724933
1235310707413053446
1235311065480728580
1235311261136621568
1235312409906155525
1235314350723944448
1235315286586388480
1235315293653786626
1235488608158703616
1235447607037747200
1235332840675577856
1235336426952298497
1235343398040735749
1235479892608921600
1235485436073644033
1235584818445860864
1235628499999887361
1235307706564718592
1235309485826215938
1235306605740265474
1235325057758646279
1235334675415080962
1235360536986103808
1235580956507017216
##1235310566530523136##
1234702391301283840
1235072542462717952
1235079774042611713
1235263054239105024
1234722036213276673
1235262942469394432
1235302789917683712
1234767287166676994
1234768985821978624
1234767873010282496
1235261019951435777
1234753673160462336
1234757933436674049
1234762122673971200
1234788764175613952
1234800730432823296
1235275753027235844
1234726116721659905
1234820335993835520
1235134521219198978
1235191874379370496
1235592638054780929
1234738816084303872
1235266668303208448
1235273798703865857
1235306677563535360
1235307529560821769
1235344460214677511
1235855416757604352
1234783616925863944
1235268515185266689
1235070971117056000
1235191947851165697
1235211988390817792
1235071245747544064
1235077375127425024
1235118076871360512
1235238275972988928
1235242439608324099
1235243278171353089
1235130484268638213
1235158168818327552
1234754438289592320
1234806174572335106
1234822766194499585
1234905535784325121
1234973629495963649
1234986136289693698
1234989746327150593
1235046354868568064
1235107419677741056
1235125799524749312
1235147644001038336
1235160903789752320
1235215306869612544
1235231002353684487
1235226700444839940
1235249782404325380
1235250025917222918
1235249641832230912
1235251146018762754
1235123685805215744
1235133764948414464
1235134033903919105
1235134474607898624
1234959984338882568
1235106736324800512
1234978037088673792
1234999981980995587
1235100624863105027
1234915193827844103
1234996970453778432
1235271483238297600
1235278990283243526
1235312342495305732
1235251380908101633
1235595093643538440
1235310566530523136
##1235311953486241796##
1235311953486241796
1235464788508962816
1235501637088751617
1235312196302893058
1235312349369839620
1235313058861506562
1235313923445882882
1235313040955977730
1235342056668749828
1235427516266860545
1235427641534144512
1235457991106850816
1235632246972993536
##1235324132935569409##
1235324132935569409
1235413298230611968
1235348309583294472
##1235329601339043841##
1235329601339043841
1235330072757833728
##1235331924400500739##
1235330763547123722
1235746060342931456
1235336568283574273
1235341566132334592
1235411267172601857
1235330953565917184
1235333456466452480
1235345569641639941
1235385736888823808
1235439449418412032
1235442066668294149
1235469223343927296
1235471479224938496
1235431609253474305
1235590789100695552
1235331924400500739
##1235429909490618369##
1235429909490618369
1235486261315612672
1235507358408851457
1235512550793580544
1235519335495421953
1235439973291171845
1235485326677659649
1235454612594925568
1235472543286349824
1235430717007503360
1235431402994167809
1235468867092152320
1235437420662763522
1235494141829820416
1235442427118391296
1235460403376852993
1235542118011191296
1235455056939491328
1235992969733382144
1235568988169461760
##1235491353204752385##
1235145448740007937
1235145450547810305
1235148603007655936
1235148275151515649
1235179758239002624
1235262604727246850
1235182234551939072
1235197249350782978
1235149810774179842
1235174398925168641
1235193014840111104
1235197186121625600
1235247875929575425
1235436390533472256
1235561987725287426
1235813909090562048
1235147876445155330
1235148509931765760
1235152072355565568
1235152630634156038
1235153634528309249
1235156249358077954
1235164813623517185
1235167193953972224
1235170969251188736
1235171311074365440
1235172493519925250
1235175268895121409
1235177955720138753
1235186316964315136
1235189672445431809
1235208475052920832
1235227000559882241
1235230125488312321
1235235021880950785
1235285198318772236
1235310772647079936
1235314517703262209
1235319741272788992
1235329164569448448
1235364401189961730
1235423127326175232
1235434091211681792
1235455783443316736
1235457005281832960
1235465629886365697
1235469588118351872
1235480268917653504
1235486987672530944
1235609392692723717
1235617953191727106
1235631639650111488
1235733255724335105
1235852190276669440
1237062828625887234
1241107752501628930
1245232767274815489
1246963526821982208
1253329341141811202
1235263466279260161
1235148266712567808
1235148237989908481
1235160720108470273
1235477633451708422
1235156070210973696
1235173837207146497
1235199231490772992
1235204485770862592
1235204553647284225
1235367418110898176
1235458343793127431
1237713687600906243
1260926558757203968
1235146111972782080
1235154798803955713
1235155171442712576
1235188048893267970
1235174324002226176
1235176429157068800
1235294264986345478
1235178632798023681
1235181268184297473
1235196617130676224
1235197688326410241
1235331202053279745
1235422396666048513
1235821951995621377
1235274616010047491
1235167517972328451
1235207212865335297
1236177017902678017
1235455088598151169
1235176568194027520
1235192403239325696
1235905550942113799
1235191322803396608
1235447247309017091
1235198130494337024
1235347021546106883
1235262214174580736
1235251295725985800
1235304243847983111
1235263365343260672
1238905493638217734
1235266262093238272
1235199168202801157
1235205043240022016
1235146610637758464
1235347259027533826
1235422538622214146
1235454241076129792
1235354434911248384
1235360024580538370
1235146334811934720
1235169954309255170
1235156344954671104
1235150434052034560
1235157448572506113
1235293004799315968
1250443248553746432
1235152254497370112
1235155029088182273
1235151007568584704
1235171629375934468
1235303281460760576
1235377069728677893
1235148502335991810
1235150574833881093
1235332516636217351
1235167965571498181
1243387515047792640
1235169832712024064
1235173179943014400
1235218414089666561
1235323842043744257
1235177925235924993
1235181824999120896
1235254949526851584
1235465747020857351
1235290139146018819
1235321943248822273
1235490826878410753
1235709781438009348
1235197266551599109
1235454399692103681
1235272176305139714
1235303126485389314
1235394720211390465
1235148296429211648
1235148630916554752
1235150447750438913
1235151018129793024
1235235521900744714
1235292695616196611
1235300518135816193
1235192589722284033
1235231619277090821
1235145631146090496
1235148054879141888
1235147381022302209
1235149823239741440
1235162267550920704
1235240007855677441
1235244955800604672
1235145865058226178
1235146594175115265
1235148261738131457
1235148418626052097
1235150943320145921
1235157106594062336
1235191301311795202
1235192596890374145
1235290121618026497
1235324820088381441
1235166156094394368
1235204032274345985
1235333578130632705
1236323253309911041
1235147301729046529
1235196816750186496
1235200898533658625
1235257718333681664
1235270316496162816
1236031718576046082
1235148758876377089
1235266432281255936
1235241552030715907
1235147796304605185
1235149234137174016
1235156509274836993
1235157415089385474
1235161100221648896
1235162776353599488
1235165499656491008
1235154354606428160
1235186856905629698
1235213740544528388
1235523050923270146
1235148219883180038
1235155421188546560
1235157654844170240
1235159277716766721
1235159569430650881
1235162977646637056
1235156056764010497
1235295395443601408
1235504494194176000
1235409676872884225
1235470276701196288
1235226091603845120
1235259302342012929
1235229243707199491
1235457195640156160
1235496439587000321
1235410347869310976
1235182861977870336
1235192289233965056
1235204899387912192
1235209218279473158
1235252176387223553
1235265250137640960
1235288658468646913
1235420604561530880
1235465860791201792
1235505341497888768
1235150861824909315
1235155967064539136
1235148014655868928
1235148074290475009
1235148463022759936
1235149820479909889
1235151185851617280
1235171166760898560
1235172605008764928
1235179484661325824
1235186771069194242
1235190075031506944
1235193593205317632
1235212648297492481
1235275143519358982
1235280106618269697
1235327290906734594
1235372852574027789
1235230619241795586
1235265699288936450
1236082676907601921
1235145558056218626
1235145658287501313
1235145666411798530
1235146080909774855
1235146326045843456
1235147628356210688
1235147738704220161
1235147936536944647
1235148916582158336
1235149273798500353
1235150651044376576
1235153079168835584
1235154410134736896
1235155372723384320
1235161568117223426
1235162393946312704
1235174167357673472
1235147259412705282
1235163383084830720
1235399135190282241
1235404149065424896
1235207149518811137
1235339821842866178
1235145885606178816
1235146904939438081
1235151543822884870
1235148388234076160
1235156170878439425
1235159178848743424
1235300123506282501
1235316942715736064
1235318221575778304
1235321896364920835
1235322538168848384
1235332285525786625
1235333228908679168
1235150834226343936
1235305882801577985
1235320047729549312
1235324458921086977
1235604246541852672
1235623857316229121
1235491353204752385
##1235526941438095361##
1235526941438095361
1235582404699607043
##1235545066069872640##
1235518013971075072
1235524326012653568
1235688753886302210
1235528457573953536
1235532730819055648
1235534257143132161
1236103518127362048
1236132088673378305
1235688845531889669
1235530277906243585
1235535501618266112
1235574661452349441
1235606947975622657
1235824841971789826
1235518579325333505
1235529258144952320
1235530249301094403
1235520957445484544
1235518197631246337
1235689048586375169
1235522890038009858
1235722445828567045
1235518743456944128
1235522857775448066
1235521042099113987
1236076034728120322
1235524513036713984
1235527074695262210
1235531293384945664
1235552437877997568
1235575938123026435
1235596396222468098
1236214315541311488
1235530963117109250
1235569450553769990
1236092560411680768
1237116479490981889
1235530289813901313
1235553992907907073
1236176287187824642
1236992666379923457
1236997454517743622
1235518184872194048
1235525755628646402
1240231862624235521
1235664008243486723
1236095467353600000
1235522928382373889
1235553665563443200
1235708206988419072
1235902832383008768
1235890997911064576
1235571887477911559
1235584864935702528
1235587036855205888
1235596157730070530
1235596954253524992
1235610742025527298
1235668109484310528
1235689717724663808
1235700712291659776
1235591207574740995
1235689268938489864
1235526512738099201
1235546762020077569
1235525009549877248
1235518257077129218
1235522063194099713
1236404222347948034
1236406401053966337
1236407302976135168
1235874559976448000
1235557668468731905
1235551056156753921
1235613934272512000
1235525033105244166
1235552110781095937
1235546352504856576
1235526216398131200
1236231189272367105
1235521574616391680
1235518776214532097
1235567852519710722
1236080080205606918
1235518646975369216
1235706764487733249
1235807336179961859
1235718266435145729
1235813168611385344
1235824882098655238
1235885068113137664
1236085209164062720
1236268415482019840
1236586216499314688
1236657049452318720
1238185702216663050
1247348332223234049
1235518824738418688
1235677667355234306
1235519156650479616
1235519908290727937
1235707409110306816
1238769242511536128
1235522215870746624
1235536344656592896
1235518273900380160
1235530619687514113
1241348509409972225
1235522896069636100
1235680546644209664
1236077954809171970
1238467559500001280
1242117000266121219
1235709233976487936
1236098812072136705
1236222258462502912
1235525493836804099
1235533807354351618
1235709772474847232
1235709934207197185
1235567634109906946
1235535849045086211
1235518995647913984
1235545066069872640
1236173508687822848
1237167671197777926
1235537177754456064
1235518149979787270
1235636416417275904
1235521344156073986
1235539357827727366
1235608088771571713
1235639969068331008
1235827358826819585
1235519209465171968
1235519290184470528
1235519413694214145
1235523727401644034
1235523820410322944
1235523885006761984
1235525424353955840
1235526784361193474
1235529958078009345
1235530591375953922
1235540909258924032
1235546689936723973
1235547147929628673
1235554711455047681
1235586152360341505
1235596689446236160
1236842639367892992
1235521382827675654
1235776711121399810
1235826289488965632
1236745231166554118
##1235553665563443200##
1235518013971075072
1235524326012653568
1235688753886302210
1235528457573953536
1235532730819055648
1235534257143132161
1236103518127362048
1236132088673378305
1235688845531889669
1235530277906243585
1235535501618266112
1235574661452349441
1235606947975622657
1235824841971789826
1235518579325333505
1235529258144952320
1235530249301094403
1235520957445484544
1235518197631246337
1235689048586375169
1235522890038009858
1235722445828567045
1236176287187824642
1236992666379923457
1236997454517743622
1235518184872194048
1235525755628646402
1240231862624235521
1235664008243486723
1236095467353600000
1235522928382373889
1235553665563443200
1235708206988419072
1235902832383008768
1235890997911064576
1235521042099113987
1236076034728120322
1235524513036713984
1235527074695262210
1235531293384945664
1235552437877997568
1235575938123026435
1235596396222468098
1236214315541311488
1235530963117109250
1235569450553769990
1236092560411680768
1237116479490981889
1235530289813901313
1235553992907907073
1235571887477911559
1235584864935702528
1235587036855205888
1235596157730070530
1235596954253524992
1235610742025527298
1235668109484310528
1235689717724663808
1235700712291659776
1235718266435145729
1235518743456944128
1235522857775448066
1235813168611385344
1235824882098655238
1235885068113137664
1236085209164062720
1236268415482019840
1236586216499314688
1236657049452318720
1238185702216663050
1247348332223234049
1235526216398131200
1236231189272367105
1235591207574740995
1235526512738099201
1235689268938489864
1235546762020077569
1235525009549877248
1235518257077129218
1235522063194099713
1236404222347948034
1236406401053966337
1236407302976135168
1235874559976448000
1235557668468731905
1235518824738418688
1235677667355234306
1235708035085066242
1235525033105244166
1235551056156753921
1235613934272512000
1235552110781095937
1235546352504856576
1235521574616391680
1235518273900380160
1235530619687514113
1235518776214532097
1235567852519710722
1236080080205606918
1235518646975369216
1235706764487733249
1235807336179961859
1235522896069636100
1235680546644209664
1236077954809171970
1238467559500001280
1242117000266121219
1235709233976487936
1236098812072136705
1236222258462502912
1235519156650479616
1235519908290727937
1235707409110306816
1238769242511536128
1235518995647913984
1235522215870746624
1235536344656592896
1235545066069872640
1236173508687822848
1237167671197777926
1235537177754456064
1235518149979787270
1235636416417275904
1235521344156073986
1235539357827727366
1235608088771571713
1235639969068331008
1235827358826819585
1235519209465171968
1235519290184470528
1235519413694214145
1235523727401644034
1235523820410322944
1235523885006761984
1235525424353955840
1241348509409972225
1235525493836804099
1235533807354351618
1235709772474847232
1235709934207197185
1235567634109906946
1235535849045086211
1235521382827675654
1235776711121399810
1235826289488965632
##1235308217485361152##
1235308217485361152
1235311017024000005
1235311424274141184
1235319278464884737
1235332581870186496
1235336084483125258
1235427178252324864
1235325906912239616
1235309770606813192
1235321524011372545
1235521421620674560
1235448616879349760
1235475695351914497
1235312059342032898
1235315245704523776
1235319181853233152
1235322205677981696
1235447640159993856
##1235312446346350592##
1235312446346350592
1235313454044647425
1235312705176776708
1235313523007332353
1235313645749506050
1235323008014782466
1235327289740660738
1235312586868084743
1235495012227518464
##1235379271343931394##
1235379271343931394
1235380143973154816
1235380831675240448
1235390317270089728
1235941913196466178
1235441137822961664
##1235054767828873216##
1235054767828873216
1235361716189478912
##1235122390218100736##
1235122390218100736
1235129809216262145
##1235136933292105730##
1234818096684294148
1234820418650943488
1234843104127131650
1234819950767955971
1234833846790696960
1234820168687198208
1234848916899794947
1234895295726727171
1235005894041260032
1235136371343405056
1235136933292105730
1234822592802041858
1234840236779114499
1234821540346318850
##1235138759550738432##
1235138759550738432
1235236833124065281
##1235143956800966656##
1235143956800966656
1235167639238041600
##1235156486659223552##
1235156486659223552
1235157158943215616
1235157572912664577
1235159526724325383
1235162106615431168
1235165584653942784
1235161738695372800
##1235160238921265153##
1235160238921265153
1235240103422971906
##1235179441724289025##
1235179441724289025
1235255066199810052
##1235183029095723008##
1235179783920726022
1235520358414835713
1235183029095723008
1235183784187826176
1235185116902719493
1235180295269289984
1235185373648695301
1235185866215165953
1235180227065569282
1235180269696700417
1235183606374465538
1235459939507855360
1235282326894137344
1235188709055762432
1235189379250839554
1235191367195865088
1235202328954892288
1235208624454148097
1235221747227660289
1235223399942828032
1235229224694427648
1235243921179017218
1235246154561908736
1235254377381867521
1235266070639980547
1235278533846601728
1235279328604229632
1235282637264244742
1235316213036847104
1235342709243731972
1235354097487884290
1235356690620522496
1235443829353807873
1235549803024613377
1235181515346243584
1235295654659977223
1235225543337037825
##1235194639637983237##
1235194639637983237
1235195578952413184
1235293170319138816
1235284256705957893
##1235197265922449408##
1235197265922449408
1235504278858387456
1236060498560536577
1235566453803237377
1235418033885073408
1235820989646163968
1236020789285130245
1235505500596383745
1236058463794585602
1235931067456073731
##1235230004990136322##
1235230004990136322
1235230498852687873
1235232459370967041
1235238308940320768
1235241787691855872
1235243467967782912
1235331172957384704
1235571621194117120
##1235231568697978881##
1235231568697978881
1235235168845271040
##1235240278618972161##
1235240278618972161
1235853960574947329
1235246292164628483
1235697085237702656
1235725591657078784
##1235252134125473793##
1235252134125473793
1235310653344272385
1235350299491086336
1235383691322548226
1235276423646109696
1235534964021760000
1235314833953869830
1235454061908025344
##1235262110227222535##
1235262110227222535
1235274504244539397
##1235268548022472704##
1235268548022472704
1235271750763630596
##1235284825273184260##
1235284825273184260
1235505804092100609
##1235288658883862530##
1235286115734761473
1235286877810368513
1235305088735903744
1235287704662925313
1235304027228975105
1235296489737506818
1235305677763076101
1235290923124379654
1235308909960876032
1235430252148428800
1235289208073465858
1235305341568651267
1235286335155580929
1235306644415930374
1235287523313713153
1235288590663536640
1235286318432882695
1235288842460110849
1235311379655151623
1235290749266210816
1235297346793156608
1235288954003390471
1235289506087079939
1235289758017957888
1235292108426272769
1235292110435373059
1235300451538612225
1235304863438974976
1235307503447089153
1235322127886278662
1235312064140279810
1235314469720535040
1235341239643492360
1235343542224072706
1235286744964247552
1235294473934057474
1235298819287453698
1235299506322903041
1235288661710827520
1235295554227318784
1235299216517406723
1235299961581047810
1235300277336657921
1235300401605488640
1235309615878991884
1235309666529431554
1235321014604750848
1235290592617336832
1235296741915840513
1235303345046335490
1235309463420231685
1235310367234023429
1235317285063135238
1235319131265785856
1235331292117557249
1235382374336262144
1235481073884311552
1235798205893312512
1235287139807567874
1235288945958817795
1235314411050541056
1235297385141719042
1235302869894561792
1235306128394850305
1235309939721146368
1235310809636577280
1235312361541701636
1235336543092576256
1235340930103808006
1235518600070541312
1235631281364512770
1235632941386141698
1235977632270950400
1236179996730970112
1236251395847843840
1236411438450778113
1235289601356566528
1235296116847104001
1235306559498055681
1235478474191540226
1235288183824363525
1235307290988814337
1235311278568157186
1235288449814597637
1235301713038450688
1235547810872938496
1235538556040278016
1235287214499786752
1235286997872369679
1235288007273521160
1235303052980219904
1235306463528128512
1235298239852707848
1235302615220658176
1235286868910116865
1235312586280833030
1235652475526529026
1235290020648562688
1235288799866912770
1235292098699710466
1235306392984092674
1235309507934334976
1235295733139505158
1235296334959316998
1235356580348145667
1235287189103292418
1235289299278495745
1235294165472366592
1235298469553876993
1235299377700368396
1235286640534458368
1235300795811344390
1235301765031088129
1235309918716071939
1235312348396691458
1235313024480706561
1235313597066117121
1235317255052943367
1235318753967165444
1235339070898950144
1235344918358511617
1235355493054459910
1235399736255033346
1235487171231932418
1236083827531018240
1235303883808870400
1235309781763715073
1235310519797587968
1235486662693728257
1235306068407914497
1235286731097878528
1235288658883862530
##1235299928831909888##
1235299928831909888
1235556174659039232
1235345264451432448
1235307676483149824
1235559313101357057
1235466001367654400
1235781908950405120
##1235300012889968649##
1235300012889968649
1235520802453213184
##1235304738796732417##
1235304738796732417
1235310802200072194
1235399683197079554
1235427885416165376
1235308032512360454
1235321429891178498
1235331949876699137
1236537528024551424
1235649968079323136
1235311838637805570
1235418707079442432
1235486193095266304
1235434284380495872
1235438006888251392
1235444017879560194
1235456946800660481
1235466384450236416
1235474009036402688
1235476579595300864
1235478528365297664
1235533692392505351
1235581714166099969
1235621550252077058
1235646616763346946
1235934745596436481
1235953397670572033
1236594997111160832
1236595874962255877
1237617803324260353
1237823075103707141
1235352772838600710
1235479040246435841
1235310567390351361
1235344331785072640
1235344424785321984
1235395292893241344
1235516350254088192
1235403763353034752
1235443505595437057
1235485301788864512
1235540573274152960
1235902734039216128
1236584270329720832
1235314099610931204
1235307852820033539
##1235304942921015296##
1235300373763633160
1235296749041967105
1235288444152221701
1235283980875960330
1235289209084272640
1235347216614727684
1235401359152648194
1235294736480636933
1235285050347999234
1235289109347827712
1235289679903313933
1235290033990651905
1235441565302169600
1235290284965203968
1235290977906102275
1235343726358278144
1235308432074428418
1235285222071160833
1235290924978262017
1235306964302925824
1235284850053206019
1235285825799303170
1235285359879245826
1235287144199057408
1235286333968592901
1235296753081081857
1235307175989432322
1235284815890571274
1235284911763976192
1235285095210266626
1235285234251452419
1235285576338812928
1235286989437636612
1235288501777846273
1235290513970016262
1235294185571352576
1235294855242354690
1235284416873758720
1235284727952740358
1235285008841134082
1235285155721474051
1235285254178562051
1235285296998158336
1235285563906969600
1235285888164343814
1235285931822899206
1235286103793467393
1235286825176043520
1235287011491295234
1235287251665530881
1235287293348503553
1235287328131862529
1235287887295516673
1235288695466491904
1235288707059642373
1235286493285015557
1235284916771983360
1235292075022848000
1235323938764357633
1235292964961865729
1235324383213899776
1235383565048823809
1235405699645046784
1235436641461788672
1235441547451273218
1235286748869128192
1235286952188010496
1235287348566528006
1235287695351574533
1235287787563253771
1235287906228588544
1235289067534811136
1235289371877793792
1235289677999083520
1235290364199698432
1235290406134439937
1235291076778393602
1235291170097463297
1235291715818393602
1235442392615903232
1235442566440640513
1235503612832485378
1235540659085479939
1235293211729506307
1235293561249292290
1235294986851188738
1235295249360183296
1235296535333699589
1235297924176924673
1235299194564489219
1235299358222016517
1235300134168203265
1235307551849402369
1235311045822025730
1235312716644052997
1235320225635196933
1235325006512562176
1235398700085755905
1235414616487981057
1235431189961478144
1235501690511593472
1235523033332420612
1235284972229005312
1235285600196071425
1235287251145416707
1235284223726059522
1235286452986093570
1235285781058596872
1235285025366650880
1235285650368274434
1235285074544865287
1235285226810683392
1235288712302469123
1235284431063134211
1235289785847164932
1235406091460038659
1235284813118083074
1235284761922457603
1235285246922420228
1235285748628303872
1235285778533683200
1235285876512616448
1235289322053668865
1235284648613359617
1235284739088625667
1235284850388725761
1235285479014227974
1235285619124948992
1235286131572428801
1235286368873566208
1235286401735938049
1235286451501309956
1235286731089498119
1235287337426472960
1235287837999796225
1235288478331568128
1235290764856483841
1235292400416886784
1235293619256463361
1235300267517710336
1235300454516613121
1235317707257585672
1235324120205840391
1235342756580593669
1235409458668482560
1235411687135514624
1235417983851339776
1235485333111873537
1235502545696681985
1235526790673653760
1235287110992744449
1235285333593509890
1235287406124978182
1235287717736570880
1235288020577902596
1235306714146246656
1235296175965827072
1235298147775152130
1235298430509076484
1235306261731774474
1235285850868649986
1235348085620043781
1235285094270717952
1235288598632640514
1235288396945383424
1235285443454922754
1235288654735716352
1235286143391928320
1235287293465972737
1235315930676293633
1235317819979583501
1235318614330347521
1235290166711013378
1235291501527281666
1235290943466754048
1235291660143165443
1235297533603307526
1235298383759319040
1235299879024553992
1235299953842573312
1235300688080572417
1235301555370446848
1235302007147245571
1235303585560309761
1235304942921015296
