##1230074376810352640##
1230074376810352640
1230089725886771200
##1222122109708767233##
1222122109708767233
1222133320785571840
##1222122859893489674##
1222122859893489674
1222124958538702848
1222125872146153473
1222123304443695105
1222123541782548482
1222123610921406464
1222124809091534848
1222126378616872960
1222129873214414849
1222144783679967233
1222425118586089474
1222541532022046723
1222594868918345728
1222157533214912513
1222124213185720320
1222514813684932609
1222123734288478208
1222131838174605313
1222199756270854144
1222253551256244227
1222407040800378880
1222632336258404357
1222123564599578624
##1226592625865547776##
1226592614792585217
1226592625865547776
1226592635420233728
1226592645381668865
1226592655716446208
##1227657480190205953##
1227657464335740933
1227657480190205953
1227657491082883079
1227657502600368128
1227657512780017664
##1224044874875527168##
1224044874875527168
1224046906692849664
##1223993362107244546##
1223993362107244546
1224402534074327041
1224404170205290499
1224638066670870528
1224010071883046913
1224010291647787009
1224011022341677057
1223994635439296513
1223993932947828737
1223993718052720640
1224013097511329801
1224043394990772225
1224042774837825541
1224275132455235584
##1224648306250387457##
1224648306250387457
1224816286598860805
1224650007787208704
1224657324784214016
1224667513277108224
1224712919302180873
1224724583145705472
1224755152135041024
1224755809185419266
1224648445887221760
1224649272425156608
1224648358326874112
1224666693563224065
##1223963467213950977##
1223963467213950977
1223980754620813314
1223988882867396608
##1224077761578438656##
1224077761578438656
1224077932429221895
##1224291852121264129##
1224291852121264129
1224326851507736576
##1229036456565452800##
1229036456565452800
1229038020285927424
1229040326767149056
1229063827960082432
1229075960605048832
1229037629573881857
1229095791496769537
1229300437020561408
1229150187215630337
##1232605703539433472##
1232605703539433472
1232696679868043264
##1221719496068681728##
1221719496068681728
1221722861506875397
##1221744305347481601##
1221744305347481601
1221745900772642816
##1221795088529076224##
1221795088529076224
1221795521863606272
1222434449759129601
1222442701871878145
1222468454101528576
1222594723661144064
1222597952759324678
1222471773456928768
1222583389666017281
1222495984334319616
1222741784226357250
##1221817641385390080##
1221817641385390080
1221830576249942016
##1221819261863301122##
1221819261863301122
1221847526665531392
1221827061389627394
##1222074403032379393##
1222074403032379393
1222077908816101377
1222089182702645248
1222080983673057280
1222121298706534402
##1222096982430441473##
1222096982430441473
1222935542838505474
##1222180226937040897##
1222180225221627906
1222180226937040897
1222180228673478657
1222519380375941121
##1222210198670073856##
1222210198670073856
1222246976730824711
1222210870689828864
1222219797951385602
1222213507342573568
1222211690391134209
1222213114437013504
1222211726302679043
1222213324512931846
1222216506399916033
1222219721778630657
1222220694362230784
1222223882800766978
1222227700452073473
1222234346301554688
1222238822102130689
1222246166034862080
1222377821642874885
1222394907534548993
1222213219546210304
1222215009276698625
1222212102527553537
1222216003368706048
1222218715254738946
##1223227039303507968##
1223227039303507968
1223522715648319489
1223523380944609281
1223231422472904704
1223231529113018368
1223231713796640769
1223292742425546752
1223236846727172098
1223230876160577543
1223234797234991104
1223243075046256641
1223252964346859525
1223269720117469184
1223291204097466368
1223294008245571584
1223294725437960193
1223314448875708418
1223337107420262401
1223337935099125760
1223353034694111232
1223509454546706432
1226211747691974657
1223235014403461122
1223253140545339393
1223245640806944768
1223289735206096897
1223305967003152384
1223243428525498369
1223264107886972928
##1223228570627166208##
1223228570627166208
1223229448985743361
1223242584983855105
1223702328563335169
1225775724809932800
##1223259447566520321##
1223259447566520321
1223260581832151041
1223294559700115457
1223317768457674752
1223331934056722432
1223504667549863936
1223521104154779648
1223548975967621121
1223269295498629120
1223309604303572994
##1223304826508976129##
1223304826508976129
1223549829017677825
1224617952986763267
##1223582814232305665##
1223582814232305665
1223680315673260033
1223691734888128521
1223693188646436867
1224000388224995331
1223658201972924416
1223679574376177664
1223677612238745601
1223604000773328896
1223626114943242240
1223649387278209027
1223676321525571585
1223691434076901379
1223589968343437312
##1223660614612062209##
1223660614612062209
1223678815416782850
1223683509899988995
1223692407662956544
1223661767714361346
1223662708811345920
1223663089905737728
1223671534180544515
##1223886032388722694##
1223886032388722694
1223981827834175490
1224001138653126657
1223956820957573121
1223927014450745349
1224065833116360711
1223890619451551744
1223891247359823872
1223892122090328064
1223892586152255488
1224001292663709698
1224041205358645249
1224087454166200320
##1223886741779767297##
1223886741779767297
1223898827289219072
##1223893869793890304##
1223893869793890304
1223910486229573633
1224026219513028610
##1223898717071323136##
1221069940247187461
1223217515456815104
1223898717071323136
1223899254294564864
1224330560472068101
1224612828893655040
1224338155723264000
1223936987926794240
1221077329352544256
1221084450815139842
1221084633560952833
1221084788775424005
1221085078530543622
1221071135925833728
1221072309479526400
1221074555994886144
1221084180731367426
##1223934841957371905##
1223897306967224320
1223898543133536256
1223934841957371905
1223937290579382272
1223938613391417345
1224050010041520128
1224096649695330311
1223939465414090752
1223939876225257472
1223913108982374400
1223916083914203136
1223932021254258688
1223933257160499201
1223946779407810561
1223906932953690117
1223967305857753088
1224016375548665857
1224131291924312064
1223936374597922816
1223940083532861442
1223940392137166848
1223956135780257798
1223940523829932035
##1223968112615329792##
1223968112615329792
1223968759007916032
1223969628579385345
##1223976555510214657##
1223976555510214657
1223977981024067585
##1223992153275236355##
1223992153275236355
1223992864381841408
1223993007512457218
##1223995935786704897##
1223995935786704897
1223998265085038593
##1224007066651693056##
1224007066651693056
1224017019084988419
##1224007417727504384##
1224007417727504384
1224104314915913728
##1224031322508791808##
1224031322508791808
1224048848861040641
1224037046332858372
1224034841555013635
1224057371426684929
1224057863913512960
1224095044405268480
1224287350588674055
1224306183537860608
1224076847136284672
1224140996906291201
1224228326455283713
1224033346055024643
##1224035317415645184##
1224035317415645184
1224060431322558465
1224060635262148609
##1224036809509888006##
1224036809509888006
1224037335869919233
1224100480973987840
1224037925421289472
1224038426304970752
1224039534385680385
1224199995785666561
1226355818225979393
1224041384526651397
1224042153892073472
1224065356320428035
1224071002990301184
1224159212231589888
1224183827733663745
1224192126042460160
1224216445304872960
1224235927075282945
1224274537719779329
1224389708744216576
1224562627663290376
1224055761787027459
1224039527821520896
1224046745233084418
1224047160787898370
1224063362725601280
1224069090979065857
1224092052989923328
1224215443608678400
1224268554092077056
1224372463221583873
##1224050454247723008##
1224050454247723008
1224069232574500865
##1224054187673247745##
1224054187673247745
1224100628965875714
1224305796265234434
1224054975837474819
1224055431905058816
1224059863698939904
1224055650440949772
1224245413177364485
1224265900540538880
1224283985741828098
1224680434812047361
1224077121993220097
1224059836343689217
1224367530296344578
1224081569012441089
1224081776387280899
1224158521626898434
1224160268529389568
1224172294450372608
1224179201420550145
1224313300411994112
1224186356252971009
1224224472879726598
1224225384746622976
1224238849280311297
1224282120706838528
1224293582888153089
1224300092657631232
1224333854972022784
1224348981897105408
1224368634929217536
1228263018309525504
1224054498328489984
1224075174150131712
1224056768290009088
1224071616767893504
1224348808005505024
1224363212977725443
##1224133415731113986##
1223932157695008769
1223934584531845121
1223933792416649217
1223948026298949633
1223932411010043904
1223933008752848897
1223934269455814658
1223934330864578566
1223934929790275586
1223937461728022528
1223937761423568898
1223937874535632898
1223950620459249664
1223966846359130117
1223968670818426880
1224042016729894915
1224111383597416449
1224237549578833920
1225851096406614017
1223980207004180480
1224133415731113986
1224135049735557120
1223934381854789632
1223937804998258689
1223947178898612224
1223957846494076930
1223995415382708225
1224020596369121282
1224306229520011268
1223940639361990656
1223937756663099393
##1224201636584787968##
1224201636584787968
1224222042188341255
1224254946058608640
1224396491101437952
1224201998637195264
1224339928034807808
1224208466891460608
1224220323085725698
1224604412016021507
1224283610993319937
1224204208167170048
##1224202523038375937##
1224202523038375937
1224210319372767232
1224219743273603073
1224203060894928896
1224232425707929601
1224241122630864897
1224274026043990017
1224291135012712448
1224203712584998912
1224214370068127745
1224327190801788933
1224203633996247043
##1224223163229274112##
1224223163229274112
1224224589942874114
1224254930342547459
1224276413240528896
1224304744442843136
1224432250948706307
1224225576782835714
1224276868813201412
1224251133952167936
1224293176913035265
1224254226693611520
1224286815764406273
1224235940220108801
1224280261564628992
1224289922355531776
1224290427429240834
1224291569462890497
1224236137843175425
1224323133076901889
1224323571989741569
1224355274338656256
1224374648428802052
1224236078242189313
1224369888296427520
1224234684814700544
1224357540408045568
1224223835207229440
1224269153441386497
##1224250256356970498##
1224250256356970498
1224254003657302016
1224363259047895042
1224250876463849472
1224251149030776832
1224251871818387459
1224260873960787968
##1224255030691336193##
1224255030691336193
1224257022339796992
1224265865601875969
1224262020679315456
##1224281186689785856##
1224281186689785856
1224282853111889920
1224295672603664384
1224466575371177984
1224282746463432706
1224538624835964928
##1224363147601072128##
1223729877184020480
1223052339910672384
1223046027080540161
1222896986971488258
1222559089579917313
1222153181439963136
1221817383121309697
1221452099126464512
1221180753792421890
1221151126231355394
1221156768094543872
1221164423131402240
1221169617109909505
1221171447361626113
1221175251498938368
1221176272220557313
1221182839275900940
1221189575785222145
1221194341261238275
1221430210228375554
1221433078310154246
1221435063260282880
1221435943791611904
1221439997234032642
1221441348550758402
1221486331693621250
1221487412909682688
1221491084561408000
1221496660506959873
1221499763398533129
1221808102225403904
1221809039614599169
1221815179706544133
1221816495875010560
1221823021624762369
1221823640951496704
1222132703618904064
1222137011961761792
1222141115626938369
1222142434852904960
1222143353707429888
1222145425102295040
1222147202786758658
1222156250986766337
1222265341784535042
1222533149349072897
1222534339671613447
1222542601695506434
1222542979803553793
1222553557871800322
1222554971511697408
1222557496155549701
1222564734802833408
1222569587428020237
1222571143414145024
1222636913850572800
1222668942939951104
1222671588627271681
1222888155432357891
1222895020132335617
1222896094247440386
1222897970170847236
1222902226588332033
1222904954777554946
1222960486465052673
1223044363644739585
1223045052433342464
1223045154300420096
1223045490700378113
1223045633667366913
1223046540496986112
1223046995524440065
1223048081589047299
1223048820033978368
1223050743218872321
1223051506376679425
1223051758932500480
1223051958258470914
1223052133047644160
1223248255351508993
1223250499480231936
1223254724394332161
1223629619561160704
1223632105063747585
1223634023672578049
1223637843010113536
1223638271172993030
1223727839792463872
1223730370522288135
1223732278444142596
1223736742886486022
1223739818154373122
1224010188841193473
1224011770823692288
1223906957917966342
1225097261681709061
1223635053672005632
1223065112543682560
1223247181223809024
1225038248113836032
1222157182969569281
1222149444466020352
1221998988402003970
1225155833471938566
1228245614611378176
1221445748560211969
1223742642992877568
1223837580510334976
1222534294368813056
1224029851574853633
1224350956202156033
1224363147601072128
1224365010186592259
1224370357257285632
1224378268834566144
1224731831599321089
1224732573592641538
1224736560622579713
1224746003321978880
1224751011954417667
1224754546062319625
1225067319992504321
1225070833355325440
1225072388913627136
1225087543655485440
1225089627285082114
1225091507323133952
1225094799885246464
1225100088562896896
1225103494350360577
1225161109025566726
1225492501139742720
1225498609078153217
1225499614444478464
1225504456055365633
1225506005569679361
1225544533737340929
1225803820485300224
1225806408903512069
1225808599362002944
1225810068505055234
1225811369569722369
1225812532427919360
1225815408013402113
1225815700922605568
1225816111956054017
1225817035503996929
1225818237981601793
1225819745083109377
1226141329098465280
1226142380694392832
1226146793395834880
1226647353391751168
1226652193501175810
1226655573388746753
1226892099028705280
1226895676614889472
1226928199013146625
1226931866042806273
1226994220420009985
1226996906494251008
1227002176041553927
1227004654699057152
1227238786091761666
1227239916884484096
1227243407095058432
1227656423737380865
1227657595231625222
1227659299796725764
1227788870026219520
1228085878301634560
1228090224590434304
1228092228414951438
1228094021618323456
1228265161250742272
1228713913556008961
1228714793449775105
1228717366747566082
1228719014655950848
1229101505984241668
1229101778618265600
1229818472508612608
1229826436581789696
1229828372202696705
1230193849965957122
1230194632346292224
1231405014595362816
1231794892399091713
1231796562398937094
1231800086616825856
1231800950760845313
1231802254103076866
1231804312076115968
1231806008269430784
1231832094348845056
1234330433170612224
1234334118277718016
1235085907897638914
1236308257398030341
1236309058409414663
1236735132008165381
1234533365891698688
1231406755286048770
1231525770725642246
1230195781279342592
1230250684940943362
1229024622978400256
1229100573414297601
1228716612062253056
1228283548504907776
1228331158376722435
1227797646997409801
1227803025303011328
1228051851653910528
1228067827032170498
1227239892742103046
1225749646724780032
1225499833378770946
1227046447947927552
1225191847288504326
1227046695042723843
1235883854910668800
1224378852484567042
1223289165456068611
1223289452828745730
1223289303398150144
1225112839750373376
1221907712658804737
1222029151630172161
1222085297774759936
1233425746259038208
1227815121562398727
1224986975092072452
##1224373475751665665##
1224373475751665665
1224431330429001729
1224373672959447040
1224374403221413894
1224377063890726912
1224382475184627712
1224389205465489413
1224405317322248193
1224414893765484550
1224447743118041093
1224433408933187585
##1224373602553925641##
1224373602553925641
1224409283263115267
1224410271260839938
1224410740817375233
1224415380468310017
1224663128337801218
1224696872037646338
1224387398936776707
1224421770243067904
1224617889178800130
1224415614460211200
1224387635868774409
1224390137049731073
1224432746493136897
1224574305205465088
1225308696965763074
1224582177402376195
##1224377008794296322##
1224377008794296322
1224656753859735553
1224392172205756416
1224593999144636417
1224623352297508866
1224740603960987657
1224777032879550464
1224896519914041344
1224963118767464450
1224599607616921600
1224675317203247106
1224716627536752642
1224501858946945025
1224661131630907397
1224703037857521665
1224700929724821512
1224842904943775744
1224390381409796102
1224441014187786240
1224387863074234368
1224429606213771266
1224379029987430400
1224379479784665089
1224379659300851713
1224379696793767936
1224399554755354624
1224408105666121729
1224420524840890370
1224427630839156741
1224447704765366273
1224458311078014985
1224461138542440448
1224491897558913024
1224504572242268161
1224506532441788417
1224515138402836480
1224515753711427584
1224398432011460609
1224430665589878784
1224452071564275715
1224633440324280321
1224391970581286912
1224392714298580992
1224407121195827200
1224421110684553230
1224473570031603719
1224518557163249666
1224561468613570560
1224599005608513536
1224608153712676864
1224674701244608512
1224678958026960896
1224510155510992899
##1224399654785294336##
1224399654785294336
1224644688231182338
##1224619601612460032##
1224619601612460032
1224620539748241408
1224620584635596800
1224620663316631553
1224633434208980992
1224635993875263488
1224676667802750977
1224687849666158602
1224750675214716929
1226141165092769792
1224743591148388353
##1224623647861682178##
1224623647861682178
1224689124793372674
1224769483950247936
##1224645960548212738##
1224645960548212738
1224649026391478272
1224650403314356224
1224652467356434432
1224659838258548736
1224714113659609093
1224717546978533377
##1224672506944139265##
1224672506944139265
1224684827909279744
1224700535820947457
1242045339521232896
##1224676900293029888##
1224676900293029888
1224706773858340866
1224717467299340289
##1224725311897636865##
1224725311897636865
1224730129290735617
1224785014694596610
1226034252753637376
1224915116694679554
1225235897052008449
##1224731831599321089##
1223739818154373122
1223629619561160704
1223048820033978368
1222960486465052673
1222636913850572800
1222534339671613447
1222137011961761792
1221496660506959873
1221430210228375554
1221156768094543872
1221151126231355394
1221164423131402240
1221169617109909505
1221171447361626113
1221175251498938368
1221176272220557313
1221180753792421890
1221182839275900940
1221189575785222145
1221194341261238275
1221433078310154246
1221435063260282880
1221435943791611904
1221439997234032642
1221441348550758402
1221452099126464512
1221486331693621250
1221487412909682688
1221491084561408000
1221499763398533129
1221808102225403904
1221809039614599169
1221815179706544133
1221816495875010560
1221817383121309697
1221823021624762369
1221823640951496704
1222132703618904064
1222141115626938369
1222142434852904960
1222143353707429888
1222145425102295040
1222147202786758658
1222153181439963136
1222156250986766337
1222265341784535042
1222533149349072897
1222542601695506434
1222542979803553793
1222553557871800322
1222554971511697408
1222557496155549701
1222559089579917313
1222564734802833408
1222569587428020237
1222571143414145024
1222668942939951104
1222671588627271681
1222888155432357891
1222895020132335617
1222896094247440386
1222896986971488258
1222897970170847236
1222902226588332033
1222904954777554946
1223044363644739585
1223045052433342464
1223045154300420096
1223045490700378113
1223045633667366913
1223046027080540161
1223046540496986112
1223046995524440065
1223048081589047299
1223050743218872321
1223051506376679425
1223051758932500480
1223051958258470914
1223052133047644160
1223052339910672384
1223248255351508993
1223250499480231936
1223254724394332161
1223632105063747585
1223634023672578049
1223637843010113536
1223638271172993030
1223727839792463872
1223729877184020480
1223730370522288135
1223732278444142596
1223736742886486022
1224010188841193473
1224011770823692288
1224029851574853633
1224350956202156033
1224363147601072128
1224365010186592259
1224370357257285632
1224378268834566144
1224731831599321089
1224732573592641538
1224736560622579713
1224746003321978880
1224751011954417667
1224754546062319625
1225067319992504321
1225070833355325440
1225072388913627136
1225087543655485440
1225089627285082114
1225091507323133952
1225094799885246464
1225100088562896896
1225103494350360577
1225161109025566726
1225492501139742720
1225498609078153217
1225499614444478464
1225504456055365633
1225506005569679361
1225544533737340929
1225803820485300224
1225806408903512069
1225808599362002944
1225810068505055234
1225811369569722369
1225812532427919360
1225815408013402113
1225815700922605568
1225816111956054017
1225817035503996929
1225818237981601793
1225819745083109377
1226141329098465280
1226142380694392832
1226146793395834880
1226647353391751168
1226652193501175810
1226655573388746753
1226892099028705280
1226895676614889472
1226928199013146625
1226931866042806273
1226994220420009985
1226996906494251008
1227002176041553927
1227004654699057152
1227238786091761666
1227239916884484096
1227243407095058432
1227656423737380865
1227657595231625222
1227659299796725764
1227788870026219520
1228085878301634560
1228090224590434304
1228092228414951438
1228094021618323456
1228265161250742272
1228713913556008961
1228714793449775105
1228717366747566082
1228719014655950848
1229101505984241668
1229101778618265600
1229818472508612608
1229826436581789696
1229828372202696705
1230193849965957122
1230194632346292224
1231405014595362816
1231794892399091713
1231796562398937094
1231800086616825856
1231800950760845313
1231802254103076866
1231804312076115968
1231806008269430784
1231832094348845056
1234330433170612224
1234334118277718016
1235085907897638914
1236308257398030341
1236309058409414663
1236735132008165381
1234533365891698688
1231406755286048770
1231525770725642246
1230195781279342592
1230250684940943362
1229024622978400256
1229100573414297601
1228716612062253056
1228283548504907776
1228331158376722435
1227797646997409801
1227803025303011328
1228051851653910528
1228067827032170498
1227239892742103046
1225749646724780032
1225499833378770946
1227046447947927552
1225191847288504326
1227046695042723843
1224378852484567042
1225097261681709061
1223065112543682560
1223247181223809024
1225038248113836032
1224986975092072452
1222157182969569281
1223070291439640577
1222149444466020352
1221948668309315585
1228245614611378176
1223837580510334976
1222534294368813056
1223289165456068611
1223289452828745730
1223289303398150144
1225112839750373376
1221907712658804737
1222029151630172161
1222085297774759936
1233425746259038208
1227815121562398727
1223635053672005632
##1224743843335221249##
1224743843335221249
1224745492199944193
1224745829270990848
1224746193214955520
1224746516868468739
1224746640411701248
1224820918033309696
1225028783612317703
##1225381986954629120##
1225381986954629120
1225391169040977921
##1225441421186011137##
1225040997752737795
1225046139973533696
1225441421186011137
##1225854750194851840##
1225854750194851840
1225870277202108418
##1228184863422812160##
1228184863422812160
1228199411106205696
1228234726588051462
1228231801371365376
##1231116008330612737##
1231116008330612737
1231117652304764928
##1232511895892111360##
1232388899214938113
1232393763424698370
1232394116211888128
1232394241994825728
1232427285107662848
1232395462830907393
1232395424666923009
1232391543224487941
1232392713452040193
1232551252501958656
1232561692942503936
1232620554479448064
1232703598808719362
1232390612512595975
1232438293825851393
1232584276870299654
1232397212715487232
1232397650206642184
1232398021196947463
1232735699042021376
1232420476179357699
1232752849957933056
1232392130166956034
1232395948518789121
1232397322660777987
1232411341824151560
1232407814775169025
1232407949903003649
1232408162084556803
1232408545016107008
1232409222870159360
1232409562394787841
1232410370591088640
1232399616169127937
1232389184385626113
1232389440426958848
1232390002279157761
1232390002295922689
1232391339582554112
1232391799504883717
1232399176518033409
1232401083856826370
1232389238169178112
1232389585331720192
1232422431274524676
1232422647889137664
1232424227539648512
1232508000625201152
1232519868982927360
1232555413394120704
1232396171009806337
1232426632675307523
1232421455494819840
1232424433874280450
1232389837778452482
1232389925401714688
1232390553251254273
1232391308611813379
1232391604079603712
1232396491651764225
1232399698910117888
1232400340831567872
1232404578156646403
1232426852427452417
1232447714408878080
1232482053020512256
1232559449828663296
1232560082002612224
1232561660419768321
1232563326124789760
1232576681145139200
1232577629502439426
1232417434348531713
1232420351054839810
1232603387767787520
1232647857519329280
1232424292274573312
1232440585631363072
1232539819869425669
1232639937385766913
1232685683778752513
1232413163095777283
1232406413298761733
1232406754425700353
1232389925372407808
1232390878716661760
1232392295904874498
1232393404778254336
1232393656105099270
1232394228451414021
1232395330790055939
1232395590266499077
1232397168159449088
1232398491697192960
1232398847776894978
1232398930656272385
1232402704493875200
1232403481149026308
1232407424172265479
1232407728200523777
1232409869921214464
1232392248236609540
1232389802135359489
1232394950215598092
1232395572126023686
1232389355106394112
1232389591329648640
1232389993244524544
1232390247503351808
1232392725040893952
1232393151182184460
1232393239308705797
1232401440620056576
1232401490007990273
1232404495012945920
1232411606111440897
1232420814357778438
1232421991786930177
1232433542929321985
1232455358225895424
1232569855888576513
1232576244253888512
1232607819406376961
1232735304441880579
1232554964679086081
1232511895892111360
##1232619771071475714##
1232619771071475714
1232620399537590272
1232661564123230208
##1242394507510984705##
1242394507510984705
1242395946136330240
1242431792939925506
##1242395091123175424##
1242395091123175424
1242395757304569857
1242430505657741313
##1243311380851286017##
1243301389876502529
1243311380851286017
1243312380613922817
1243317083729002499
1243319105991643136
1243512850611650560
1243309519284862977
1243313911748755456
##1222507477566136322##
1222507477566136322
1222507978504404994
1222555204048097281
##1222594534653206532##
1222586480465367041
1222587173553233921
1222593678323130370
1222594534653206532
1222598648250454017
1222605566729768961
1222805850533847040
1222602205443907584
1222605533607268355
1222612167029075969
1222805892632129538
1222832687603429376
1222605431564111873
##1222639993723719680##
1222639993723719680
1222642896614174722
1222646907874488320
1222642848094441476
##1222777427564216321##
1222777427564216321
1222787897063038977
1222912343165693955
1222794752170524673
1222794866104655872
1222856425547935744
1223737223180439553
1223740007422316544
##1222899437191618560##
1222899437191618560
1222902230807764996
1222905396094013440
##1222943558870671360##
1222943558870671360
1222969962085650432
##1222985639773319169##
1222985639773319169
1223004069515669504
1222985764075712519
1222985971240775680
1222988717218050049
1222992237749055506
1223109936487337984
1223161692378583040
1222995176735543297
##1225132561032261633##
1225132561032261633
1225132568682680322
##1225153339639377920##
1225153339639377920
1225154807884808193
1225155082255323136
1225154562249699330
1225155691104567296
1225157905957171202
1225157974659883008
1225462614970585089
1225504433494274049
1225562365070127104
1225165582896697344
##1232248353498505216##
1232248353498505216
1232258118584799232
1232264514650939392
1232313718505005056
##1232998719806676992##
1232998719806676992
1233038338405302273
##1234927855588347905##
1234927081756119040
1234927855588347905
##1236282344878886913##
1236280946988589056
1236282717752393728
1236283038000185344
1236282344878886913
1236282893355356161
1236284130666655746
1236281913880576002
1236286461001023488
1236290529530445824
1236334744654221313
##1237851289003806722##
1237698956248985601
1237724125176770561
1237724474654560256
1237801355416408064
1237731603599831041
1237751081477824513
1237758004780568577
1237780567262990337
1237787529535008769
1237733553326227462
1237741275832553473
1237776826317012995
1237766847057006594
1237780119688826880
1238003783902388226
1237733768540172288
1237910601059512320
1237820206329839616
1237885891734978564
1238027487113875456
1237783294290214912
1237786285286227968
1238082391970926592
1238360445381226496
1237804037678026753
1237824974674690060
1237851287049232385
1237860797985898498
1237734750703493121
1237737914588635136
1237740665649364993
1237787487780691969
1237951047966089219
1237729705341734915
1237754139456790530
1237757564416335875
1237842259741007872
1237728878250135554
1237733615938740224
1237737107562651649
1237802652496547842
1238348588993916929
1237794247107129344
1237802245539999746
1237815443928297472
1237937868301107204
1237948899610017793
1237965396478701568
1237999376695525376
1238168082310475776
1237702908071874560
1237715250163732480
1237804164719226881
1238862728963469312
1237717491557810177
1237880536057573377
1238094349663166467
1237713583867379712
1237786766175805440
1237792918896771078
1237739948947779584
1237837964060897282
1237712602408550401
1237715671175303174
1237700788442533888
1237703168462589957
1237708661428027392
1237736303325839360
1237809718665588736
1237780974877933568
1237764366965055488
1237805977325404161
1237718322822684675
1237721759597592576
1237723024704573440
1237736566824599554
1237759505959653376
1237764550755332096
1237807121879781376
1237947192113090561
1238021106885431302
1237727240043012097
1237779375107510276
1237856787002322948
1237728525697892353
1237755881707712512
1237726668791439361
1237810533681836034
1237826372267126790
1237769655919554561
1237792179432677378
1237713134074376192
1237715715261632515
1237725421652844545
1237894182540173313
1238004966637424640
1238070827238768640
1237712909939159040
1237716530252656640
1237720178378620935
1237791621623812097
1237808401276641280
1237810559271211014
1237853674698715137
1237720348931522561
1237882515659997186
1237745797678186498
1237803065245405184
1237828798025854977
1237773277004730369
1238191943190020097
1238359741409234944
1237787929117888513
1237793015193837571
1237797887800639488
1237805150607212544
1237853108060864514
1237857126757752834
1237860468405833729
1237794760397590529
1237805979909185536
1237798742855757824
1237805716993454080
1237718781289472000
1237752804430807041
1237771743441321985
1237804787648868352
1238435155909451777
1237728678542442500
1238434149742018562
1238439386645225478
1237709322991407107
1237811028320272385
1237815631459897344
1237851683218046983
1237852802522558465
1237853846103158785
1238092125067149318
1238139337449054210
1237791041593450497
1237798065169412099
1237799840052129793
1237798700099031041
1237798946979938306
1237743957917958144
1237809128057245699
1237720890726592512
1237810365913862145
1237725138059132928
1237810140306382848
1237842348454838272
1237721992897363970
1237745067240161281
1238067840651067392
1237701948398280705
1237709037917147137
1237767628799836162
1237783338821332994
1238136629279285253
1237712516903587840
1237722679416893445
1238026925425209344
1237733645923868672
1237865066009001989
1238207769943171073
1237711577161314305
1237715014901010434
1237718628251951104
1237719074651680770
1237720618533040128
1237721442084626434
1237723867583582208
1237721486120583170
1237722730218258432
1237726149230374913
1238186149455310848
1237821831865864193
1237855986116775936
1237819777403555842
1237719028505903106
1237720835705712640
1237832226596847619
1237836624324632578
1237883493851500545
1237946340212121601
1237893522222505985
1237945791605542912
1238005825886707712
1238006181836271617
1237744013802901505
1237926593999384577
1238188179133521921
1238217901238292482
1238252692545339392
1238402488291799041
1238436476553224192
1238437223810379777
1238438746640580608
1237932196083707904
1238187285381775364
1237936425712128000
1237785843676393474
1238006312585367552
1237756788621148164
1237872951443087363
1241036395466145793
1237753655102767110
1237797601317203973
1238067972201156608
1237764054439133186
1237778081022181376
1237963146624741376
1237726358471610374
1237733395834290176
1237733742275366913
1237735940078088193
1237738419662532608
1237740878053154816
1237741185415905288
1237741809767534594
1237749808267440129
1237751580897705985
1237790357095661570
1237883112480100353
1238004651280171008
1237796000636579848
1237967757716660227
1237969751172878336
1237980420626681856
1237996758296416258
1237722015567613952
1237727517307437057
1237736256756465664
1237726167412727809
1237737868832854017
1237711121924186115
1237727877438865408
1237733434279235585
1238045984694861824
1237786316122796034
1237728435088297984
1238186456633552896
1238191146293235713
1238250926697218049
1237720504485777409
1238208273121230856
1238209641802272768
1238447734195175424
1238529724294496258
1238022701299773440
1238026448440606721
1237822263254306819
1237823237536563210
1237752736264925190
1237754099950649344
1237760377187962881
1237763552691322880
1237766069240188928
1237780697655451649
1237784839522312194
1237807790019805185
1237809156347908098
1237810774317334530
1237814812224167936
1237824427674533888
1237826355020156929
1237828041524408320
1237841437930049539
1237842123396763649
1237852471860453378
1237854592953507846
1237861128761270272
1237862189223927809
1237862306958036998
1237862808110292992
1237862882445946880
1237863755133775880
1237866561425342464
1237875506701144065
1237882162189238272
1237906391714672642
1237907019195170816
1237910027177951232
1237910582889717761
1237911024738750466
1237913661106077696
1237929481333063680
1237949397977178120
1237950198518865921
1237956511839780867
1237965665866260481
1237965844329762816
1237971395352518656
1237974726192103424
1237976103572180992
1238004843693965313
1238008143155691520
1237712977094217728
1237729760417103873
1241219793186848770
1241277772238131200
1237709194930896896
1238377896529539072
1238446367460274178
1238465083560415232
1237716792874872837
1238434738739740677
1238439221699936256
1238440755724726272
1238434312585912320
1237730286126972928
1237712553553408000
1237734095008006148
1237929616603561985
1238010109554569217
1238018850089828354
1238035484850499585
1238044965386752001
1238045234531119105
1238048374261190656
1238066281926070272
1238068834290077697
1238085823997804549
1238089425156034563
1238143871642750976
1238149640467419136
1238165495188242433
1238207369512988673
1237731945183940608
1237724773632872448
1237783131110989826
1237795452197769216
1237840581432193025
1238139977927720960
1237709934483079169
1237711990610702336
1237712258618347522
1237721463706267648
1237723408798015488
1238220779717828616
1238367581477666816
1238377964443705344
1238609382209978370
1238853753203236866
1241854260066897923
1237710814813081600
1237885679696109576
1237887682178461696
1237715323706580992
1237733458794946562
1237747383972306944
1237790592224149504
1237744523188604929
1237822348218249216
1237711373523697664
1237720432876412931
1237834209844215809
1237723072985214982
1237732892551385089
1237813332918370304
1237814139168468992
1237827522596929537
1237840438796537857
1237852061804326912
1237855702938353665
1237857845430779904
1237928769937117185
1238401162426155008
1237789545531408389
1237925948328157184
1237897626978103301
1238433307852972032
1237745628354154496
1237699138923438082
1237790017742876673
1238798635212701699
1237702053666881536
1238296389517561857
1237721468571615232
1237735399528837120
1237745575388479489
1237982857605283842
1238055007448154115
1239475685426593792
1239481627618816000
1237959044675092481
1237702545964924928
1237763610056830978
1237836693446766594
1237878494400413703
1237841022408740864
1237851318565212160
1238100327989207048
1237729657572798466
1237744699101917189
1237738174639677441
1237748560751398913
1237766503371542529
1238414697164148736
1237818593745743873
1237761766777663491
1237700495243968512
1237700601640878086
1237711190601666561
1237991195726536705
1237702180032983040
1238057452110852096
1237704937267757056
1237701249920835586
1237851289003806722
1237912976180510721
1237703829052948480
1238178259797512193
1237710588853342214
1237699327751045120
1237700469365112835
1237709415081533440
1237706723609186310
1237704259745038337
1237710677084704768
1237714203684806656
1237796751358255106
1237862691982565376
1237863120778870786
1237865505181954049
1237796946011721731
1238030756007555072
1238178571518083074
1237712580627529728
1237730542306635777
1237736277178494976
1237736676665024513
1237737654885789696
1237740528525103104
1238030506249326594
1238045954953162753
1237702355098972160
1237741445999550469
1237790162425393154
1237702786332098560
1237706312995217409
1237716899183636480
1237888317997248514
1237702096771842048
1237704345375977472
1237734312042270724
1237787694178197505
1237817507697905664
1238030360623095809
1237706363058491392
1237702619121975297
1237743742729191424
1237722157075124224
1237699277226479617
1237707239764434945
1237707849129746436
1237705825579413504
1237702191345000449
1237734575545225216
1237716735001837568
1237720033939390469
1237725706643279873
1237743652170010626
1237744248818196482
1237707350837952514
1237736022559133697
1237737986269249536
1237707798974279681
1237708389322559488
1237808805737611264
1237809634322325505
1237838521790074880
1237790004744683521
1238242568032436234
1238243210801152007
1237702487588638720
1237714937386094597
1237885833652211712
1237700518178443264
1238061778019536896
1238118064039829506
1237703747935100928
1237715411371790336
1237747689137324033
1238222399595741184
1237738945070477313
1237978497873821697
1238233157880741894
1237705509286948864
1237728606274686976
1237798031375949827
1237762442924642304
1237772555219599360
1237863231470702594
1237863445854216193
1237700549560143872
1237995912758263808
1237998186935001088
1238254863324188704
1238311154117742593
1238129212961284096
1238133970480640000
1237728650625200128
1237786855795539968
1237786540639739904
1237786291170947073
1237988095657750528
1237760214839046145
1237704019851821056
1237707432807337984
1237722930261491712
1237711441668509698
1237769257255124995
1237857462876807168
1237885427341651975
1237901080928776194
1237958171035152384
1237979006429016066
1237887043062992896
1238200298340040711
1238212387599245317
1238250048024166403
1238216517239611396
1238217676478189568
1238220297473572864
1237707414650023936
1237966039968894977
1237699309530796033
1237703410335481858
1237704342070837254
1237705830981566464
1237705854062821377
1237707656426553345
1237720232724254723
1237724573476573184
1237732677366812675
1237737708618944513
1237752268470079489
1237927304220868608
1238065651106951168
1237708157989859333
1237733587216105477
1237835321674477568
1237966700760498178
1237717524885712898
1237719050983215106
1237719881153490944
1237720152734605314
1237700657089576960
1237703603441340417
1237703670839607296
1237703995822682113
1237704190476144640
1237704313037885442
1237704440053891073
1237704464800403456
1237704514301460482
1237704584530923521
1237704776105721857
1237704778647588869
1237704808854847490
1237704956037287936
1237704993442062337
1237705123478089729
1237705124195241987
1237705198023389185
1237705273336365056
1237705323005296640
1237705443629248513
1237705711343280128
1237705904730116096
1237705952113102850
1237706160628785152
1237706384034148355
1237706414241591302
1237706524673392640
1237706666809884677
1237706950529429504
1237706963301130240
1237707046784548864
1237707098772975616
1237707115495653377
1237707202330271746
1237708572647096320
1237708633074544640
1237708803128340480
1237708893456867332
1237708995797889025
1237709773547716613
1237709786512347138
1237709990066085889
1237710001449426947
1237710010727239680
1237710188427251712
1237710366660071424
1237710435404652545
1237718877745876992
1237719665008410624
1237720269470478337
1237722936187985920
1237723169244327936
1237725092618084352
1237729655530172416
1237745314028834816
1237746159118155782
1237752505771139074
1237754365643022337
1237757675959705600
1237768503781928961
1237774280663932928
1237774724459122691
1237785046553157634
1237786765978673152
1237789319496118274
1237797769806581767
1237801147366285312
1237823207178039301
1237832551907155969
1237889641061154816
1237910012774813702
1237932826634465287
1237943030465904647
1237984319815245825
1237700694808973313
1237720244833017858
1237709319744913408
1237712269112479745
1238064849659273216
1237705122391756800
1237965650993328128
1238049319074357250
1238869636004921350
1237805229518794756
1237811253965357058
1237703790758895616
1237704054765244416
1237704118266888192
1237699120980267013
1237699689358729218
1237699707419402240
1237699720216285191
1237712680141668353
1237699767603519488
1237855212380942337
1237856354250833922
1237857638622228482
1237858963388948481
1237866812693348352
1237907508062310400
1238173986644787210
1237917238100967426
1238034217851924480
1239096822485921795
1239129735201984512
1239158243248812033
1237873173128818698
1238108980989300737
1238224721214390272
1238196870381477888
1238224794203623425
1237699866769457152
1237699974575554560
1237700151436808192
1237700157065617409
1237700191828017152
1237700285432303616
1237700353510068225
1237700522989281280
1237700565829849089
1237804519402213376
1237809443880022023
1237858852319592453
1237797364305256448
1237797396119158785
1242999234128904196
1243000220981637120
1237708741086232577
1237710578602344448
1237966271666405376
1237866776194670592
1238553131488813057
1237798003446026241
1237804093286100998
1240004836738899974
1240005312398196740
1237746703001948160
1237745293334130688
1239780992933597188
1239786908294799360
1237758463167598594
1237758704071643139
1237761065020162050
1237761464544395265
1237762350943539201
1237778631918837760
1237789292291854336
1237833123808804866
1238034102365847552
1238035493734006789
1238036381869498368
1238038729182318592
1237699365507969025
1237699729166827520
1237700717600747521
##1238552778076807177##
1238538646795550720
1238540278040010753
1238540617535369216
1238541364360552448
1238541603322634247
1238552778076807177
1238541272312434696
1238540862000435201
1238542160171057155
1238542509518749699
1238543574968537090
1238543803184754690
1238539033791410177
1238539555130748934
1238540900608946176
1238540968124653568
1238541114463920128
1238541360384401409
1238539200108118017
1238540278828601345
1238539166507507716
1238539449799258114
1238762094058708992
