##1237451529688436746##
1237451529688436746
1237451536931979264
1237451541172424709
1237451550227869696
1237451560520646657
1237451564190707712
1237451569253187584
1237451573019770887
##1237847357317771268##
1237847357317771268
1237847370018074627
1237847392289841152
##1237728526440312835##
1237728526440312835
1237728528067633152
1237728529669816323
1237728531976781824
1237728533717422084
1237728535571243008
##1236971227773841413##
1236971227773841413
1236988023243517954
1236989271694688257
1236990105765756928
1236992925508055040
1236988246552457216
1236990577188704257
1236974801950060544
1236975175016554496
1236971700568428544
1236971795238006784
1236983810836901888
1237008538565840898
1237097043199496193
1236971578023456768
1236973609647607808
1236973973096849409
1236975773585756160
1236975850962157570
1236979211744825345
1236983062476607494
1237123711582560257
1237292540921032704
1236978402495733760
1237013820889018370
1237096316712468480
1236977819760107521
1236973085208838144
1236985393960177665
1236978497949708293
1236973686739152903
1237046590952669184
##1237027758229852165##
1236991198771974145
1236994543213588481
1237066984040419329
1237057915711901697
1237242972946735104
1236991736225894400
1236991943915327488
1236992382245232642
1236994515401084929
1236994808733995009
1236994919375474690
1236995116205826051
1236999197565562882
1237003012696088581
1237005216530268160
1237006273016737792
1237011520313327622
1237011575690706945
1237012024598712321
1237014352491728897
1237031777023283207
1237037018875670528
1237038384872329216
1237056339161108482
1237060079876296704
1237073288301621248
1237074644588539904
1237105068614262784
1236993543283097601
1236995092164075528
1237016468237111296
1237074774527967233
1237027758229852165
##1237127741516009472##
1237021824036278272
1237022215352258560
1237023549275156485
1237024251225530370
1237024744404398081
1237025617264205824
1237026559711760385
1237030101272969216
1237053273632366593
1237055570441654274
1237233270712082433
1237045374101131265
1237046062860447747
1237056702672928770
1237024474265980931
1237045780286001152
1237037321469546497
1237082932965265408
1237146463261675533
1237026445152653312
1237068045484544000
1237106550596153346
1237133487494307841
1237133666557591552
1237142456048771072
1237235746412662784
1237265275139100672
1237283347849793537
1237337343725424645
1237345170372386818
1237022656890839040
1237128302730661888
1237128634302955521
1237129336647532545
1237129746384896008
1237130105853444096
1237024250210418688
1237024734258348032
1237138881511936000
1237352316338155520
1237028591432617991
1237023767840411653
1237023144243875840
1237025038236364800
1237025636348297218
1237074209156804609
1237115855437258757
1237028183653957635
1237052609091055616
1237059332677697537
1237065227591614470
1237030918939910144
1237037415249915904
1237120788538548226
1237025568211771392
1237127741516009472
##1237424418445578241##
1237424418445578241
1237424671542448132
1237424781135413253
1237424896944361473
1237424981270761473
1237425011033587712
##1237488831512875010##
1237488831512875010
1237859807446462471
##1237544612186611719##
1237544612186611719
1237544615076483073
1237544617924374528
1237544620575166466
1237545451378708485
1237545454151159808
##1238439287710003200##
1238439287710003200
1238439565339308032
