##1242589186777059330##
1242589186777059330
1242589886454149120
##1244369670095978497##
1244369649749372928
1244369670095978497
1263337304418107394
##1240768461602721793##
1240768461602721793
1240769309867155456
##1242117975047639046##
1242117975047639046
1242200929564270597
##1240768404178505728##
1240768404178505728
1240768772476219392
1240769186294571013
1240777184144502786
1240785826201690118
1240781117827006465
1240889918957682688
1240768627021877251
1240768925715046406
1240769272609230848
1240770977597919234
1240771018047840257
1240771525839642624
1240776404175917058
1240776473008640000
1240778673931849730
1240780211899285504
1240783410437767170
1240809976161017857
1240873205558128641
1240894569459470338
1240898514525306880
1240770105581211648
1240770578056974338
1240826437915103233
1240882610961776641
1240897571322761216
1240923515739607041
1240925419815272448
1240942931931992065
1240985254980132864
1240990825317904385
1240991271549833217
1241110760782204939
1241006443408621569
1241007667570565120
1240778336126865410
1240781486300815360
1240783445623742464
1240794359622221830
1240848967430217728
1240999408721895425
1241265489365663745
1241296862348324865
1240791617822490625
##1245116756265443331##
1245103150991884288
1245116756265443331
1245117339055673344
1252602568880111616
