##1254470299250126849##
1254470299250126849
1254470829385056260
##1255829628507361280##
1255829628507361280
1256175813822726149
##1253755425062825988##
1253755425062825988
1253755611663290368
##1253791289994248195##
1253791289994248195
1253797904969535488
##1254498481856827392##
1254498481856827392
1254594256196550657
##1253763961872363520##
1253763961872363520
1253807747117780993
1253765118313316355
1253801622033096705
1254048508543266816
1253764233310994433
1253764234745430027
1253765461185105922
1253898375608631298
1254023139408801793
1254048556752744451
1254048661656526849
1254049349245386752
1254077628547575810
1254080606226579457
1254081244654174208
1254082327187263491
1254088087799504901
1254088401051168768
1254096330617548800
1254097980153565187
1254101964469817350
1254109166781816836
1254110826438561792
1254114339948240899
1254167124270030848
1254172934534553602
1254230615693520896
1254508945068249095
1254522396939345921
1254631596893679616
1255182546570293259
1255205066669252608
1257637633708064768
1258438063577063424
1254050691384930304
1254076028890333187
