##1234191248803717120##
1234188420366372864
1234190764944609281
1234191248803717120
1234196550118789120
1234188831634739207
1234192450089975808
1234243502114033664
1235317658981216256
1234188579343130624
1234188626713612289
1234189076024176641
1234189312817844225
1234208460016947201
1234208849848086529
1234208913035350016
1234208929414090754
1234228145055727617
1234230850276986881
1234259029842702339
1234188786034147328
1234188884478656514
1234188944788639745
1234189214838861825
1234190015703461892
1234191898618843139
1234192508093116416
1234262104485572608
1234328195052298241
1234352708649472001
1234370134346731521
1234436185101131777
1234443198845587456
1234468925703905282
1234576776212426753
1234701825271586817
1234193684817686528
1234202149602709504
1234204151724355585
1234205881639821315
1234189794563022853
1234207151259815939
1234189370363699201
1234191407415537667
1234191783300620288
1234203721283715072
1234226056284049408
1234306203603349504
1234355878817681408
1234472052486221824
1234536505839931393
1234189012480466945
1234189722634850306
1234239487728898048
##1244399244846354432##
1244399244846354432
1244412936485044230
1244432871881879555
1244522531220074496
1244425188399362049
1244560818395648000
