##1251586753246494721##
1251586753246494721
1251587384644337667
1251588190705680386
1251642413199786004
##1252192224122671104##
1252191495760871424
1252191499598671874
1252192224122671104
##1252224709678202881##
1252224709678202881
1252225411833933825
1252231221079236619
1252256625718693889
1252231011691159553
##1253036192209256448##
1253036192209256448
1253037474227671041
1253044219540844544
1253050047173885953
1253051493382569990
##1252204390682951683##
1252204390682951683
1252306275683229701
1252396671331233793
##1252431961659850752##
1252431961659850752
1252432320037974017
1252463262505078790
