##1250405314907779072##
1250405314907779072
1250439558329597953
1250468693521371138
1250494416319590400
##1248751196489293826##
1248751196489293826
1248768202424934402
##1248751875203219456##
1248751875203219456
1248754291814338563
1249060581098881025
1249080043663437824
1249337536780140544
1248796249886789634
1249095677688328193
1249117870497378309
1249389727083626496
1249127553778024449
1249232378507255808
1249231475129671681
##1256000636908339201##
1255992404542447616
1256104043564367873
1255992613724880896
1255992685212680194
1255992907770875905
1255993046631624704
1255993347665264640
1255996250211655680
1256187233234751488
1256014585435471872
1256000925296209922
1256016296438829057
1256019154534096898
1256053441438326786
1256045680071770112
1256146748839510017
1256155022204768256
1256154766788497408
1255993900038270978
1255992829744201728
1255994563996659712
1255999856944037895
1256008149439516673
1255998414422245378
1256021431206457348
1256039379874742272
1255992953190993920
1255996736541208577
1256009633409490946
1256210021379198977
1255995359324786689
1255994238367666176
1255993044047998976
1255994362548424706
1255994711019606017
1256023019375464448
1256028160057114625
1256055579937837058
1255992499656630274
1255992547752771584
1255992553478000650
1255992634046320641
1255992724093796352
1255992789613101059
1255992937667874819
1255992943510503426
1255992961042722816
1255993090445389826
1255993514619473921
1255993652494696459
1255993862256033792
1255994487547015180
1255994506106847232
1255994812005847041
1255995309110460417
1255995880722903040
1255996953835589638
1255997210082377729
1255998275947282434
1256078280370933760
1255998875116208129
1256001372539031552
1256002102465347590
1256002725294243840
1256002862615875585
1256002960133427207
1256003366418817025
1256006944055312384
1256007784518352897
1256009672131305472
1256009851987255299
1256010569695535104
1256011986984370181
1256012735382462470
1256014281767878657
1256016823331495940
1256018258433540096
1256024365361238027
1256027086977929216
1256030216209813504
1256056428994977793
1256080106436677637
1256107276445921280
1256147108312342528
1256214024305414144
1256272617947959299
1256326964287135745
1255993299325911043
1256148776693182464
1255992984975421441
1256004106113765376
1256316069477670913
1256318910682615809
1256021024119959554
1256028931792216067
1256072089649496065
1256016555286159360
1256017292334415872
1255998532475117568
1255992747091247104
1256147335836508161
1255994172806496256
1255999829760753664
1256013256684195840
1255996161858699266
1255992510255693825
1255996050529234946
1255992599372083206
1255993586883141635
1255993711642763264
1255993825853612032
1255992549359132676
1255992583978975239
1255992600357715968
1255992628560224260
1255992640195244032
1255993064650354688
1255993366761951235
1255993964089552896
1255995924561698819
1255996617116856320
1256000295143976961
1256001063057936384
1256005424165326849
1256006869463764992
1256011011041230850
1256022488838017026
1256022877079552003
1256025436296970240
1256025971226030085
1256029480805687298
1256031363884634113
1256033752238764033
1256037984845078535
1256046449588162561
1256066825676357636
1256078170673070081
1256111329175392266
1256126084711624704
1256148128673214467
1256202032471576576
1256253050903318529
1256300398551465984
1255992936346591232
1255998774503227398
1255999163294035968
1255992533173317633
1255996101922115584
1256014137655787520
1255999931925630976
1256000577777078274
1256014832895213568
1256036588188061696
1256213555201835016
1256000636908339201
1256001498103848960
1256002530053697536
1256119494394605568
1256133842139779077
1256000474731483137
1256150317386825728
1256001483046375429
1256149425224810496
1256002347811188743
1255998476464373765
##1256000925296209922##
1255992404542447616
1255992613724880896
1255992685212680194
1255992907770875905
1255993046631624704
1255998532475117568
1255992953190993920
1255996736541208577
1256009633409490946
1256210021379198977
1256316069477670913
1256318910682615809
1255999829760753664
1256013256684195840
1256021024119959554
1256028931792216067
1256072089649496065
1255992984975421441
1256004106113765376
1255993347665264640
1255996250211655680
1256187233234751488
1256014585435471872
1256000925296209922
1256016296438829057
1256019154534096898
1256053441438326786
1256045680071770112
1256146748839510017
1256155022204768256
1256154766788497408
1255993900038270978
1255992829744201728
1255994563996659712
1255999856944037895
1256008149439516673
1255993299325911043
1256148776693182464
1255998414422245378
1256021431206457348
1256039379874742272
1255992747091247104
1256147335836508161
1255994172806496256
1256214024305414144
1255995359324786689
1255993044047998976
1255994362548424706
1255994711019606017
1256023019375464448
1256028160057114625
1256055579937837058
1255992499656630274
1255992547752771584
1255992553478000650
1255992634046320641
1255992724093796352
1255992789613101059
1255992937667874819
1255992943510503426
1255992961042722816
1255993090445389826
1255993514619473921
1255993652494696459
1255993862256033792
1255994487547015180
1255994506106847232
1255994812005847041
1255995309110460417
1255995880722903040
1255996953835589638
1255994238367666176
1255997210082377729
1255998275947282434
1255998875116208129
1256001372539031552
1256002102465347590
1256002725294243840
1256002862615875585
1256002960133427207
1256003366418817025
1256006944055312384
1256007784518352897
1256009672131305472
1256009851987255299
1256010569695535104
1256011986984370181
1256012735382462470
1256014281767878657
1256016823331495940
1256018258433540096
1256024365361238027
1256027086977929216
1256030216209813504
1256056428994977793
1256078280370933760
1256080106436677637
1256107276445921280
1256147108312342528
1256272617947959299
1256326964287135745
1256016555286159360
1256017292334415872
1255996161858699266
1255992510255693825
1255996050529234946
1255992599372083206
1255993586883141635
1255993711642763264
1255993825853612032
1255992549359132676
1255992583978975239
1255992600357715968
1255992628560224260
1255992640195244032
1255993064650354688
1255993366761951235
1255993964089552896
1255995924561698819
1255996617116856320
1256000295143976961
1256001063057936384
1256005424165326849
1256006869463764992
1256011011041230850
1256022488838017026
1256022877079552003
1256025436296970240
1256025971226030085
1256029480805687298
1256031363884634113
1256033752238764033
1256037984845078535
1256046449588162561
1256066825676357636
1256111329175392266
1256126084711624704
1256148128673214467
1256202032471576576
1256253050903318529
1256300398551465984
1255992936346591232
1255998774503227398
1255999163294035968
1255992533173317633
1255996101922115584
1256014137655787520
1255999931925630976
1256000577777078274
1256014832895213568
1256036588188061696
1256213555201835016
1256000636908339201
1256001498103848960
1256002530053697536
1256119494394605568
1256133842139779077
1256000474731483137
1256150317386825728
1256001483046375429
1256149425224810496
1256002347811188743
1256078170673070081
1255998476464373765
##1256001483046375429##
1255992404542447616
1256104043564367873
1255992613724880896
1255992685212680194
1255992907770875905
1255993046631624704
1255992984975421441
1256004106113765376
1255993347665264640
1255996250211655680
1256187233234751488
1256014585435471872
1256000925296209922
1256016296438829057
1256019154534096898
1256053441438326786
1256045680071770112
1256146748839510017
1256155022204768256
1256154766788497408
1255993900038270978
1255992829744201728
1255994563996659712
1255999856944037895
1256008149439516673
1255998414422245378
1256021431206457348
1256039379874742272
1255992953190993920
1255996736541208577
1256009633409490946
1256210021379198977
1255995359324786689
1255994238367666176
1255993044047998976
1255994362548424706
1255994711019606017
1256023019375464448
1256028160057114625
1256055579937837058
1255992499656630274
1255992547752771584
1255992553478000650
1255992634046320641
1255992724093796352
1255992789613101059
1255992937667874819
1255992943510503426
1255992961042722816
1255993090445389826
1255993514619473921
1255993652494696459
1255993862256033792
1255994487547015180
1255994506106847232
1255994812005847041
1255995309110460417
1255995880722903040
1255996953835589638
1255997210082377729
1255998275947282434
1256078280370933760
1255998875116208129
1256001372539031552
1256002102465347590
1256002725294243840
1256002862615875585
1256002960133427207
1256003366418817025
1256006944055312384
1256007784518352897
1256009672131305472
1256009851987255299
1256010569695535104
1256011986984370181
1256012735382462470
1256014281767878657
1256016823331495940
1256018258433540096
1256024365361238027
1256027086977929216
1256030216209813504
1256056428994977793
1256080106436677637
1256107276445921280
1256147108312342528
1256214024305414144
1256272617947959299
1256326964287135745
1255993299325911043
1256148776693182464
1256021024119959554
1256028931792216067
1256072089649496065
1256016555286159360
1256017292334415872
1255998532475117568
1255992747091247104
1256147335836508161
1255994172806496256
1255999829760753664
1256013256684195840
1255992510255693825
1255996050529234946
1255992599372083206
1255993586883141635
1255993711642763264
1255993825853612032
1255992549359132676
1255992583978975239
1255992600357715968
1255992628560224260
1255992640195244032
1255993064650354688
1255993366761951235
1255993964089552896
1255995924561698819
1255996617116856320
1256000295143976961
1256001063057936384
1256005424165326849
1256006869463764992
1256011011041230850
1256022488838017026
1256022877079552003
1256025436296970240
1256025971226030085
1256029480805687298
1256031363884634113
1256033752238764033
1256037984845078535
1256046449588162561
1256066825676357636
1256111329175392266
1256126084711624704
1256148128673214467
1256202032471576576
1256253050903318529
1256300398551465984
1255992936346591232
1255998774503227398
1255999163294035968
1255992533173317633
1255996101922115584
1256014137655787520
1255999931925630976
1256000577777078274
1256014832895213568
1256036588188061696
1256213555201835016
1256000636908339201
1256001498103848960
1256002530053697536
1256119494394605568
1256133842139779077
1256000474731483137
1256150317386825728
1256001483046375429
1256149425224810496
1256002347811188743
1255998476464373765
##1255998414422245378##
1255992404542447616
1256104043564367873
1255992613724880896
1255992685212680194
1255992907770875905
1255993046631624704
1255993347665264640
1255996250211655680
1256187233234751488
1256014585435471872
1256000925296209922
1256016296438829057
1256019154534096898
1256053441438326786
1256045680071770112
1256146748839510017
1256155022204768256
1256154766788497408
1255993900038270978
1255992829744201728
1255994563996659712
1255999856944037895
1256008149439516673
1255998414422245378
1256021431206457348
1256039379874742272
1255992953190993920
1255996736541208577
1256009633409490946
1256210021379198977
1255995359324786689
1255994238367666176
1255993044047998976
1255994362548424706
1255994711019606017
1256023019375464448
1256028160057114625
1256055579937837058
1255992499656630274
1255992547752771584
1255992553478000650
1255992634046320641
1255992724093796352
1255992789613101059
1255992937667874819
1255992943510503426
1255992961042722816
1255993090445389826
1255993514619473921
1255993652494696459
1255993862256033792
1255994487547015180
1255994506106847232
1255994812005847041
1255995309110460417
1255995880722903040
1255996953835589638
1255997210082377729
1255992984975421441
1256004106113765376
1255998275947282434
1255998875116208129
1256001372539031552
1256002102465347590
1256002725294243840
1256002862615875585
1256002960133427207
1256078280370933760
1256003366418817025
1256006944055312384
1256007784518352897
1256009672131305472
1256009851987255299
1256010569695535104
1256011986984370181
1256012735382462470
1256014281767878657
1256016823331495940
1256018258433540096
1256024365361238027
1256027086977929216
1256030216209813504
1256056428994977793
1256080106436677637
1256107276445921280
1256147108312342528
1256214024305414144
1256272617947959299
1256316069477670913
1256318910682615809
1256326964287135745
1255993299325911043
1256148776693182464
1256021024119959554
1256028931792216067
1256072089649496065
1256016555286159360
1256017292334415872
1255998532475117568
1255992747091247104
1256147335836508161
1255994172806496256
1255999829760753664
1256013256684195840
1255992510255693825
1255996050529234946
1255992599372083206
1255993586883141635
1255993711642763264
1255993825853612032
1255992549359132676
1255992583978975239
1255992600357715968
1255992628560224260
1255992640195244032
1255993064650354688
1255993366761951235
1255993964089552896
1255995924561698819
1255996617116856320
1256000295143976961
1256001063057936384
1256005424165326849
1255996161858699266
1256006869463764992
1256011011041230850
1256022488838017026
1256022877079552003
1256025436296970240
1256025971226030085
1256029480805687298
1256031363884634113
1256033752238764033
1256037984845078535
1256046449588162561
1256066825676357636
1256111329175392266
1256126084711624704
1256148128673214467
1256202032471576576
1256253050903318529
1256300398551465984
1255992936346591232
1255998774503227398
1255999163294035968
1255992533173317633
1255996101922115584
1256014137655787520
1255999931925630976
1256000577777078274
1256014832895213568
1256036588188061696
1256213555201835016
1256000636908339201
1256001498103848960
1256002530053697536
1256119494394605568
1256133842139779077
1256000474731483137
1256150317386825728
1256001483046375429
1256149425224810496
1256002347811188743
1255998476464373765
##1255998633331359744##
1255995227262894080
1255998633331359744
1256003444588130305
1255996178086453260
1256019654126055424
1255995752427421696
1255997138808512513
1256000413498781703
1255997441641517060
1256230272296722432
1255996162542354440
1255998149543542786
1255998369006223360
1256000900499476481
1256003469049241603
1256000483925336066
1256001569616732160
1256032515216887811
1256034988384026624
1256067310990786560
1256220026006392836
1256259812536401921
1256266598610018304
1255996269333549056
1255996003968331776
1255996380717494272
1255998576674603010
1255998672820744195
1256037202557091841
1256053077557350400
1256067702839488514
1256068749741961216
1256359649059770370
1255996152698351621
1255995474798092290
1255996073195319300
##1253101793057427459##
1253101793057427459
1253107920469987328
##1249067431928254470##
1249067431928254470
1249068528407322634
1249073671085457408
1249143991456718848
1249067828143153153
1249068710809276418
1249166167756988418
1249170154992386054
1249311196450340864
##1249094876911652864##
1249094876911652864
1249121557265424385
1249095744671399942
1249097469528551424
1249099202434445313
1249193745368723464
1249129737232015360
1249103239410110465
1249168344852377601
1249220234877206528
1249267713417101315
1249289845689790465
1249347721775009792
1249097530102726658
1249128528282619904
1249131192575762432
1249097679365459970
1249156586200870914
1249167390405005312
1249221233973104641
1249288633254924289
1249099919878545409
1249111621953130497
1249099106854645767
1249132945329344513
##1249736604962500608##
1249736604962500608
1249737462651351040
1249766066550693888
##1256000032672747521##
1256000032672747521
1256004447437799424
1256004664589418496
1256005279168299009
1256007348264501251
1256008899808935936
##1256000761802211332##
1255992404542447616
1256104043564367873
1255992613724880896
1255992685212680194
1255992907770875905
1255993046631624704
1255993347665264640
1255996250211655680
1256187233234751488
1256014585435471872
1256000925296209922
1256016296438829057
1256019154534096898
1256053441438326786
1256045680071770112
1256146748839510017
1256155022204768256
1256154766788497408
1255993900038270978
1255992829744201728
1255992984975421441
1256004106113765376
1255994563996659712
1255999856944037895
1256008149439516673
1255998414422245378
1256021431206457348
1256039379874742272
1255992953190993920
1255996736541208577
1256009633409490946
1256210021379198977
1255994238367666176
1255995359324786689
1255993044047998976
1255994362548424706
1255994711019606017
1256023019375464448
1256028160057114625
1256055579937837058
1255992499656630274
1255992547752771584
1255992553478000650
1255992634046320641
1255992724093796352
1255992789613101059
1255992937667874819
1255992943510503426
1255992961042722816
1255993090445389826
1255993514619473921
1255993652494696459
1255993862256033792
1255994487547015180
1255994506106847232
1255994812005847041
1255995309110460417
1255995880722903040
1255996953835589638
1255997210082377729
1255998275947282434
1256078280370933760
1255998875116208129
1256001372539031552
1256002102465347590
1256002725294243840
1256002862615875585
1256002960133427207
1256003366418817025
1256006944055312384
1256007784518352897
1256009672131305472
1256009851987255299
1256010569695535104
1256011986984370181
1256012735382462470
1256014281767878657
1256016823331495940
1256018258433540096
1256024365361238027
1256027086977929216
1256030216209813504
1256056428994977793
1256080106436677637
1256107276445921280
1256147108312342528
1256214024305414144
1256272617947959299
1256326964287135745
1255993299325911043
1256148776693182464
1256021024119959554
1256028931792216067
1256072089649496065
1256016555286159360
1256017292334415872
1255998532475117568
1255992747091247104
1256147335836508161
1255994172806496256
1255999829760753664
1256013256684195840
1255992510255693825
1255996050529234946
1255992599372083206
1255993586883141635
1255993711642763264
1255993825853612032
1255992549359132676
1255992583978975239
1255992600357715968
1255992628560224260
1255992640195244032
1255993064650354688
1255993366761951235
1255993964089552896
1255995924561698819
1255996617116856320
1256000295143976961
1256001063057936384
1256005424165326849
1256006869463764992
1256011011041230850
1256022488838017026
1256022877079552003
1256316069477670913
1256318910682615809
1255996161858699266
1256025436296970240
1256025971226030085
1256029480805687298
1256031363884634113
1256033752238764033
1256037984845078535
1256046449588162561
1256066825676357636
1256111329175392266
1256126084711624704
1256148128673214467
1256202032471576576
1256253050903318529
1256300398551465984
1256078170673070081
1255992936346591232
1255998774503227398
1255999163294035968
1255992533173317633
1255996101922115584
1256014137655787520
1255999931925630976
1256000577777078274
1256014832895213568
1256036588188061696
1256213555201835016
1256000636908339201
1256001498103848960
1256002530053697536
1256119494394605568
1256133842139779077
1256000474731483137
1256150317386825728
1256001483046375429
1256149425224810496
1256002347811188743
1255998476464373765
1256000761802211332
1256040503084290049
##1246479349743857666##
1246479349743857666
1246482347563851777
1246482625629429763
1246484073377402886
1246488294747262977
1246505212061376521
##1247622536445210625##
1247622536445210625
1247622550550728706
1247622555130830849
1247624570938540033
1247624575812329473
1247624772353212421
1247624978259902472
1247625761642745858
1247945118063177729
1247945129010302978
1248248824398635008
1249725291867648002
1249725294216437760
1249725296284176385
1249725298234535936
1254797705844592641
1254798404993126400
1254847028305244160
1254847030117249024
1257016256076623873
1258454385899778051
##1248570277136662529##
1248570277136662529
1248600117768314882
1248601009955450880
1248627331855339520
1248614900240240641
##1250064210526179328##
1250064210526179328
1250196348672016384
1250100866872479744
##1250557435972136961##
1250556646830608385
1250606579696762880
1250630815647662082
1250659675051360257
1250559372868161540
1250565360425881600
1250613868008804352
1250557965238706178
1250558495172235265
1250676891742322688
1252588658999336960
1250557435972136961
1250563304654864384
1250563525199769607
1250998782172561408
1250607454758547457
1250563885373042693
1250556875428581376
1250560955488120835
1250564595040817153
1250661995667431430
1250671398785335296
1250681472350027776
1250687322061975552
1250991008365641729
1251082965347708934
1250557511100440576
1250594017705734144
1250615351450230785
1250688009592283136
1250791895439204353
1251048030532403200
1250659380883861506
1250999417588584448
1250627246441758722
1251483552878858240
1250557530603995136
1251493162121650177
##1251611458745413632##
1251611458745413632
1251616581316153350
##1254188733613703168##
1254188733613703168
1254188891063693314
##1254525219089403912##
1254525219089403912
1254577538275262464
##1244394807826550785##
1244394807826550785
1244426308899213312
##1222651846642356224##
1222589166439018503
1222622542411771905
1222621110811922435
1222651846642356224
1222693501885992961
1222590241749585922
1222592504937271302
1222592691982172167
1222636215087878145
1222627269899931648
1223218767586635776
1222802449481654278
##1228713913556008961##
1227243407095058432
1226892099028705280
1225816111956054017
1225506005569679361
1225089627285082114
1224731831599321089
1223739818154373122
1223629619561160704
1223048820033978368
1222960486465052673
1222636913850572800
1222534339671613447
1222137011961761792
1221496660506959873
1221430210228375554
1221156768094543872
1221151126231355394
1221164423131402240
1221169617109909505
1221171447361626113
1221175251498938368
1221176272220557313
1221180753792421890
1221182839275900940
1221189575785222145
1221194341261238275
1221433078310154246
1221435063260282880
1221435943791611904
1221439997234032642
1221441348550758402
1221452099126464512
1221486331693621250
1221487412909682688
1221491084561408000
1221499763398533129
1221808102225403904
1221809039614599169
1221815179706544133
1221816495875010560
1221817383121309697
1221823021624762369
1221823640951496704
1222132703618904064
1222141115626938369
1222142434852904960
1222143353707429888
1222145425102295040
1222147202786758658
1222153181439963136
1222156250986766337
1222265341784535042
1222533149349072897
1222542601695506434
1222542979803553793
1222553557871800322
1222554971511697408
1222557496155549701
1222559089579917313
1222564734802833408
1222569587428020237
1222571143414145024
1222668942939951104
1222671588627271681
1222888155432357891
1222895020132335617
1222896094247440386
1222896986971488258
1222897970170847236
1222902226588332033
1222904954777554946
1223044363644739585
1223045052433342464
1223045154300420096
1223045490700378113
1223045633667366913
1223046027080540161
1223046540496986112
1223046995524440065
1223048081589047299
1223050743218872321
1223051506376679425
1223051758932500480
1223051958258470914
1223052133047644160
1223052339910672384
1223248255351508993
1223250499480231936
1223254724394332161
1223632105063747585
1223634023672578049
1223637843010113536
1223638271172993030
1223727839792463872
1223729877184020480
1223730370522288135
1223732278444142596
1223736742886486022
1224010188841193473
1224011770823692288
1224029851574853633
1224350956202156033
1224363147601072128
1224365010186592259
1224370357257285632
1224378268834566144
1224732573592641538
1224736560622579713
1224746003321978880
1224751011954417667
1224754546062319625
1225067319992504321
1225070833355325440
1225072388913627136
1225087543655485440
1225091507323133952
1225094799885246464
1225100088562896896
1225103494350360577
1225161109025566726
1225492501139742720
1225498609078153217
1225499614444478464
1225504456055365633
1225544533737340929
1225803820485300224
1225806408903512069
1225808599362002944
1225810068505055234
1225811369569722369
1225812532427919360
1225815408013402113
1225815700922605568
1225817035503996929
1225818237981601793
1225819745083109377
1226141329098465280
1226142380694392832
1226146793395834880
1226647353391751168
1226652193501175810
1226655573388746753
1226895676614889472
1226928199013146625
1226931866042806273
1226994220420009985
1226996906494251008
1227002176041553927
1227004654699057152
1227238786091761666
1227239916884484096
1227656423737380865
1227657595231625222
1227659299796725764
1227788870026219520
1228085878301634560
1228090224590434304
1228092228414951438
1228094021618323456
1228265161250742272
1228713913556008961
1228714793449775105
1228717366747566082
1228719014655950848
1229101505984241668
1229101778618265600
1229818472508612608
1229826436581789696
1229828372202696705
1230193849965957122
1230194632346292224
1231405014595362816
1231794892399091713
1231796562398937094
1231800086616825856
1231800950760845313
1231802254103076866
1231804312076115968
1231806008269430784
1231832094348845056
1234330433170612224
1234334118277718016
1235085907897638914
1236308257398030341
1236309058409414663
1236735132008165381
1234533365891698688
1231406755286048770
1231525770725642246
1230195781279342592
1230250684940943362
1229024622978400256
1229100573414297601
1228716612062253056
1228283548504907776
1228331158376722435
1227797646997409801
1227803025303011328
1228051851653910528
1228067827032170498
1227239892742103046
1225811833162027010
1225499833378770946
1227046447947927552
1225191847288504326
1227046695042723843
1235883854910668800
1224378852484567042
1225097261681709061
1223065112543682560
1223247181223809024
1225038248113836032
1224986975092072452
1222157182969569281
1222163318175084544
1223070291439640577
1222149444466020352
1221998988402003970
1225155833471938566
1221948668309315585
1221445748560211969
1223742642992877568
1223837580510334976
1222534294368813056
1223289165456068611
1223289452828745730
1223289303398150144
1225112839750373376
1221907712658804737
1222029151630172161
1222085297774759936
1233425746259038208
1227815121562398727
1223635053672005632
1225749646724780032
##1244761581394759685##
1243712049886244864
1244761581394759685
1243712997064933376
1243714945356910596
1243755497473351680
1243758873980416007
##1246490285795934209##
1246490285795934209
1246532820417290240
##1246574433717936129##
1246574433717936129
1246733350137663488
1258681347893321728
1246578441337688064
1246731720386281472
1246574808508370945
1246612853257371651
1246678476708556805
1246908486514102274
1246590948513062920
1246578476762705920
1246615545094569986
1246577542406045700
##1248381825925300231##
1248381825925300231
1248381848540995592
1248381853028855808
1248648049087389697
1248539168986353665
##1250457262864424960##
1250457262864424960
1250460449172316161
##1251614323790749696##
1251614323790749696
1251617723278340097
1251618459462631424
1251621093070209026
1251614864012906500
1251619022606675968
##1251928120661327873##
1251928120661327873
1251928769897660422
1251959643854835713
##1253517329201270785##
1253491927405731841
1253502219649011712
1253519652732403713
1253522302844768258
1253681001450164225
1253507153660346369
1253519781187248128
1253517329201270785
1253519890797006848
##1248733747010207744##
1248733747010207744
1248734780709056513
1248734975790366724
1248742942556196864
1248734191552008196
1248761779657879555
1248769725993230343
1248734447383576577
1248736981431005197
1248737428409651200
1248739783205158912
1248747715334475776
1248757516022005760
1248758487053672448
1248872928516739073
1248875659298058241
1248883179714469890
1248960070446125057
1249049460207992843
1249072184884068352
1249331209576099840
1252963718104842241
1248735362253557766
1248739039135621121
1248749373816811520
1248741228885262336
1248760887386800129
1248737981445419008
1248779458091397120
1248870250893869056
1248871460552278016
1248883766250143744
1249119712325373953
##1249473327481131014##
1249254172312166400
1249256631604559872
1249287829773004800
1249316506393030657
1249254861008515075
1249262060891930626
1249263443166846977
1249276248137891842
1249288839685955585
1249302779178496000
1249308978875695105
1249316012501147650
1249319925690359808
1249332445587091456
1249348309124362240
1249361356068970498
1249361447135649792
1249402150008078338
1249421600413356032
1249427609773117441
1249461035582525440
1249465711384297479
1249484169232736258
1249514779355557888
1249524364518871042
1249614537332064256
1249657542734745602
1249256872739246080
1249279853691535360
1249257441293991937
1249261835611779072
1249274378094817280
1249281149156962305
1249285659669512193
1249309613608046594
1249346207916400640
1249406781266300929
1249650114907574272
1252248526228160512
1249473327481131014
##1249724139344191495##
1249724139344191495
1249724586687705089
1249725105539665921
1249725363607003137
1249725638661017601
1249726389315649536
1249727267972042752
1249728947186737155
1249733767213834240
1249752425524797441
1249752753381019654
1249795213830295554
1249805315245301760
1249976158298542080
1249989327096078336
1250009100508938241
1250965711431892999
1249726479849730049
1249746353183494144
1249805895565037570
1249806801304014855
1249733277377679365
1249726961301282820
1249725382007414785
1249727092360646656
1249729974497574914
1249732202532868099
1249757737350844417
1249933258231595008
1250428410419011585
1249726197120065541
##1243957491731501056##
1243957491731501056
1243957560195067904
1243957631213088770
1244163028830085120
1243964274713624576
1244488346526777345
1245708425679581184
