##1253754986196013057##
1253754986196013057
1253757700607021056
1253760171173711874
1253893548900057093
1253764887131623426
1253762092307492865
1253755479291047936
1253832827080187904
1253757905804898304
1253759154872897537
1253761546351775744
1253755788683874304
1253771859151204355
1253755842014437388
1253755345450696704
1253755169487163392
1253755506369445890
1253756258479472640
1253755565228134403
1253759272242077701
1253763555821748227
1253765673798508545
1253767865242718213
1253775177810358272
1253797248468738048
1253818768825835520
1253818946773495808
1253756395083698177
1253767243898421250
1253772212265463814
1253805947035795461
1253755130501107712
1253755786683199488
1253756479515119618
1253755271710756865
1253755356385345537
1253755599432617991
1253756624709267456
1253783413687037952
1253833280841023494
1253823440286556160
1254054124741693440
##1253766797213532168##
1253766797213532168
1253770818217291781
##1246921888141639681##
1246921871456641026
1246921874493321220
1246921877886566402
1246921881216634881
1246921885033603072
1246921888141639681
1246921891404791811
1246921895083233284
1247143006861492230
1247180606397693953
1247219667950874635
1247226979000123393
1247281678449549317
1247309988936192002
1247869142234992640
1247880716710486016
1247892203642302465
1247893261550641167
1247868800286023680
1247221160305201160
1247266559195779076
1247087419352113157
1247105517077626882
1247214027123589121
1247208808553775107
1247198652722024450
1247231168237404160
1247257550841577476
1247350859723419650
1247354392849899520
1247358566954143744
1247516108065771520
1246922370973151235
1247137858433015808
1247249100267012099
1247250002436636673
1247250209798643713
1247143250516983808
1247115200081408000
1247320141832085505
1247105330443673600
1248722949923880960
1247119276303147008
1247137420337971202
1247511943235227648
1247081908741300224
1247106969766428672
1247184044447666176
1247101568597610496
1247319220284784640
1247373782261645312
1247392314332454917
1247112292690530305
1247136278996451329
1247212469644386304
1247074765170507777
1247076419353657344
1247107459187163138
1247143363452829698
1247124703006937090
1247236886541844481
1247049533361737729
1247158139884949510
1247183641282785284
1247088425892818945
1247129917264969729
1247136687962161152
1247226971601371137
1247141373045805057
1247093358989803520
1247124153469206530
1247333111828013063
1247161257309790209
1247120314322075649
1247220570539753472
1247274436035739650
1247181156279255041
1247237184828121088
1247380227682172928
1247064588459311105
1247157080718368774
1247419300056530944
1247533385225920514
1247114901149175808
1247038457073074179
1247078035217670144
1247044951625601024
1247068497521397760
1247088064876482561
1247154307964604416
1247186994175922178
1247203668560089089
1247342196581433344
1247076288063574018
1247081559196422145
1247168149721624576
1247275485882732549
1247291302070439936
1247266000371933186
1247302343156281345
1247110705603543041
1247169204102496258
1247247833302007808
1247156326716723201
1247064298779824130
1247102028628836355
1247131798691291136
1247062257474752512
1247186354628329473
1247108723610443782
1247165737720037376
1247076830554750976
1247093092790013952
1247097123071504385
1247101591460745216
1247159306983575553
1247169061873692673
1247181660841480192
1247204867002769409
1247212652025257985
1247242555496050689
1247274037342060544
1247292812607074306
1247305897631678465
1247315346727546881
1247318549250682886
1247329097669361664
1247336506030796801
1247379735182802945
1247394028909453312
1246923942100697089
1247357773735739394
1246925853277200387
1247024205755006976
1247066868399190021
1247243777384812552
1247309558667718658
1247106534288564225
1247111374217584640
1247279458551238657
1247304993121714179
1247309311514234886
1247344459823681537
1247357299611570177
1247363896509370369
1247069023206072321
1247087081974910979
##1246922721910501377##
1246922597650042882
1246922721910501377
1246922885677146114
##1246210389366407171##
1246113197666586624
1246124921882902528
1246161401443467264
1246143126848319490
1246183606210433025
1246191585299177475
1246193680400240641
1246141639086800897
1246403789504098304
1246153272307703808
1246399032072835074
1246119379466682371
1246261922095403010
1246296579067256833
1246367717151723520
1246399906836774912
1246437164797263872
1246132645555306497
1246132998229110785
1246139831979311106
1246140035864375296
1246141600696356864
1246150201997430785
1246216443160559617
1246220024127328262
1246250250542727168
1246267756896497664
1246386447877386240
1246365205938003969
1246426240514437121
1246114118731476992
1246119762024857600
1246124099908317185
1246128451989508102
1246135275312623618
1246137510008324097
1246153413039136768
1246166800775229443
1246268108601470976
1246371500153884672
1246371758355202048
1246412357187899394
1246422704456114176
1246429289265979395
1246437436084891648
1246437490677989378
1246437579463016449
1246446832303190017
1246465970685779968
1246191078010740738
1246191551258267648
1246194663247302657
1246136745327984640
1246139001670717442
1246203175406833666
1246255134000189441
1246327057463861248
1246402026596175872
1246402592588120065
1246119292317380609
1246136462409695233
1246136488124915712
1246139550516293632
1246140856010235906
1246148339655233544
1246148484094443525
1246160677133303814
1246166938658750465
1246178088217690113
1246190710140911616
1246191279890931720
1246191772704833536
1246192704180178945
1246193021391118337
1246193253545922560
1246193536413958144
1246193727464443911
1246193845911552001
1246194091253207040
1246194277975306241
1246194506178969600
1246196300959436803
1246200786482331650
1246230813013729285
1246235597246738432
1246255785631535105
1246260414297583622
1246267064425332742
1246280861777100805
1246302844380209153
1246314273158115328
1246315966079827968
1246316354904432640
1246316607284142080
1246317509340549120
1246318060656570368
1246319239667089409
1246331439274131456
1246335171495944192
1246357110667071488
1246358182064250880
1246374193714823170
1246377096244535296
1246377172060733444
1246377244248944640
1246377529025404928
1246377775419871232
1246379750488190978
1246380630671265792
1246384820969787392
1246385465063858176
1246386316301959168
1246387153166315522
1246387390366846977
1246388119798235136
1246388585173049344
1246389152591028229
1246390938378919939
1246392726427492353
1246393909170909184
1246395807508635648
1246396997264986113
1246400762030292993
1246404353373724672
1246406842718261249
1246409324408311808
1246412512846905345
1246413932241264640
1246420170995838979
1246427745736933377
1246428913246535680
1246429512667185152
1246430478539862018
1246430992530841602
1246432192001171456
1246433127008030721
1246434768654385152
1246435170221203463
1246436595357700096
1246436921024417792
1246440162407731205
1246455350372548608
1246455511156961280
1246476446819856386
1246484251937251328
1246636600831946752
1246113491154612225
1246113524092416001
1246113948555972611
1246113949927514115
1246113991623094272
1246114132652437507
1246114235014434817
1246114392011345920
1246114412047540224
1246114652897107971
1246114673956728839
1246115031340789761
1246115077230678020
1246115116782927874
1246115149968277505
1246115320382861319
1246115342054760451
1246115367203864577
1246115406345113600
1246115407712395264
1246115566986936321
1246115591808827396
1246116266018050049
1246116380249927680
1246116539260076039
1246116573267611651
1246116704037543938
1246116776120909824
1246116783779647488
1246116939082223621
1246117012113436685
1246117227331534848
1246117403097956352
1246117537626144768
1246117574875795461
1246117790387507200
1246118435760807942
1246118556149985280
1246118659254337538
1246118707304243200
1246118740325994496
1246118900493963269
1246119072745558018
1246119234129756161
1246119259656290304
1246119459326230530
1246119945781510145
1246120064358715395
1246121188507684871
1246121412747759624
1246121477256163328
1246122087225360384
1246122463966253059
1246122818904956928
1246122878900285446
1246210389366407171
##1246216432981102597##
1246113197666586624
1246124921882902528
1246161401443467264
1246143126848319490
1246183606210433025
1246191585299177475
1246193680400240641
1246141639086800897
1246403789504098304
1246153272307703808
1246399032072835074
1246119379466682371
1246261922095403010
1246296579067256833
1246367717151723520
1246399906836774912
1246437164797263872
1246132645555306497
1246132998229110785
1246139831979311106
1246140035864375296
1246141600696356864
1246150201997430785
1246216443160559617
1246220024127328262
1246250250542727168
1246267756896497664
1246386447877386240
1246365205938003969
1246426240514437121
1246114118731476992
1246119762024857600
1246124099908317185
1246128451989508102
1246135275312623618
1246137510008324097
1246153413039136768
1246166800775229443
1246268108601470976
1246371500153884672
1246371758355202048
1246412357187899394
1246422704456114176
1246429289265979395
1246437436084891648
1246437490677989378
1246437579463016449
1246446832303190017
1246465970685779968
1246191078010740738
1246191551258267648
1246194663247302657
1246136745327984640
1246139001670717442
1246203175406833666
1246255134000189441
1246327057463861248
1246402026596175872
1246402592588120065
1246119292317380609
1246136462409695233
1246136488124915712
1246139550516293632
1246140856010235906
1246148339655233544
1246148484094443525
1246160677133303814
1246166938658750465
1246178088217690113
1246190710140911616
1246191279890931720
1246191772704833536
1246192704180178945
1246193021391118337
1246193253545922560
1246193536413958144
1246193727464443911
1246193845911552001
1246194091253207040
1246194277975306241
1246194506178969600
1246196300959436803
1246200786482331650
1246230813013729285
1246235597246738432
1246255785631535105
1246260414297583622
1246267064425332742
1246280861777100805
1246302844380209153
1246314273158115328
1246315966079827968
1246316354904432640
1246316607284142080
1246317509340549120
1246318060656570368
1246319239667089409
1246331439274131456
1246335171495944192
1246357110667071488
1246358182064250880
1246374193714823170
1246377096244535296
1246377172060733444
1246377244248944640
1246377529025404928
1246377775419871232
1246379750488190978
1246380630671265792
1246384820969787392
1246385465063858176
1246386316301959168
1246387153166315522
1246387390366846977
1246388119798235136
1246388585173049344
1246389152591028229
1246390938378919939
1246392726427492353
1246182204247617536
1246133999270907904
1246134949939253249
1246236845119332352
1246339761201197057
1246396258220150785
1246396731266342912
1246128560609378305
1246133956073922564
1246113466068471808
1246114339838361602
1246393909170909184
1246395807508635648
1246396997264986113
1246400762030292993
1246404353373724672
1246406842718261249
1246409324408311808
1246412512846905345
1246413932241264640
1246420170995838979
1246427745736933377
1246428913246535680
1246429512667185152
1246430478539862018
1246430992530841602
1246432192001171456
1246433127008030721
1246434768654385152
1246435170221203463
1246436595357700096
1246436921024417792
1246440162407731205
1246455350372548608
1246455511156961280
1246476446819856386
1246484251937251328
1246636600831946752
1246113491154612225
1246113524092416001
1246113948555972611
1246113949927514115
1246113991623094272
1246114132652437507
1246114235014434817
1246114392011345920
1246114412047540224
1246114652897107971
1246114673956728839
1246115031340789761
1246115077230678020
1246115116782927874
1246115149968277505
1246115320382861319
1246115342054760451
1246115367203864577
1246115406345113600
1246115407712395264
1246115566986936321
1246115591808827396
1246116266018050049
1246116380249927680
1246116539260076039
1246116573267611651
1246116704037543938
1246116776120909824
1246116783779647488
1246116939082223621
1246117012113436685
1246117227331534848
1246117403097956352
1246117537626144768
1246117574875795461
1246117790387507200
1246118435760807942
1246118556149985280
1246118659254337538
1246118707304243200
1246118740325994496
1246118900493963269
1246119072745558018
1246119234129756161
1246119259656290304
1246216432981102597
##1237075802799460352##
1237075802799460352
1237075896655384576
1237075971573985282
##1237075973625044994##
1237075973625044994
1237076034085847040
1237076137211240448
1237085382862417920
1237085456203943937
1237085521697853440
1237089791747010560
##1237076298012536833##
1237075827675856897
1237075834718035969
1237076298012536833
##1237076520780398594##
1237076513452953600
1237076520780398594
##1237076727127584768##
1237076210435469317
1237076549024780288
1237076727127584768
##1237076819171594242##
1237076819171594242
1237076825714688006
1237076832463306752
1237084552658669569
1237084554550280192
1237084893408083972
##1237077433419018240##
1237077433419018240
1237077437864960002
1237077440658358272
1237083787462393857
1237083798854139904
1237083802012352517
##1237089787904917505##
1237089787904917505
1237089870570496000
1237089957812080640
1237090023243120640
1237090213060583424
1237090557899538433
1237092249961402369
##1237109227396661249##
1237109227396661249
1237109510323548161
1237109920111230978
1237109997823242240
1237110075350757381
1237110371229589507
##1228219908858634240##
1228013426892472324
1228069028045955072
1228036462735757312
1228016186060832769
1228021043245256704
1228174826709217283
1228025016316563458
1228028156063440898
1228015762469724167
1228020675874639872
1228037695085121538
1228060250772824066
1228219908858634240
1228247644163670016
1228291432336830464
1228291731650699266
1228303029109248006
1228441034679558147
1230871361360453633
1228041792584585216
1228017133252173830
1228015916987928577
1228018269845696515
1228099753147326464
1228173285143089152
1228202253950976002
1228765904617508864
1231349185116594176
##1231093582007853056##
1231093582007853056
1231093585011003392
1231093586973921281
1231093588748099586
1231093591415644160
1231093593693138944
1231093595790336000
1231093597828763648
1231094457203908608
1231098245583196160
1231129624710729728
1231218861090967552
##1231413369451597825##
1231413369451597825
1231535215639552001
##1231580466228211712##
1231580466228211712
1231714378405294081
1231592432955002883
1234647339203211264
1231581032429883392
1231581953708773377
1232378278264156161
##1231639441929838596##
1231639441929838596
1231830378681372672
##1233464769669214209##
1233464769669214209
1233464772991078404
##1233492497973874690##
1233492497973874690
1233493404664946689
##1239630427138203651##
1239630410247741457
1239630415926878209
1239630422985842690
1239630427138203651
1239630429604503556
1239630432393723906
##1240777127831785472##
1240777127831785472
1241155646994644993
##1241503289306472450##
1239277704966529024
1239278560566788100
1239281286197522440
1239320079831109635
1239289712956899328
1241589925021089793
1241752457669206017
1241752672094609412
1243146630041423876
1243322450651144193
1244421992700416002
1239278827437723649
1239280624977969153
1247421945278353408
1247327385571201031
1239280176296591362
1239280292965298181
1243277302814908422
1243497334304051205
1243846906926764032
1247519731294310400
1245460220995829760
1242399307984142336
1243798021114155008
1239320109061222403
1239321550664470528
1240369988759928832
1241292809057046528
1241800024411029506
1242466431054176256
1242509878331150337
1243479822317346816
1245396602057109506
1245471927751397376
1246820706459025408
1247310815641907200
1247953861723242498
1243488813130842113
1240371411929235461
1240372762977415170
1239410717821984768
1244383689188028427
1244384017954332672
1245686655962537986
1241396176651464704
1242237726012903429
1241748247405662208
1243236533877997574
1243796941441503233
1245962560798633986
1240660426033111043
1241748555989053441
1243051265116045313
1246128547825094658
1245917329109569538
1239459760644198400
1240195318198743042
1240254633530003458
1240254945699532801
1241409447228030976
1241410997757378567
1241749292265558016
1242363248416038912
1243443394409627648
1244014194401386496
1244243755340890112
1247121397115170816
1248467053188534276
1241409951299522561
1242855732904521728
1241430628396142597
1241451819357831169
1241445234573299714
1241471364126707716
1241413272621940736
1241987772262551553
1242547677956648962
1241413689674207237
1241420502033457157
1241422324215226368
1241459894609379329
1241460136973160449
1241461029676232705
1241461946991489025
1241463126551379970
1241464264172408834
1241464899089379331
1241465103347781633
1241465343568154624
1241468244680204296
1241560423461199873
1241758043999797248
1241443480351772672
1241775920505028610
1247547929612730372
1245310911121940480
1245460282664726529
1245405352683700225
1245433527749021702
1245434304546705410
1245440433406332934
1245473645838979084
1245476761313456129
1245486921381482502
1245611812818522117
1245655057216851968
1245776161273253889
1245776623342927872
1245846219752079362
1247279566625878021
1245373105167577093
1245372700723417090
1243480201713115137
1243542378025230341
1243583394451202052
1243613220855844869
1243848530696888320
1243856459101884417
1243861807980335105
1243862517069340677
1243918141941600276
1243939638701699074
1244021024741613568
1244206011054989313
1245451292966891520
1243594495024922627
1247400792623067138
1247533481535537154
1247503294118887424
1247527070411845634
1247506639588073472
1247528444042153986
1239283019699142660
1239316238037368834
1239316293406375937
1239316353263206400
1239396874462863360
1239435084920479744
1241749117916807168
1241988081516978176
1239284473776218117
1239319242585104385
1239277876651884544
1239287033430003718
1241964687467610112
1243728522390179840
1243863060705615875
1247302665962508289
1239284306155102209
1240321147327205376
1240324679023370241
1241786219333369859
1242045751435247616
1240321946342117377
1243444243957415937
1255334450721968130
1239296641305178112
1239299419427799045
1240763295314968576
1240814753024483329
1243224497290907648
1243288975445495810
1243290519708598281
1243291358326149124
1243305972141039617
1243320141691191301
1246742085199433728
1243381718452563971
1243382570504441862
1241138248740679680
1241289557544448001
1240822672419889154
1241508166195646465
1242833558806421505
1245623683093151755
1246520198615662597
1242644228271939587
1242731113824636934
1242731218405339136
1242436503084699651
1240817937897926656
1245622699675639814
1246785250644164608
1240818868580487168
1240818940751855621
1242482232930926594
1242436148296851458
1239278109393813505
1239278979011489792
1239278332354744320
1239281246313775111
1239291224739241985
1239945202229489664
1239963432197087235
1247431625564094465
1244438894000701440
1246905610257543170
1245112204036386817
1239862032666701825
1239874484309495808
1240405790663626754
1244121523117600783
1244598153334194179
1243221894352044034
1245123046177980417
1245418183818989569
1245424918260523008
1244216725966655488
1244224796570923009
1239277930414510080
1239279383870951424
1239342726144872449
1239475276800823296
1242904264332230656
1242906341519364096
1243819733322993670
1244367178587136000
1245052865703444483
1246007269671800833
1239278639654600704
1242038844117131266
1239297068436533248
1239280854209306626
1239282771241156611
1239295753518006272
1239567605079441415
1241707434579812353
1242512168148492288
1242524483933650947
1239293434210459649
1239333082815254532
1246683862710792192
1246714379330031617
1246684028205498368
1246684620005007361
1246698536747642882
1246726388280954885
1246745751767711744
1246820847802880000
1246704646019842048
1246706662339207173
1246698757611311104
1246704316955721729
1239280359398936577
1239281120031760385
1239989133075976194
1242220306493779968
1242298964126375936
1242860724919185410
1243253783586574337
1243389389159288834
1245012125485092866
1247077766585090049
1247078961785561088
1247082253554941952
1247086427302760449
1262025476345823237
1262028070959095810
1247082624591552515
1247080199692353536
1247112532613124097
1247098748372692992
1239843519898025989
1242732704795418625
1242591638393937920
1243114897036189698
1242845240509304834
1240520173527928842
1239282804766236673
1239283625067241474
1239288427302006793
1239288800574087175
1239294194474156033
1239313197473107975
1239314710605987846
1239424155042357249
1239437240750800896
1239445548769456129
1239563255611301889
1239565495466168320
1242512695540289536
1241474245575794688
1245987325236084737
1239280669991276545
1243457938787905536
1240335503200837633
1239283270199672839
1241566994425679873
1244606212064206849
1244606320520482817
1244215175139508226
1244222814942527489
1241671034123812864
1239934156072763394
1241530163667533824
1244255708209709058
1247546666007347202
1243280238173392913
1239283045708050435
1239288284846665733
1239333092206264323
1239473056898220032
1239505947292295168
1239990975692406788
1241451959032348672
1241604204461989888
1242194563055394824
1241580644888690688
1241581248893591552
1241604998678618112
1243056427566071808
1239285897142636545
1239299435018010624
1239309270212108288
1239310995203461121
1241853423689109512
1239349157690826752
1239491068053327874
1239509567740039171
1239582855992414209
1239596539154219009
1239626400770002953
1239944394754740228
1241406721546952705
1241522959426215937
1241631169348804608
1241761338143236105
1241763824992124928
1242018297115181056
1242141735171604489
1242508552167620608
1242739484061577221
1242846855970664450
1242997588971991040
1243641844971552773
1243673865252978690
1244042941863202817
1244132654603173888
1245213545249345540
1245382505437573122
1245447174445584385
1245482398210498562
1246007234951340032
1246751802856521728
1247016407277146113
1247535847785656330
1247550331359236101
1247720113601753090
1241250317557170179
1241940273950797824
1243937033116160001
1242683942936948737
1240194679188205568
1247253229886476289
1241631279520645121
1247475554930102275
1242770971796410370
1239761605883281408
1239763540275232769
1242787182676455426
1242799195507109888
1245485115842715649
1241993642379747329
1241996397416775680
1241994296959606785
1242473715427762177
1245746307232382981
1245746998671749120
1245760018630225921
1245760851778375680
1245748220569018370
1245748690289078272
1245748806626533376
1245961227060285440
1242337515677368321
1242339037119217664
1242776657502576643
1242792139651678215
1241357872941993984
1241358411465240576
1245333862445613056
1245334103744012288
1245571176698691584
1245576958257139718
1246195911769952256
1249084843893424134
1246585596899966983
1247167770627731459
1247168787486408704
1239278473144909829
1239281593879007232
1241731877750349825
1242859054898315265
1245436496225730567
1245813187972300801
1242985647628898304
1243525946466095106
1242989873964949504
1243003828074659840
1244666361512591360
1245838523212673027
1245841322772033538
1246489637113204736
1242837493919162378
1244035940814856199
1244619872946065409
1244625162957455364
1244626835994017793
1244628148077109251
1244625991584096257
1242128149795741697
1242770877407793152
1243127176456802304
1243344509867565056
1246587157403381761
1241994918886850560
1241995930796199937
1242522737618321410
1242523835980820480
1245487529555562496
1243936894712524800
1244028350139637760
1247360657118420995
1247361737009041411
1244534389847048192
1244560293805555712
1244571439182872577
1243564815077031942
1239441508857786368
1239519648380522496
1243595888888614915
1245111321433190400
1245111795662106625
1243934582359146496
1243935565017419776
1243936813187837953
1246069318661443584
1247219613479374851
1247221424579907585
1247221583279722503
1246099190717067265
1246101526474567680
1239279932917911553
1239280774513405953
1241407298326728706
1241428602912149505
1241460923468046337
1241619348667748353
1241628992924459009
1241702346494742530
1239493027481169920
1239528521321545729
1240598673895100417
1240667160378294273
1241169926976651266
1241768491935502336
1241795497205149699
1241801474633580544
1241810006044966912
1241840514862899208
1241899414802829319
1241904885391556610
1242001614900211712
1242039334779392000
1242058056755580933
1242089924809109504
1242110234493104128
1242233414931099650
1241503289306472450
##1242009752613408769##
1242009752613408769
1242009755259940865
1242034504199483394
1243764936687394817
1242216170989772804
##1242904389880360968##
1242904389880360968
1242912872990150656
1242908614886592512
1242916444997857280
1242919888349470725
1242920260417867778
1242917710595530753
1242913782936059906
1242919405220253697
1242905055692574720
1242904674094768129
1242904807142195203
1242904983567241216
1242911123743092738
1242929278972395520
1243044325010706432
1243150712919506944
1242904854156193798
##1243121977310752768##
1243120369709580288
1243121977310752768
##1243199364887203840##
1243199364887203840
1243201918329131008
##1243230649303138305##
1243230649303138305
1243237446726356993
1243511130657619970
1243281583588741131
##1243614008068001794##
1243612682550423552
1243614008068001794
1243619686589386760
##1244033464887848972##
1243916653731119104
1243916658659516417
1243916662820294656
1243916667673083905
1243916672467111936
1243917284399292422
1243918328500019200
1243926624120307712
1243952035504041988
1243952237145096193
1243965309779873792
1244041260224204800
1244133563945160704
1244192285279096833
1244548983940354048
1244043780208107520
1243955625257775105
1243918305108398080
1243933992711270403
1243971785038671874
1243952495497564162
1243972004279201792
1243980696714125313
1243989250883928064
1243993153444679680
1244004692578967552
1244047304593756167
1244033464887848972
##1244903945178427394##
1244903945178427394
1245053294709530624
##1246186004031168512##
1246113197666586624
1246124921882902528
1246161401443467264
1246143126848319490
1246183606210433025
1246191585299177475
1246193680400240641
1246141639086800897
1246403789504098304
1246153272307703808
1246399032072835074
1246119379466682371
1246261922095403010
1246296579067256833
1246367717151723520
1246399906836774912
1246437164797263872
1246132645555306497
1246132998229110785
1246139831979311106
1246140035864375296
1246141600696356864
1246150201997430785
1246216443160559617
1246220024127328262
1246250250542727168
1246267756896497664
1246386447877386240
1246365205938003969
1246426240514437121
1246114118731476992
1246119762024857600
1246124099908317185
1246128451989508102
1246135275312623618
1246137510008324097
1246153413039136768
1246166800775229443
1246268108601470976
1246371500153884672
1246371758355202048
1246412357187899394
1246422704456114176
1246429289265979395
1246437436084891648
1246437490677989378
1246437579463016449
1246446832303190017
1246465970685779968
1246191078010740738
1246191551258267648
1246194663247302657
1246136745327984640
1246139001670717442
1246203175406833666
1246255134000189441
1246327057463861248
1246402026596175872
1246402592588120065
1246119292317380609
1246136462409695233
1246136488124915712
1246139550516293632
1246140856010235906
1246148339655233544
1246148484094443525
1246160677133303814
1246166938658750465
1246178088217690113
1246190710140911616
1246191279890931720
1246191772704833536
1246192704180178945
1246193021391118337
1246193253545922560
1246193536413958144
1246193727464443911
1246193845911552001
1246194091253207040
1246194277975306241
1246194506178969600
1246196300959436803
1246200786482331650
1246230813013729285
1246235597246738432
1246255785631535105
1246260414297583622
1246267064425332742
1246280861777100805
1246302844380209153
1246314273158115328
1246315966079827968
1246316354904432640
1246316607284142080
1246317509340549120
1246318060656570368
1246319239667089409
1246331439274131456
1246335171495944192
1246357110667071488
1246358182064250880
1246374193714823170
1246377096244535296
1246377172060733444
1246377244248944640
1246377529025404928
1246377775419871232
1246379750488190978
1246380630671265792
1246384820969787392
1246385465063858176
1246386316301959168
1246387153166315522
1246387390366846977
1246388119798235136
1246388585173049344
1246389152591028229
1246390938378919939
1246392726427492353
1246393909170909184
1246395807508635648
1246396997264986113
1246400762030292993
1246404353373724672
1246406842718261249
1246409324408311808
1246412512846905345
1246413932241264640
1246420170995838979
1246427745736933377
1246428913246535680
1246429512667185152
1246430478539862018
1246430992530841602
1246432192001171456
1246433127008030721
1246434768654385152
1246435170221203463
1246436595357700096
1246436921024417792
1246440162407731205
1246455350372548608
1246455511156961280
1246476446819856386
1246484251937251328
1246636600831946752
1246113491154612225
1246113524092416001
1246113948555972611
1246113991623094272
1246114132652437507
1246114235014434817
1246114339838361602
1246113466068471808
1246114392011345920
1246114412047540224
1246114652897107971
1246114673956728839
1246115031340789761
1246115077230678020
1246115116782927874
1246115149968277505
1246115320382861319
1246115342054760451
1246115367203864577
1246115406345113600
1246115407712395264
1246115566986936321
1246115591808827396
1246116266018050049
1246116380249927680
1246116539260076039
1246116573267611651
1246116704037543938
1246116776120909824
1246116783779647488
1246116939082223621
1246117012113436685
1246117227331534848
1246117403097956352
1246117537626144768
1246117574875795461
1246117790387507200
1246118435760807942
1246118556149985280
1246118659254337538
1246118707304243200
1246118740325994496
1246118900493963269
1246119072745558018
1246119234129756161
1246119259656290304
1246119459326230530
1246119945781510145
1246120064358715395
1246121188507684871
1246121412747759624
1246121477256163328
1246122087225360384
1246122463966253059
1246122818904956928
1246186004031168512
##1246188514502418439##
1246113197666586624
1246124921882902528
1246161401443467264
1246143126848319490
1246183606210433025
1246191585299177475
1246193680400240641
1246141639086800897
1246403789504098304
1246153272307703808
1246399032072835074
1246119379466682371
1246261922095403010
1246296579067256833
1246367717151723520
1246399906836774912
1246437164797263872
1246132645555306497
1246132998229110785
1246139831979311106
1246140035864375296
1246141600696356864
1246150201997430785
1246216443160559617
1246220024127328262
1246250250542727168
1246267756896497664
1246386447877386240
1246365205938003969
1246426240514437121
1246114118731476992
1246119762024857600
1246124099908317185
1246128451989508102
1246135275312623618
1246137510008324097
1246153413039136768
1246166800775229443
1246268108601470976
1246371500153884672
1246371758355202048
1246412357187899394
1246422704456114176
1246429289265979395
1246437436084891648
1246437490677989378
1246437579463016449
1246446832303190017
1246465970685779968
1246191078010740738
1246191551258267648
1246194663247302657
1246136745327984640
1246139001670717442
1246203175406833666
1246255134000189441
1246327057463861248
1246402026596175872
1246402592588120065
1246119292317380609
1246136462409695233
1246136488124915712
1246139550516293632
1246140856010235906
1246148339655233544
1246148484094443525
1246160677133303814
1246166938658750465
1246178088217690113
1246190710140911616
1246191279890931720
1246191772704833536
1246192704180178945
1246193021391118337
1246193253545922560
1246193536413958144
1246193727464443911
1246193845911552001
1246194091253207040
1246194277975306241
1246194506178969600
1246196300959436803
1246200786482331650
1246230813013729285
1246235597246738432
1246255785631535105
1246260414297583622
1246267064425332742
1246280861777100805
1246302844380209153
1246314273158115328
1246182204247617536
1246133999270907904
1246134949939253249
1246339761201197057
1246396258220150785
1246396731266342912
1246787133110734848
1246128560609378305
1246133956073922564
1246117481753821185
1246161664241737736
1246166790272626688
1246315966079827968
1246316354904432640
1246316607284142080
1246317509340549120
1246318060656570368
1246319239667089409
1246331439274131456
1246335171495944192
1246357110667071488
1246358182064250880
1246374193714823170
1246377096244535296
1246377172060733444
1246377244248944640
1246377529025404928
1246377775419871232
1246379750488190978
1246380630671265792
1246384820969787392
1246385465063858176
1246386316301959168
1246387153166315522
1246387390366846977
1246388119798235136
1246388585173049344
1246389152591028229
1246390938378919939
1246392726427492353
1246393909170909184
1246395807508635648
1246396997264986113
1246400762030292993
1246404353373724672
1246406842718261249
1246409324408311808
1246412512846905345
1246413932241264640
1246420170995838979
1246636600831946752
1246236845119332352
1246668108250701825
1246773131693510656
1246113466068471808
1246117479392464896
1246117855353081859
1246140783725629443
1246427745736933377
1246428913246535680
1246429512667185152
1246430478539862018
1246430992530841602
1246432192001171456
1246433127008030721
1246434768654385152
1246435170221203463
1246436595357700096
1246436921024417792
1246440162407731205
1246455350372548608
1246455511156961280
1246476446819856386
1246484251937251328
1246113491154612225
1246113524092416001
1246113948555972611
1246113991623094272
1246114132652437507
1246114235014434817
1246114339838361602
1246114392011345920
1246114412047540224
1246114652897107971
1246114673956728839
1246115031340789761
1246115077230678020
1246115116782927874
1246115149968277505
1246115320382861319
1246115342054760451
1246115367203864577
1246115406345113600
1246115407712395264
1246115566986936321
1246115591808827396
1246116266018050049
1246116380249927680
1246116539260076039
1246116573267611651
1246116704037543938
1246116776120909824
1246116783779647488
1246116939082223621
1246117012113436685
1246117227331534848
1246117403097956352
1246117537626144768
1246117574875795461
1246117790387507200
1246118435760807942
1246188514502418439
##1246202000087400450##
1246113197666586624
1246124921882902528
1246161401443467264
1246143126848319490
1246183606210433025
1246191585299177475
1246193680400240641
1246141639086800897
1246403789504098304
1246153272307703808
1246399032072835074
1246119379466682371
1246261922095403010
1246296579067256833
1246367717151723520
1246399906836774912
1246437164797263872
1246132645555306497
1246132998229110785
1246139831979311106
1246140035864375296
1246141600696356864
1246150201997430785
1246216443160559617
1246220024127328262
1246250250542727168
1246267756896497664
1246386447877386240
1246365205938003969
1246426240514437121
1246114118731476992
1246119762024857600
1246124099908317185
1246128451989508102
1246135275312623618
1246137510008324097
1246153413039136768
1246166800775229443
1246268108601470976
1246371500153884672
1246371758355202048
1246412357187899394
1246422704456114176
1246429289265979395
1246437436084891648
1246437490677989378
1246437579463016449
1246446832303190017
1246465970685779968
1246191078010740738
1246191551258267648
1246194663247302657
1246136745327984640
1246139001670717442
1246203175406833666
1246255134000189441
1246327057463861248
1246402026596175872
1246402592588120065
1246119292317380609
1246136462409695233
1246136488124915712
1246139550516293632
1246140856010235906
1246148339655233544
1246148484094443525
1246160677133303814
1246166938658750465
1246178088217690113
1246190710140911616
1246191279890931720
1246191772704833536
1246192704180178945
1246193021391118337
1246193253545922560
1246193536413958144
1246193727464443911
1246193845911552001
1246194091253207040
1246194277975306241
1246194506178969600
1246196300959436803
1246200786482331650
1246230813013729285
1246235597246738432
1246255785631535105
1246260414297583622
1246267064425332742
1246280861777100805
1246302844380209153
1246314273158115328
1246315966079827968
1246316354904432640
1246316607284142080
1246317509340549120
1246318060656570368
1246319239667089409
1246331439274131456
1246335171495944192
1246357110667071488
1246358182064250880
1246374193714823170
1246377096244535296
1246377172060733444
1246377244248944640
1246377529025404928
1246377775419871232
1246379750488190978
1246380630671265792
1246384820969787392
1246385465063858176
1246386316301959168
1246387153166315522
1246387390366846977
1246388119798235136
1246388585173049344
1246389152591028229
1246390938378919939
1246392726427492353
1246393909170909184
1246395807508635648
1246396997264986113
1246400762030292993
1246404353373724672
1246406842718261249
1246409324408311808
1246412512846905345
1246413932241264640
1246420170995838979
1246427745736933377
1246428913246535680
1246429512667185152
1246430478539862018
1246430992530841602
1246432192001171456
1246433127008030721
1246434768654385152
1246435170221203463
1246436595357700096
1246436921024417792
1246440162407731205
1246455350372548608
1246455511156961280
1246476446819856386
1246484251937251328
1246636600831946752
1246113491154612225
1246113524092416001
1246113948555972611
1246113991623094272
1246114132652437507
1246114235014434817
1246114392011345920
1246114412047540224
1246114652897107971
1246114673956728839
1246114339838361602
1246113466068471808
1246115031340789761
1246115077230678020
1246115116782927874
1246115149968277505
1246115320382861319
1246115342054760451
1246115367203864577
1246115406345113600
1246115407712395264
1246115566986936321
1246115591808827396
1246116266018050049
1246116380249927680
1246116539260076039
1246116573267611651
1246116704037543938
1246116776120909824
1246116783779647488
1246116939082223621
1246117012113436685
1246117227331534848
1246117403097956352
1246117537626144768
1246117574875795461
1246117790387507200
1246118435760807942
1246118556149985280
1246118659254337538
1246118707304243200
1246118740325994496
1246118900493963269
1246119072745558018
1246119234129756161
1246119259656290304
1246119459326230530
1246119945781510145
1246120064358715395
1246121188507684871
1246121412747759624
1246121477256163328
1246122087225360384
1246122463966253059
1246122818904956928
1246202000087400450
##1246209216018251778##
1246113197666586624
1246124921882902528
1246161401443467264
1246143126848319490
1246183606210433025
1246191585299177475
1246193680400240641
1246141639086800897
1246403789504098304
1246153272307703808
1246399032072835074
1246119379466682371
1246261922095403010
1246296579067256833
1246367717151723520
1246399906836774912
1246437164797263872
1246132645555306497
1246132998229110785
1246139831979311106
1246140035864375296
1246141600696356864
1246150201997430785
1246216443160559617
1246220024127328262
1246250250542727168
1246267756896497664
1246386447877386240
1246365205938003969
1246426240514437121
1246114118731476992
1246119762024857600
1246124099908317185
1246128451989508102
1246135275312623618
1246137510008324097
1246153413039136768
1246166800775229443
1246268108601470976
1246371500153884672
1246371758355202048
1246412357187899394
1246422704456114176
1246429289265979395
1246437436084891648
1246437490677989378
1246437579463016449
1246191078010740738
1246191551258267648
1246194663247302657
1246182204247617536
1246133999270907904
1246134949939253249
1246339761201197057
1246396258220150785
1246396731266342912
1246128560609378305
1246133956073922564
1246446832303190017
1246465970685779968
1246136745327984640
1246139001670717442
1246203175406833666
1246255134000189441
1246327057463861248
1246402026596175872
1246402592588120065
1246119292317380609
1246136462409695233
1246136488124915712
1246139550516293632
1246140856010235906
1246148339655233544
1246148484094443525
1246160677133303814
1246166938658750465
1246178088217690113
1246190710140911616
1246191279890931720
1246191772704833536
1246192704180178945
1246193021391118337
1246193253545922560
1246193536413958144
1246193727464443911
1246193845911552001
1246636600831946752
1246563529299288064
1246668108250701825
1246773131693510656
1246787133110734848
1246117481753821185
1246161664241737736
1246166790272626688
1246117479392464896
1246117855353081859
1246140783725629443
1246194091253207040
1246194277975306241
1246194506178969600
1246196300959436803
1246200786482331650
1246230813013729285
1246235597246738432
1246255785631535105
1246260414297583622
1246510536247988231
1246532926168281089
1246115450083254277
1246123398935306241
1246195893747023877
1246236631386009605
1246125502542348290
1246138032455127047
1246139020259852289
1246267064425332742
1246280861777100805
1246302844380209153
1246314273158115328
1246315966079827968
1246316354904432640
1246316607284142080
1246317509340549120
1246318060656570368
1246319239667089409
1246331439274131456
1246335171495944192
1246357110667071488
1246358182064250880
1246374193714823170
1246377096244535296
1246377172060733444
1246377244248944640
1246484251937251328
1246481059065335819
1246489531706232834
1246502996449677315
1246152054525100034
1246197994669707264
1246252050993815552
1246269779490422784
1246301181670043652
1246302052621471744
1246377529025404928
1246377775419871232
1246379750488190978
1246380630671265792
1246384820969787392
1246385465063858176
1246386316301959168
1246387153166315522
1246387390366846977
1246388119798235136
1246388585173049344
1246389152591028229
1246390938378919939
1246392726427492353
1246393909170909184
1246395807508635648
1246396997264986113
1246400762030292993
1246404353373724672
1246406842718261249
1246409324408311808
1246412512846905345
1246413932241264640
1246420170995838979
1246427745736933377
1246428913246535680
1246429512667185152
1246430478539862018
1246430992530841602
1246432192001171456
1246433127008030721
1246434768654385152
1246435170221203463
1246436595357700096
1246436921024417792
1246440162407731205
1246455350372548608
1246455511156961280
1246476446819856386
1246113491154612225
1246113524092416001
1246113948555972611
1246113991623094272
1246114132652437507
1246114235014434817
1246114339838361602
1246113466068471808
1246114392011345920
1246114412047540224
1246114652897107971
1246114673956728839
1246115031340789761
1246115077230678020
1246115116782927874
1246115149968277505
1246115320382861319
1246115342054760451
1246209216018251778
##1246215615330861056##
1246113197666586624
1246124921882902528
1246161401443467264
1246143126848319490
1246183606210433025
1246191585299177475
1246193680400240641
1246141639086800897
1246403789504098304
1246399032072835074
1246132645555306497
1246132998229110785
1246139831979311106
1246140035864375296
1246141600696356864
1246153272307703808
1246191078010740738
1246191551258267648
1246194663247302657
1246216443160559617
1246119379466682371
1246261922095403010
1246296579067256833
1246367717151723520
1246399906836774912
1246437164797263872
1246220024127328262
1246250250542727168
1246267756896497664
1246386447877386240
1246365205938003969
1246426240514437121
1246114118731476992
1246119762024857600
1246182204247617536
1246133999270907904
1246134949939253249
1246236845119332352
1246339761201197057
1246396258220150785
1246396731266342912
1246128560609378305
1246133956073922564
1246113466068471808
1246114339838361602
1246124099908317185
1246128451989508102
1246135275312623618
1246137510008324097
1246153413039136768
1246166800775229443
1246268108601470976
1246371500153884672
1246371758355202048
1246412357187899394
1246422704456114176
1246429289265979395
1246437436084891648
1246437490677989378
1246437579463016449
1246446832303190017
1246465970685779968
1246136745327984640
1246139001670717442
1246203175406833666
1246255134000189441
1246327057463861248
1246402026596175872
1246402592588120065
1246119292317380609
1246136462409695233
1246136488124915712
1246139550516293632
1246140856010235906
1246148339655233544
1246148484094443525
1246160677133303814
1246166938658750465
1246178088217690113
1246190710140911616
1246191279890931720
1246191772704833536
1246192704180178945
1246193021391118337
1246193253545922560
1246193536413958144
1246193727464443911
1246193845911552001
1246194091253207040
1246194277975306241
1246194506178969600
1246196300959436803
1246636600831946752
1246563529299288064
1246668108250701825
1246773131693510656
1246787133110734848
1246117481753821185
1246161664241737736
1246166790272626688
1246117479392464896
1246117855353081859
1246140783725629443
1246200786482331650
1246230813013729285
1246235597246738432
1246255785631535105
1246260414297583622
1246267064425332742
1246280861777100805
1246302844380209153
1246314273158115328
1246315966079827968
1246316354904432640
1246316607284142080
1246317509340549120
1246318060656570368
1246319239667089409
1246331439274131456
1246335171495944192
1246357110667071488
1246358182064250880
1246374193714823170
1246377096244535296
1246377172060733444
1246377244248944640
1246377529025404928
1246377775419871232
1246379750488190978
1246380630671265792
1246384820969787392
1246385465063858176
1246386316301959168
1246387153166315522
1246387390366846977
1246388119798235136
1246388585173049344
1246389152591028229
1246390938378919939
1246392726427492353
1246393909170909184
1246395807508635648
1246396997264986113
1246400762030292993
1246404353373724672
1246406842718261249
1246409324408311808
1246412512846905345
1246413932241264640
1246420170995838979
1246427745736933377
1246428913246535680
1246429512667185152
1246430478539862018
1246430992530841602
1246432192001171456
1246433127008030721
1246434768654385152
1246435170221203463
1246436595357700096
1246436921024417792
1246440162407731205
1246455350372548608
1246455511156961280
1246476446819856386
1246484251937251328
1246113491154612225
1246113524092416001
1246113948555972611
1246113949927514115
1246113991623094272
1246114132652437507
1246114235014434817
1246114392011345920
1246114412047540224
1246114652897107971
1246114673956728839
1246115031340789761
1246115077230678020
1246115116782927874
1246115149968277505
1246115320382861319
1246115342054760451
1246115367203864577
1246115406345113600
1246115407712395264
1246115566986936321
1246115591808827396
1246116266018050049
1246116380249927680
1246116539260076039
1246116573267611651
1246116704037543938
1246116776120909824
1246116783779647488
1246116939082223621
1246117012113436685
1246117227331534848
1246117403097956352
1246117537626144768
1246117574875795461
1246117790387507200
1246118435760807942
1246215615330861056
##1246284136337326080##
1246284136337326080
1246304970963668992
##1246544290760753153##
1246544290760753153
1246545999293800448
1246545071077576704
1257126928093503494
1246544969499914247
##1246548767895171075##
1246548767895171075
1246563196472786944
1246563630864269317
1246558177807695873
1246804144624734210
1246576629607993345
1246576834889875457
1246644586614751234
##1246841495778471941##
1246841495778471941
1246841497389064192
1246841499041611776
##1246889091851071488##
1246889091851071488
1246895940650352640
1246890343590748165
##1246921871456641026##
1246921871456641026
1246921874493321220
1246921877886566402
1246921881216634881
1246921885033603072
1246921888141639681
1246921891404791811
1246921895083233284
1247143006861492230
1247180606397693953
1247219667950874635
1247226979000123393
1247281678449549317
1247309988936192002
1247869142234992640
1247880716710486016
1247892203642302465
1247893261550641167
1247868800286023680
1247221160305201160
1247266559195779076
1247087419352113157
1247105517077626882
1247214027123589121
1247198652722024450
1247231168237404160
1247257550841577476
1247350859723419650
1247354392849899520
1247358566954143744
1247516108065771520
1246922370973151235
1247137858433015808
1247249100267012099
1247250002436636673
1247250209798643713
1247143250516983808
1247115200081408000
1247320141832085505
1247105330443673600
1248722949923880960
1247119276303147008
1247137420337971202
1247511943235227648
1247081908741300224
1247074765170507777
1247076419353657344
1247107459187163138
1247143363452829698
1247124703006937090
1247236886541844481
1247049533361737729
1247158139884949510
1247183641282785284
1247208808553775107
1247319220284784640
1247373782261645312
1247392314332454917
1247106969766428672
1247184044447666176
1247112292690530305
1247136278996451329
1247212469644386304
1247101568597610496
1247088425892818945
1247129917264969729
1247136687962161152
1247226971601371137
1247141373045805057
1247093358989803520
1247124153469206530
1247333111828013063
1247161257309790209
1247120314322075649
1247220570539753472
1247274436035739650
1247181156279255041
1247237184828121088
1247380227682172928
1247064588459311105
1247157080718368774
1247419300056530944
1247533385225920514
1247114901149175808
1247038457073074179
1247078035217670144
1247044951625601024
1247068497521397760
1247088064876482561
1247266000371933186
1247154307964604416
1247186994175922178
1247203668560089089
1247342196581433344
1247076288063574018
1247081559196422145
1247168149721624576
1247275485882732549
1247291302070439936
1247302343156281345
1247110705603543041
1247169204102496258
1247247833302007808
1247156326716723201
1247102028628836355
1247131798691291136
1247062257474752512
1247186354628329473
1246925853277200387
1247024205755006976
1247066868399190021
1247064298779824130
1247108723610443782
1247165737720037376
1247076830554750976
1247093092790013952
1247097123071504385
1247101591460745216
1247159306983575553
1247169061873692673
1247181660841480192
1247204867002769409
1247212652025257985
1247242555496050689
1247274037342060544
1247292812607074306
1247305897631678465
1247315346727546881
1247318549250682886
1247329097669361664
1247336506030796801
1247379735182802945
1247394028909453312
1246923942100697089
1247357773735739394
1247243777384812552
1247309558667718658
1247106534288564225
1247111374217584640
1247279458551238657
1247304993121714179
1247309311514234886
1247344459823681537
1247357299611570177
1247363896509370369
1247069023206072321
1247087081974910979
##1246921891404791811##
1246921871456641026
1246921874493321220
1246921877886566402
1246921881216634881
1246921885033603072
1246921888141639681
1246921891404791811
1246921895083233284
1247143006861492230
1247180606397693953
1247219667950874635
1247226979000123393
1247281678449549317
1247309988936192002
1247869142234992640
1247880716710486016
1247892203642302465
1247893261550641167
1247868800286023680
1247221160305201160
1247266559195779076
1247081908741300224
1247354392849899520
1247358566954143744
1247516108065771520
1246922370973151235
1247137858433015808
1247249100267012099
1247250002436636673
1247250209798643713
1247143250516983808
1247105330443673600
1248722949923880960
1247119276303147008
1247137420337971202
1247511943235227648
1247087419352113157
1247105517077626882
1247214027123589121
1247198652722024450
1247231168237404160
1247257550841577476
1247350859723419650
1247115200081408000
1247320141832085505
1247208808553775107
1247074765170507777
1247076419353657344
1247107459187163138
1247143363452829698
1247124703006937090
1247236886541844481
1247049533361737729
1247158139884949510
1247183641282785284
1247319220284784640
1247373782261645312
1247392314332454917
1247106969766428672
1247184044447666176
1247112292690530305
1247136278996451329
1247212469644386304
1247101568597610496
1247088425892818945
1247129917264969729
1247136687962161152
1247226971601371137
1247141373045805057
1247093358989803520
1247124153469206530
1247333111828013063
1247161257309790209
1247120314322075649
1247220570539753472
1247274436035739650
1247181156279255041
1247237184828121088
1247380227682172928
1247064588459311105
1247157080718368774
1247419300056530944
1247533385225920514
1247114901149175808
1247038457073074179
1247078035217670144
1247044951625601024
1247068497521397760
1247088064876482561
1247154307964604416
1247186994175922178
1247203668560089089
1247342196581433344
1247076288063574018
1247081559196422145
1247168149721624576
1247275485882732549
1247291302070439936
1247266000371933186
1247302343156281345
1247110705603543041
1247169204102496258
1247247833302007808
1247156326716723201
1247064298779824130
1247102028628836355
1247131798691291136
1247062257474752512
1247186354628329473
1247108723610443782
1247165737720037376
1247076830554750976
1247093092790013952
1247097123071504385
1247101591460745216
1247159306983575553
1247169061873692673
1247181660841480192
1247204867002769409
1247212652025257985
1247242555496050689
1247274037342060544
1247292812607074306
1247305897631678465
1247315346727546881
1247318549250682886
1247329097669361664
1247336506030796801
1247379735182802945
1247394028909453312
1246923942100697089
1247357773735739394
1246925853277200387
1247024205755006976
1247066868399190021
1247243777384812552
1247309558667718658
1247363896509370369
1247106534288564225
1247111374217584640
1247279458551238657
1247304993121714179
1247309311514234886
1247344459823681537
1247357299611570177
##1246922885677146114##
1246922597650042882
1246922721910501377
1246922885677146114
##1246935650370191360##
1246935650370191360
1246935778103570438
1247178671431041026
1247264751027191817
1247198795504418818
##1246937179504459778##
1246937179504459778
1255345916426551297
##1247150405651435520##
1247150405651435520
1247152141858484224
1247153525869568000
##1247150638796021761##
1247148318389604358
1247148595033317379
1247148987779596289
1247149262544175107
1247149841467269121
1247150170674024450
1247150407907975170
1247150638796021761
1247150955948199942
1247151247708340226
1247154629181206529
##1247150687601000448##
1247147523678113798
1247147845637062657
1247148308734279680
1247148443765743616
1247148508941111296
1247149506053001218
1247149507705483264
1247149509374869505
1247149511056728064
1247149512705167360
1247150687601000448
1247150689865871361
1247151475148685312
##1247151166238216194##
1247149113436778496
1247149115261300737
1247149116901281792
1247149980340629506
1247149981980594176
1247149983796736004
1247150696631336960
1247150698069929984
1247150699848306688
1247151164585660416
1247151166238216194
1247151167920115713
1247151170084192257
##1247161029953347586##
1247161029953347586
1247181361066266626
##1249835196561711106##
1249835196561711106
1249836390453411841
##1250049234080071680##
1250049234080071680
1250049752730947591
1250053003056381956
1250055874271416321
##1250049273191903236##
1250049273191903236
1250078741226754050
##1250051377365204992##
1250051377365204992
1250164563858898950
1250051548740308992
1250051954170093573
1250586496261914637
1250051693984841731
1250580104792682497
##1250192106255237120##
1250192106255237120
1250193329125560325
1250199166682349568
1250200392035680256
##1250198246762348544##
1250192106255237120
1250193329125560325
1250199166682349568
1250200392035680256
1250198246762348544
##1250411590903627778##
1250411590903627778
1250417678965243906
1250419977552715781
1250434223988600832
1250436072053469185
1250440202041978880
1250503432508751875
1250503784360484867
1250505438497517569
1250509349316853763
1250524369203404803
1250529932716978177
1250412161773559808
1250420067054972933
1250412298902163456
1250420364015841288
1250442827915505664
1250489520874799105
1250499512579301377
1250506581462188032
1250789505264766976
1250808478014324737
1250498066471424004
1250506657077112841
1250503735220015104
1250505988727332864
1250512295580614656
1250489921120473089
1250555467891343360
1250717601715687427
##1250560234168504326##
1248226981642199041
1248228871972978691
1248229998424662016
1248230338939310081
1248246607604154368
1248254564366680064
1248254569861263362
1248254905468563456
1248235062908334080
1248235223189512193
1248239605377306625
1248240616837955584
1248297080411639809
1248301460036739073
1248305803330805761
1248307400752447488
1248236948210233350
1248241896213880833
1248242575221415936
1248247217363668992
1248254347684782081
1248271691920351232
1248236745969348608
1248263635664867335
1248281088205750276
1248281829104287747
1249336626343481344
1248255380834201603
1248258958382510081
1248283161597009920
1248292118549970950
1248302194505453571
1248303029226541058
1248322368256311298
1248352473431117827
1248359801370935305
1248399965077921794
1248412125933924352
1248494377518764033
1248514737756872706
1248611557098962945
1248633197732212739
1248281318313648129
1248281657926389760
1248507112155643905
1248256980424278018
1248266854117842947
1248595493636186118
1248229512959180800
1248229798838767616
1248294021266538497
1248298537869291520
1248252516405596160
1248266549921812480
1248351341568765952
1248440669439504384
1248522312892256262
1248238614233985024
1248240322150305798
1248296743600558081
1248295603018366978
1248296502067429381
1248310894339260416
1248440985153134593
1248293018232389635
1248302279251427335
1248303009869598720
1248367662511591424
1251930005254406145
1248246575580635140
1248274754294796288
1248290952629964800
1248321814377435136
1248343687328862208
1248300225753726977
1248247121322446848
1248238739698200577
1248238781624471553
1248238796174495744
1248238801106894849
1248238856287256576
1248239391438446592
1248239421037649922
1248239483516043264
1248239534145449984
1248239536175558656
1248239656262656006
1248240010794500096
1248240142944436225
1248240702573744128
1248241081680101376
1248241230254915584
1248241385041428480
1248241771395665921
1248242440491892736
1248243629501472769
1248243681632514049
1248244632879632386
1248245210540150786
1248246452771418113
1248247560550023168
1248247632696205315
1248249637313511424
1248249935205564417
1248250784594022400
1248251029289721858
1248251460455890949
1248251727838666752
1248251833971290113
1248252369130774528
1248253214149021700
1248256409982119936
1248259263224598528
1248259269931290625
1248261274380705794
1248263245997146112
1248263286287740928
1248266371387076609
1248268628664909824
1248268963877978114
1248270793743753218
1248272255840329731
1248275780045623296
1248275998711439360
1248276874654101510
1248280271323103232
1248280900636418057
1248281209186258944
1248281860108681217
1248283219176427525
1248284967366524930
1248292295226646528
1248293661194039301
1248294618967441410
1248295363687178243
1248300391961440256
1248303898097524740
1248317192560656386
1248322466897944578
1248383940638830598
1248385839148625935
1248501890293182467
1248524041687834625
1248550870133940224
1248563155384643584
1248621452112224258
1249128678048571393
1249153736607502337
1249915427100209157
1250381751773532160
1248239153684283394
1248239289625952257
1248239814081740807
1248240134409109506
1248239445251428352
1248261973898387457
1248238969877389312
1248295975921254405
1248239027628716033
1248239762521108481
1248245445245022208
1248260189452722176
1248271330706968577
1248271548148039681
1248295800054128645
1248328371387478024
1248361801147994113
1249235534872023041
1249875244841676802
1248240188024815616
1248258227403403264
1248308271418613760
1248228368111280128
1248276937723830274
1248598263923703809
1248713608328085505
1248229614280990721
1248235792289464322
1248256277249220609
1248239146973478918
1248331408101294088
1248462719088386057
1248235695824605185
1248239003503075329
1248234620136669184
1248242646985789442
1248244178749763589
1248246761333739523
1255136226861961216
1248329231718809601
1248342322984759298
1248344135179931649
1248342038434779138
1248253381438779397
1248352120841146368
1248329155680382976
1248452650309423104
1248227366444371969
1248228928747077633
1248252718940073987
1248253809396273153
1248257675382657026
1248282525820215296
1248238165753724929
1248241307576872960
1248242150615191554
1248266301686124545
1248306763310542848
1248453560326443012
1248453686801485824
1248270329677590528
1248283134388506630
1248275787872174080
1248227549072719873
1248255387725422594
1248269772992778242
1248269583238168577
1248280989270454273
1248283701752016896
1248243024980660225
1248270000735039489
1248306237478928384
1248306925340680192
1248238101052493826
1248270272819605504
1248241064319823877
1248270175314599937
1248241089431166981
1248270091722067968
1248245241330544640
1248269862318858241
1248274927037317121
1248308517682974721
1248989804894785538
1249007658549510145
1248304317859278849
1248344505394376704
1248970304409518081
1249007501271609344
1248298201393790982
1248494624072589314
1248231008715132930
1248269234288955394
1248230200590110722
1248228283809968128
1248314475956113412
1248248578876661763
1248252529554665473
1248305040885977089
1248275956223090689
1248275865240326156
1248349603075932169
1248227066463621122
1248227111220973569
1248228855711752194
1248230971104780289
1248227491094966274
1248227756749606913
1248227862911635456
1248241721818976256
1248270355237605377
1248234052383113216
1248234985737289728
1248241423369089026
1248246207287160832
1248251890531315712
1248305941117886464
1248260464196362242
1248234418717822976
1248275704904638464
1248506551733596161
1248287698458226689
1248239246772776960
1248244419339247618
1253857519115665408
1248227257438658560
1248228690636550144
1248229174801825792
1248229991168557057
1248229956527800320
1248267833416581121
1248254028913561601
1248297552472137729
1248227545130156032
1248263132604227584
1248288758572728322
1248831015340126208
1248852298421473295
1248234817726099456
1248244909842116608
1248291208620843019
1248254063436795904
1248284887825764353
1248227268188688387
1248227548158472196
1248231130844848128
1248259414219522048
1248262002138664964
1248453991291211779
1248232245141225472
1248240356724027393
1248245810661191681
1248256304206012417
1248273196199161858
1248333079225262080
1248387818541338624
1248434313416200197
1248628069662732288
1250170915930988552
1248232681093173248
1248242464684679168
1248244583038734336
1248272523462086657
1248249282739597319
1248233886410301440
1248262376576688131
1248325652169834499
1248330638257786882
1248337475971567620
1248398920700448769
1254103747422232576
1248230184823795712
1248246663602262016
1248240660454543360
1248248287129292806
1248248171072872448
1248284482769227778
1248288934729256962
1248297993608069122
1248346018544062466
1248346363684847617
1248539540261871617
1248254615013019649
1248324354523508738
1248373610424614914
1248373731396730887
1248413624416141312
1248272078559723525
1248312331060350977
1248314013328515072
1248322938316689408
1248326581099036673
1248363197150756865
1248365345813004291
1248444595207376897
1249056440955830273
1249398323309686788
1249620345734250496
1249684529763225600
1249913435611152385
1248456454358437888
1248477870982180864
1248566973979668480
1248597238055567361
1248696639990181894
1248876219204014080
1248227744539987969
1248252544037552128
1248255625907372033
1248532610822877184
1248533251179847681
1248537123403202560
1248240809918545920
1248272625543118851
1248244621408227329
1248245088267800577
1248256323113934848
1248257510387191808
1248274225489760257
1248274540196757504
1251512142173540358
1251512432092221442
1248227599110877184
1248227674868330496
1248227929785602054
1248242655261339648
1248259539893473282
1249321998720872449
1250187528885407744
1248234966686851072
1248237569063649280
1248239304767344640
1248246874311548931
1248250765077958656
1248348230146035720
1248362866786385928
1248256751503396864
1248247413573214210
1248294425882767360
1248606560315637760
1248986338357018630
1248990577598836737
1249641506119520258
1249642042961145856
1249643092531187713
1249950816687067136
1249952310043783170
1250521544364888069
1248227500251066368
1248228095649361923
1248247115739852802
1248710056868286467
1248711839208411138
1248239433230548993
1248227772146778114
1248295232296411136
1248295433438474242
1248308823812694016
1251263203373449222
1248270451438227462
1248253467803729926
1248338182451736578
1248359791677837313
1251133766317281281
1248288704214568962
1248314638615404544
1248671929990610950
1248229669314473986
1248231045343989760
1248253013451517954
1248227174005583872
1248227221191393280
1248227227986206722
1248227239705169920
1248227295594192897
1248227878778687488
1248227892292509704
1249239767843299328
1249240868344737798
1249264034744057856
1249403603716116480
1249265742224261122
1249387989131722754
1249476607997292544
1249407387615838212
1249407623134416897
1248230418073206786
1248230486813663238
1248230535987691520
1248230671451074560
1248231589223583748
1248235085540753409
1248236217117925379
1248236682585006083
1248238259932737537
1248239181685538816
1248243137715122176
1248244061909049344
1248244919493255169
1248246472107122693
1248248598174654464
1248249781568147458
1248250299166277633
1248255286705618945
1248260052101804032
1248265105172725760
1248266220098519040
1248269482700812293
1248275715885273090
1248276395379351555
1248302681602441216
1248317780094566408
1248232895937949696
1248284571671629831
1248329391962284032
1248332438629224448
1248337017882247168
1248341102945501190
1248398845412659201
1248426838117900292
1248442597892395008
1248445168585527298
1248462918380711939
1248471041623482374
1248494926729367552
1248544240893820929
1248546893145260033
1248582074082234371
1248620972543889408
1248633196008407042
1248637647985221635
1248659987473326081
1248692892236996608
1248724317531242499
1248762351643504640
1248879539410931712
1248933657357815809
1249367653589843971
1249443441068695553
1250679837666291713
1251511660940013569
1252088930423508993
1252191224347463681
1248227183073656832
1248227232583159811
1248227244901830657
1248227286312194052
1248227344260661249
1250560234168504326
##1251099160775921665##
1251099160775921665
1251099897379598336
1251100049549021184
1251100068343676930
1251100551103873024
1251101297941635072
1251102634339074048
1251102745182048256
1251103008747933697
1251103062384615425
1251103955523960833
1251104928011030528
1251127261522276352
1251652327255216131
1251136969314373634
1251150307028959232
##1251285358806958080##
1251281643261788162
1251285358806958080
1251284177653202946
1251285730757955585
1251286649327226882
1251303708073304065
1251304631927439370
1251307378848530432
1251376769812357120
1251326898665402368
##1251637495227396099##
1251637289928798212
1251637369364779015
1251637602656157696
1251637549950480389
1251637435743772672
1251637495227396099
1251637805303975937
1251637734755700739
1251637666095005696
1252859868551065601
##1253090574682533888##
1252724446433075206
1252727297960001536
1252746857161293824
1252879160969621505
1253085265259892737
1252739601271308288
1252750471380512777
1252752151853633537
1253090574682533888
1253094025785159680
1253095993077309440
##1253153535199522816##
1253109739795427332
1253113097713319936
1253122679101706240
1253123596530200579
1253123958142050305
1253137125446504450
1253123079951257601
1253122989849227264
1253128762264354820
1253129529079496706
1253129898413248513
1253132556398145538
1253347386904260608
1253396510915559425
1253153535199522816
1253153961890234381
1253199725584691200
1253130052956491776
1253131850807214081
1253131995305181184
1253140031394533377
1253142301981003776
1253110686516949000
1253114866115776517
1253121234474336256
1253175554259529728
1253331592673554433
1253111757184393218
1253151884812173316
##1254175712694714375##
1254091039427776512
1254139391024549889
1254177511803686917
1254108479167569923
1254112602336251905
1254091961331523591
1254158926909788164
1254217130544857091
1254091232491511808
1254092131569991681
1254092959496187906
1254107901565833218
1254230724158328832
1254100263973027848
1254100303298912256
1254102254656860160
1254113548344721408
1254162892762513414
1254175712694714375
1254208732579467265
1254591536693751808
1254592512548798465
1254227064569421825
1254265295251922945
1254401493861531648
1254098948752621580
1254144278592466948
1254172237873188864
1254160909313998848
1254116384893698058
1254140060536053766
1254144013176901632
1254101748207190017
1254094057179099139
1254139015575605249
1254104897957646336
1254283667091992576
1254592725082607619
1254162992964538373
1254102804760866818
1254115243380350977
1254146734411972608
1254091239634452481
1254106136183296000
1254118734341472256
1254160399638892547
##1232112452499918853##
1232112452499918853
1232112670008102913
1232112829261647872
1232112932147924994
1232113295450046464
1232113397199777792
1232113485741469697
1232113713899036672
1232113821159952384
1232114000755904514
1232124675754528769
1232125335828865024
1232125901124624386
1232126688756224000
1232126221430947840
1232309354579320833
1232310446939443201
1232310754734247937
1232311631927021568
1232311948278214656
##1233039759855030273##
1233039759855030273
1233039903933575168
1233040011374792704
1233040169730748419
1233040474065252354
1233040567715684354
1233040661361942529
1233040748691566605
1233040834288852992
1233040927729573890
1233041009677918208
1233041087616487424
1233041159884353536
1233041239353831427
1233041352209858564
1233041439774400512
1233041518727966720
1233041604686028804
1233041696591663104
1233041759434874880
1233041876342755330
1233041950791655427
1233042034962903049
1233042106349969410
1233042175438606336
1233042251611299840
1233042313057796097
1233042369802645504
1233042432805175296
1233042495682076672
1233042581115854848
1233042670265696259
1233042730982498304
1233042763412856834
##1233040011374792704##
1233039759855030273
1233039903933575168
1233040011374792704
1233040169730748419
1233040474065252354
1233040567715684354
1233040661361942529
1233040748691566605
1233040834288852992
1233040927729573890
1233041009677918208
1233041087616487424
1233041159884353536
1233041239353831427
1233041352209858564
1233041439774400512
1233041518727966720
1233041604686028804
1233041696591663104
1233041759434874880
1233041876342755330
1233041950791655427
1233042034962903049
1233042106349969410
1233042175438606336
1233042251611299840
1233042313057796097
1233042369802645504
1233042432805175296
1233042495682076672
1233042581115854848
1233042670265696259
1233042730982498304
1233042763412856834
##1235326476666499072##
1235312529787801608
1235326476666499072
1235313279993597953
1235327643475685379
1235458087584231436
##1236366485926432775##
1236364772280541185
1236366485926432775
1236366668135378945
1236510777223393282
##1236376480298475521##
1236365120168747011
1236365910337871877
1236375421475868673
1236376480298475521
1236382678229934083
##1236720573750882306##
1236719907271835648
1236720039052611590
1236720183751970821
1236720320511389701
1236720573750882306
1236720737324580865
1236720865783558147
##1236768040139833344##
1236768040139833344
1236768735517650947
1236769036689649664
1236769260661334032
1236770168593940482
1236771079345053697
1236771222622474246
1236771680892182530
1236772297622597634
1236772596802359296
1236773183778254848
1236773714857013248
1236774299551358976
1236774666766860289
1236774872371658753
1236776109523558402
1236776715323674624
1236777469434310658
1236777873324888065
1236770235719585792
1236770587994992642
1236770435519430656
1236792010851463170
##1237011354776670209##
1237011354776670209
1237011384371752960
1237011414746902528
1237011418635014144
##1238244429045129216##
1238225814593961987
1238228484914372608
1238230071879573504
1238231631548350465
1238341635454521345
1238303791092555777
1238235603520667648
1238304325644038144
1238228564731977736
1238234410769621001
1238236855193174016
1238299111700471808
1238227217236328454
1238226427625037826
1238226833440681985
1238233258317557763
1238227333829611527
1238227606509666304
1238227971435040774
1238228390777368577
1238228560986419200
1238229264660496384
1238242783703556099
1238256815953137669
1238252777475903488
1238249481700859905
1238434081559494656
1238233423132712960
1238235829673353216
1238230812459483137
1238230350318505986
1238235715865128960
1238237384795459585
1238244429045129216
1238263899671199744
1238273177480019969
1238296884265062400
1238299660990722048
1238393959698792448
1238401251617968130
1238470557361987584
1238227093034545152
1238338583045582849
1238226391319097345
1238395166370811905
1238226873882198016
1238235306895101953
1238241413197893633
1238244140745396225
1238299529151160321
1238341431862931456
1238376559989440512
1238443109014556672
1239142993417863168
##1239336067817517056##
1239336067817517056
1239340663361110017
