##1231678218178043905##
1231672746641326081
1231678218178043905
1231679525546840065
1231682897867874304
1231683244195749888
##1230626530499448834##
1230626530499448834
1230657795780902912
1230801454857904129
1230801505286082560
1230821351147102208
1230634507591655424
1230646292478644228
1230820315573506048
1230918383220264961
1230658054078783489
1230768833264111618
1230800652512768000
##1230635003886915584##
1230635003886915584
1230726651866042368
1230823219436888064
1230642588773994498
1230656558004088832
1230818998910148610
1230984208421703680
1231628050456072192
1230784650521563138
1230912992792977410
1230788044434919426
1230770664300171266
1230861508227354630
1230787808887001091
1230797763098615810
1230800470144430082
1230648728140288002
1230858651843387392
1230638731838791682
1230731923640573953
1230895213067018245
##1230866262265356290##
1230865583039766528
1230865711196770308
1230865871029121024
1230865899223232512
1230866082279362563
1230866364694515713
1230866387213660161
1230867269644881923
1230867338989359105
1230867479855091715
1230867716526964748
1230868821013127168
1230870119066284033
1230879835939115012
1230888528072105984
1230923161874632704
1230945171438743553
1230953364441137152
1230968852864999424
1230971007583866881
1231098288008581120
1231103791199641601
1230866262265356290
1230868084728176645
1230867019895013378
1230868518691885056
1230907469938987009
1230968177364013058
1230865753408229377
1230871536975962112
1230990633411715072
1231061087791075330
1231127629325053952
##1230901611201024009##
1230901611201024009
1230912764618604544
1230922960048992257
##1231691626151583745##
1231684353257811968
1231689948455227394
1231690704704942080
1231691626151583745
1231695385367851008
1231695919789301760
1231691227613011968
